x	y	z	contour type	frameID	weight	time frame
-36.04595	-22.05874	-28.10286	SAX_RV_FREEWALL	2	1.0	20
-37.74252	-20.95398	-30.50886	SAX_RV_FREEWALL	2	1.0	20
-39.97021	-20.95398	-32.22571	SAX_RV_FREEWALL	2	1.0	20
-42.19789	-20.95398	-33.94256	SAX_RV_FREEWALL	2	1.0	20
-44.42558	-20.95398	-35.65940	SAX_RV_FREEWALL	2	1.0	20
-46.65327	-20.95399	-37.37625	SAX_RV_FREEWALL	2	1.0	20
-48.88096	-20.95399	-39.09309	SAX_RV_FREEWALL	2	1.0	20
-51.10865	-20.95399	-40.80994	SAX_RV_FREEWALL	2	1.0	20
-53.33634	-20.95399	-42.52678	SAX_RV_FREEWALL	2	1.0	20
-55.56402	-20.95399	-44.24363	SAX_RV_FREEWALL	2	1.0	20
-57.26059	-19.84923	-46.64963	SAX_RV_FREEWALL	2	1.0	20
-59.48828	-19.84923	-48.36648	SAX_RV_FREEWALL	2	1.0	20
-61.18485	-18.74446	-50.77248	SAX_RV_FREEWALL	2	1.0	20
-62.88142	-17.63970	-53.17848	SAX_RV_FREEWALL	2	1.0	20
-64.57798	-16.53493	-55.58448	SAX_RV_FREEWALL	2	1.0	20
-66.27455	-15.43017	-57.99049	SAX_RV_FREEWALL	2	1.0	20
-67.44000	-13.22063	-61.08565	SAX_RV_FREEWALL	2	1.0	20
-69.13656	-12.11587	-63.49165	SAX_RV_FREEWALL	2	1.0	20
-69.18817	-9.90633	-65.72838	SAX_RV_FREEWALL	2	1.0	20
-69.23977	-7.69679	-67.96512	SAX_RV_FREEWALL	2	1.0	20
-69.29137	-5.48726	-70.20186	SAX_RV_FREEWALL	2	1.0	20
-68.22913	-3.27772	-71.58017	SAX_RV_FREEWALL	2	1.0	20
-67.16689	-1.06819	-72.95848	SAX_RV_FREEWALL	2	1.0	20
-66.10465	1.14135	-74.33680	SAX_RV_FREEWALL	2	1.0	20
-63.92856	3.35089	-74.85669	SAX_RV_FREEWALL	2	1.0	20
-61.75247	5.56043	-75.37658	SAX_RV_FREEWALL	2	1.0	20
-59.57639	7.76996	-75.89647	SAX_RV_FREEWALL	2	1.0	20
-57.40030	9.97950	-76.41636	SAX_RV_FREEWALL	2	1.0	20
-54.11037	12.18904	-76.07783	SAX_RV_FREEWALL	2	1.0	20
-50.82044	14.39858	-75.73929	SAX_RV_FREEWALL	2	1.0	20
-47.53051	16.60812	-75.40076	SAX_RV_FREEWALL	2	1.0	20
-44.77170	17.71289	-74.37307	SAX_RV_FREEWALL	2	1.0	20
-41.48177	19.92243	-74.03454	SAX_RV_FREEWALL	2	1.0	20
-38.72296	21.02720	-73.00685	SAX_RV_FREEWALL	2	1.0	20
-35.96415	22.13197	-71.97916	SAX_RV_FREEWALL	2	1.0	20
-33.73646	22.13197	-70.26232	SAX_RV_FREEWALL	2	1.0	20
-30.97765	23.23674	-69.23463	SAX_RV_FREEWALL	2	1.0	20
-28.74997	23.23674	-67.51778	SAX_RV_FREEWALL	2	1.0	20
-27.05340	22.13198	-65.11178	SAX_RV_FREEWALL	2	1.0	20
13.61262	-2.17287	-9.60446	SAX_RV_FREEWALL	2	1.0	20
12.55038	-4.38241	-8.22615	SAX_RV_FREEWALL	2	1.0	20
10.37429	-6.59195	-7.70626	SAX_RV_FREEWALL	2	1.0	20
10.42589	-8.80148	-5.46952	SAX_RV_FREEWALL	2	1.0	20
7.13596	-11.01102	-5.80805	SAX_RV_FREEWALL	2	1.0	20
3.84603	-13.22056	-6.14659	SAX_RV_FREEWALL	2	1.0	20
1.08722	-14.32533	-7.17427	SAX_RV_FREEWALL	2	1.0	20
-1.67159	-15.43010	-8.20196	SAX_RV_FREEWALL	2	1.0	20
-4.96152	-17.63964	-8.54050	SAX_RV_FREEWALL	2	1.0	20
-7.18920	-17.63964	-10.25734	SAX_RV_FREEWALL	2	1.0	20
-9.94801	-18.74441	-11.28503	SAX_RV_FREEWALL	2	1.0	20
-12.17570	-18.74442	-13.00188	SAX_RV_FREEWALL	2	1.0	20
-14.93451	-19.84919	-14.02956	SAX_RV_FREEWALL	2	1.0	20
-17.16220	-19.84919	-15.74641	SAX_RV_FREEWALL	2	1.0	20
-19.92101	-20.95396	-16.77410	SAX_RV_FREEWALL	2	1.0	20
-22.14870	-20.95396	-18.49094	SAX_RV_FREEWALL	2	1.0	20
-24.90751	-22.05873	-19.51863	SAX_RV_FREEWALL	2	1.0	20
-27.13520	-22.05873	-21.23548	SAX_RV_FREEWALL	2	1.0	20
-29.36288	-22.05874	-22.95232	SAX_RV_FREEWALL	2	1.0	20
-31.59057	-22.05874	-24.66917	SAX_RV_FREEWALL	2	1.0	20
-33.81826	-22.05874	-26.38602	SAX_RV_FREEWALL	2	1.0	20
-49.36048	-24.26829	-36.16720	SAX_RV_EPICARDIAL	2	1.0	20
-51.05705	-23.16353	-38.57320	SAX_RV_EPICARDIAL	2	1.0	20
-53.28473	-23.16353	-40.29005	SAX_RV_EPICARDIAL	2	1.0	20
-55.51242	-23.16353	-42.00689	SAX_RV_EPICARDIAL	2	1.0	20
-57.74011	-23.16353	-43.72374	SAX_RV_EPICARDIAL	2	1.0	20
-59.43668	-22.05877	-46.12974	SAX_RV_EPICARDIAL	2	1.0	20
-61.66437	-22.05877	-47.84659	SAX_RV_EPICARDIAL	2	1.0	20
-63.36093	-20.95400	-50.25259	SAX_RV_EPICARDIAL	2	1.0	20
-65.58862	-20.95400	-51.96943	SAX_RV_EPICARDIAL	2	1.0	20
-66.75407	-18.74447	-55.06459	SAX_RV_EPICARDIAL	2	1.0	20
-68.45064	-17.63970	-57.47060	SAX_RV_EPICARDIAL	2	1.0	20
-69.61608	-15.43017	-60.56575	SAX_RV_EPICARDIAL	2	1.0	20
-70.78153	-13.22064	-63.66091	SAX_RV_EPICARDIAL	2	1.0	20
-71.36425	-12.11587	-65.20849	SAX_RV_EPICARDIAL	2	1.0	20
-71.41586	-9.90633	-67.44523	SAX_RV_EPICARDIAL	2	1.0	20
-71.46746	-7.69680	-69.68197	SAX_RV_EPICARDIAL	2	1.0	20
-71.51906	-5.48726	-71.91870	SAX_RV_EPICARDIAL	2	1.0	20
-70.45682	-3.27772	-73.29702	SAX_RV_EPICARDIAL	2	1.0	20
-68.28073	-1.06819	-73.81691	SAX_RV_EPICARDIAL	2	1.0	20
-67.21849	1.14135	-75.19522	SAX_RV_EPICARDIAL	2	1.0	20
-66.15625	3.35089	-76.57353	SAX_RV_EPICARDIAL	2	1.0	20
-63.98016	5.56042	-77.09342	SAX_RV_EPICARDIAL	2	1.0	20
-61.80408	7.76996	-77.61331	SAX_RV_EPICARDIAL	2	1.0	20
-59.62799	9.97950	-78.13320	SAX_RV_EPICARDIAL	2	1.0	20
-57.45190	12.18904	-78.65310	SAX_RV_EPICARDIAL	2	1.0	20
-54.16197	14.39858	-78.31456	SAX_RV_EPICARDIAL	2	1.0	20
-51.98589	16.60811	-78.83445	SAX_RV_EPICARDIAL	2	1.0	20
-48.69596	18.81765	-78.49592	SAX_RV_EPICARDIAL	2	1.0	20
-45.93715	19.92242	-77.46823	SAX_RV_EPICARDIAL	2	1.0	20
-43.17834	21.02719	-76.44054	SAX_RV_EPICARDIAL	2	1.0	20
-39.88841	23.23673	-76.10201	SAX_RV_EPICARDIAL	2	1.0	20
-37.66072	23.23673	-74.38517	SAX_RV_EPICARDIAL	2	1.0	20
-34.90191	24.34150	-73.35748	SAX_RV_EPICARDIAL	2	1.0	20
-32.14310	25.44627	-72.32979	SAX_RV_EPICARDIAL	2	1.0	20
-29.91541	25.44628	-70.61294	SAX_RV_EPICARDIAL	2	1.0	20
-27.68772	25.44628	-68.89610	SAX_RV_EPICARDIAL	2	1.0	20
-25.46004	25.44628	-67.17925	SAX_RV_EPICARDIAL	2	1.0	20
-23.76347	24.34152	-64.77325	SAX_RV_EPICARDIAL	2	1.0	20
-24.24299	21.02721	-61.84736	SAX_RV_EPICARDIAL	2	1.0	20
13.13310	-5.48718	-6.67857	SAX_RV_EPICARDIAL	2	1.0	20
13.71582	-6.59194	-5.13099	SAX_RV_EPICARDIAL	2	1.0	20
13.76743	-8.80148	-2.89425	SAX_RV_EPICARDIAL	2	1.0	20
11.59134	-11.01102	-2.37436	SAX_RV_EPICARDIAL	2	1.0	20
8.30141	-13.22056	-2.71289	SAX_RV_EPICARDIAL	2	1.0	20
5.01148	-15.43010	-3.05143	SAX_RV_EPICARDIAL	2	1.0	20
2.25267	-16.53487	-4.07912	SAX_RV_EPICARDIAL	2	1.0	20
-0.50614	-17.63964	-5.10680	SAX_RV_EPICARDIAL	2	1.0	20
-3.26495	-18.74441	-6.13449	SAX_RV_EPICARDIAL	2	1.0	20
-6.02376	-19.84918	-7.16218	SAX_RV_EPICARDIAL	2	1.0	20
-8.78257	-20.95395	-8.18987	SAX_RV_EPICARDIAL	2	1.0	20
-11.01026	-20.95395	-9.90672	SAX_RV_EPICARDIAL	2	1.0	20
-13.76906	-22.05872	-10.93441	SAX_RV_EPICARDIAL	2	1.0	20
-15.99675	-22.05872	-12.65125	SAX_RV_EPICARDIAL	2	1.0	20
-18.22444	-22.05872	-14.36810	SAX_RV_EPICARDIAL	2	1.0	20
-20.98325	-23.16350	-15.39579	SAX_RV_EPICARDIAL	2	1.0	20
-23.21094	-23.16350	-17.11263	SAX_RV_EPICARDIAL	2	1.0	20
-25.96975	-24.26827	-18.14032	SAX_RV_EPICARDIAL	2	1.0	20
-28.19744	-24.26827	-19.85717	SAX_RV_EPICARDIAL	2	1.0	20
-30.42513	-24.26827	-21.57401	SAX_RV_EPICARDIAL	2	1.0	20
-32.65281	-24.26827	-23.29086	SAX_RV_EPICARDIAL	2	1.0	20
-34.88050	-24.26828	-25.00770	SAX_RV_EPICARDIAL	2	1.0	20
-37.10819	-24.26828	-26.72455	SAX_RV_EPICARDIAL	2	1.0	20
-39.33588	-24.26828	-28.44139	SAX_RV_EPICARDIAL	2	1.0	20
-41.56357	-24.26828	-30.15824	SAX_RV_EPICARDIAL	2	1.0	20
-43.79126	-24.26829	-31.87508	SAX_RV_EPICARDIAL	2	1.0	20
-46.01894	-24.26829	-33.59193	SAX_RV_EPICARDIAL	2	1.0	20
-48.24663	-24.26829	-35.30878	SAX_RV_EPICARDIAL	2	1.0	20
-25.35683	21.02721	-62.70578	SAX_RV_SEPTUM	2	1.0	20
-24.77411	19.92244	-61.15820	SAX_RV_SEPTUM	2	1.0	20
-24.72251	17.71291	-58.92146	SAX_RV_SEPTUM	2	1.0	20
-24.67090	15.50337	-56.68473	SAX_RV_SEPTUM	2	1.0	20
-24.61930	13.29384	-54.44799	SAX_RV_SEPTUM	2	1.0	20
-25.68154	11.08430	-53.06968	SAX_RV_SEPTUM	2	1.0	20
-25.62994	8.87476	-50.83294	SAX_RV_SEPTUM	2	1.0	20
-24.46449	6.66523	-47.73778	SAX_RV_SEPTUM	2	1.0	20
-24.41289	4.45570	-45.50105	SAX_RV_SEPTUM	2	1.0	20
-23.24744	2.24616	-42.40589	SAX_RV_SEPTUM	2	1.0	20
-23.19584	0.03663	-40.16915	SAX_RV_SEPTUM	2	1.0	20
-22.03040	-2.17291	-37.07399	SAX_RV_SEPTUM	2	1.0	20
-20.86495	-4.38244	-33.97883	SAX_RV_SEPTUM	2	1.0	20
-19.69950	-6.59198	-30.88367	SAX_RV_SEPTUM	2	1.0	20
-18.00294	-7.69674	-28.47767	SAX_RV_SEPTUM	2	1.0	20
-15.77525	-7.69674	-26.76083	SAX_RV_SEPTUM	2	1.0	20
-14.07868	-8.80151	-24.35482	SAX_RV_SEPTUM	2	1.0	20
-11.31987	-7.69674	-23.32713	SAX_RV_SEPTUM	2	1.0	20
-9.09218	-7.69673	-21.61029	SAX_RV_SEPTUM	2	1.0	20
-6.33337	-6.59196	-20.58260	SAX_RV_SEPTUM	2	1.0	20
-4.10568	-6.59196	-18.86575	SAX_RV_SEPTUM	2	1.0	20
-1.34687	-5.48719	-17.83806	SAX_RV_SEPTUM	2	1.0	20
1.41194	-4.38242	-16.81038	SAX_RV_SEPTUM	2	1.0	20
4.17074	-3.27765	-15.78269	SAX_RV_SEPTUM	2	1.0	20
6.92955	-2.17288	-14.75500	SAX_RV_SEPTUM	2	1.0	20
10.21948	0.03666	-14.41647	SAX_RV_SEPTUM	2	1.0	20
12.97829	1.14143	-13.38878	SAX_RV_SEPTUM	2	1.0	20
13.56102	0.03666	-11.84120	SAX_RV_SEPTUM	2	1.0	20
-21.53578	24.34152	-63.05640	SAX_LV_EPICARDIAL	2	1.0	20
-20.47354	26.55105	-64.43472	SAX_LV_EPICARDIAL	2	1.0	20
-19.41130	28.76059	-65.81303	SAX_LV_EPICARDIAL	2	1.0	20
-17.23521	30.97013	-66.33292	SAX_LV_EPICARDIAL	2	1.0	20
-15.05912	33.17967	-66.85281	SAX_LV_EPICARDIAL	2	1.0	20
-13.99688	35.38920	-68.23113	SAX_LV_EPICARDIAL	2	1.0	20
-11.82080	37.59874	-68.75102	SAX_LV_EPICARDIAL	2	1.0	20
-8.53087	39.80828	-68.41248	SAX_LV_EPICARDIAL	2	1.0	20
-5.24094	42.01782	-68.07395	SAX_LV_EPICARDIAL	2	1.0	20
-1.95100	44.22736	-67.73542	SAX_LV_EPICARDIAL	2	1.0	20
0.80780	45.33213	-66.70773	SAX_LV_EPICARDIAL	2	1.0	20
3.56661	46.43690	-65.68004	SAX_LV_EPICARDIAL	2	1.0	20
6.32542	47.54167	-64.65235	SAX_LV_EPICARDIAL	2	1.0	20
9.08423	48.64644	-63.62466	SAX_LV_EPICARDIAL	2	1.0	20
11.84304	49.75121	-62.59697	SAX_LV_EPICARDIAL	2	1.0	20
14.07073	49.75121	-60.88013	SAX_LV_EPICARDIAL	2	1.0	20
16.82954	50.85598	-59.85244	SAX_LV_EPICARDIAL	2	1.0	20
19.05723	50.85598	-58.13559	SAX_LV_EPICARDIAL	2	1.0	20
21.28492	50.85599	-56.41875	SAX_LV_EPICARDIAL	2	1.0	20
23.51261	50.85599	-54.70190	SAX_LV_EPICARDIAL	2	1.0	20
25.20917	49.75122	-52.29590	SAX_LV_EPICARDIAL	2	1.0	20
27.43686	49.75122	-50.57906	SAX_LV_EPICARDIAL	2	1.0	20
29.66455	49.75123	-48.86221	SAX_LV_EPICARDIAL	2	1.0	20
31.36112	48.64646	-46.45621	SAX_LV_EPICARDIAL	2	1.0	20
33.05768	47.54169	-44.05020	SAX_LV_EPICARDIAL	2	1.0	20
34.22313	45.33216	-40.95505	SAX_LV_EPICARDIAL	2	1.0	20
35.91970	44.22739	-38.54904	SAX_LV_EPICARDIAL	2	1.0	20
37.08515	42.01786	-35.45388	SAX_LV_EPICARDIAL	2	1.0	20
38.25059	39.80833	-32.35873	SAX_LV_EPICARDIAL	2	1.0	20
38.30219	37.59879	-30.12199	SAX_LV_EPICARDIAL	2	1.0	20
39.46764	35.38926	-27.02683	SAX_LV_EPICARDIAL	2	1.0	20
39.51924	33.17972	-24.79009	SAX_LV_EPICARDIAL	2	1.0	20
39.57085	30.97018	-22.55336	SAX_LV_EPICARDIAL	2	1.0	20
38.50860	28.76065	-21.17504	SAX_LV_EPICARDIAL	2	1.0	20
38.56021	26.55111	-18.93831	SAX_LV_EPICARDIAL	2	1.0	20
37.49796	24.34158	-17.55999	SAX_LV_EPICARDIAL	2	1.0	20
36.43572	22.13204	-16.18168	SAX_LV_EPICARDIAL	2	1.0	20
35.37348	19.92250	-14.80337	SAX_LV_EPICARDIAL	2	1.0	20
33.19739	17.71297	-14.28348	SAX_LV_EPICARDIAL	2	1.0	20
32.13515	15.50343	-12.90516	SAX_LV_EPICARDIAL	2	1.0	20
29.95907	13.29389	-12.38527	SAX_LV_EPICARDIAL	2	1.0	20
27.78298	11.08435	-11.86538	SAX_LV_EPICARDIAL	2	1.0	20
25.60689	8.87482	-11.34549	SAX_LV_EPICARDIAL	2	1.0	20
22.31696	6.66528	-11.68402	SAX_LV_EPICARDIAL	2	1.0	20
19.02703	4.45574	-12.02256	SAX_LV_EPICARDIAL	2	1.0	20
-13.75397	1.14140	-33.99092	SAX_LV_ENDOCARDIAL	2	1.0	20
-15.45054	2.24617	-36.39693	SAX_LV_ENDOCARDIAL	2	1.0	20
-16.61598	4.45570	-39.49209	SAX_LV_ENDOCARDIAL	2	1.0	20
-17.78143	6.66524	-42.58724	SAX_LV_ENDOCARDIAL	2	1.0	20
-17.83303	8.87477	-44.82398	SAX_LV_ENDOCARDIAL	2	1.0	20
-17.88463	11.08431	-47.06072	SAX_LV_ENDOCARDIAL	2	1.0	20
-17.93624	13.29384	-49.29745	SAX_LV_ENDOCARDIAL	2	1.0	20
-16.87399	15.50338	-50.67577	SAX_LV_ENDOCARDIAL	2	1.0	20
-16.92560	17.71292	-52.91250	SAX_LV_ENDOCARDIAL	2	1.0	20
-15.86335	19.92245	-54.29082	SAX_LV_ENDOCARDIAL	2	1.0	20
-15.91496	22.13199	-56.52755	SAX_LV_ENDOCARDIAL	2	1.0	20
-14.85271	24.34152	-57.90587	SAX_LV_ENDOCARDIAL	2	1.0	20
-13.79047	26.55106	-59.28418	SAX_LV_ENDOCARDIAL	2	1.0	20
-11.61439	28.76060	-59.80407	SAX_LV_ENDOCARDIAL	2	1.0	20
-10.55214	30.97013	-61.18238	SAX_LV_ENDOCARDIAL	2	1.0	20
-7.26221	33.17967	-60.84385	SAX_LV_ENDOCARDIAL	2	1.0	20
-5.08613	35.38921	-61.36374	SAX_LV_ENDOCARDIAL	2	1.0	20
-1.79620	37.59875	-61.02521	SAX_LV_ENDOCARDIAL	2	1.0	20
0.96261	38.70352	-59.99752	SAX_LV_ENDOCARDIAL	2	1.0	20
4.25254	40.91306	-59.65899	SAX_LV_ENDOCARDIAL	2	1.0	20
7.01135	42.01783	-58.63130	SAX_LV_ENDOCARDIAL	2	1.0	20
9.23904	42.01783	-56.91445	SAX_LV_ENDOCARDIAL	2	1.0	20
11.99785	43.12260	-55.88677	SAX_LV_ENDOCARDIAL	2	1.0	20
14.75666	44.22737	-54.85908	SAX_LV_ENDOCARDIAL	2	1.0	20
16.98435	44.22738	-53.14223	SAX_LV_ENDOCARDIAL	2	1.0	20
19.21204	44.22738	-51.42539	SAX_LV_ENDOCARDIAL	2	1.0	20
21.43972	44.22738	-49.70854	SAX_LV_ENDOCARDIAL	2	1.0	20
23.13629	43.12261	-47.30254	SAX_LV_ENDOCARDIAL	2	1.0	20
25.36398	43.12262	-45.58569	SAX_LV_ENDOCARDIAL	2	1.0	20
27.06055	42.01785	-43.17969	SAX_LV_ENDOCARDIAL	2	1.0	20
28.75711	40.91308	-40.77369	SAX_LV_ENDOCARDIAL	2	1.0	20
29.92256	38.70355	-37.67853	SAX_LV_ENDOCARDIAL	2	1.0	20
31.08801	36.49402	-34.58337	SAX_LV_ENDOCARDIAL	2	1.0	20
31.13961	34.28448	-32.34663	SAX_LV_ENDOCARDIAL	2	1.0	20
32.30506	32.07495	-29.25147	SAX_LV_ENDOCARDIAL	2	1.0	20
33.47050	29.86541	-26.15631	SAX_LV_ENDOCARDIAL	2	1.0	20
33.52211	27.65588	-23.91958	SAX_LV_ENDOCARDIAL	2	1.0	20
32.45986	25.44634	-22.54127	SAX_LV_ENDOCARDIAL	2	1.0	20
31.39762	23.23680	-21.16295	SAX_LV_ENDOCARDIAL	2	1.0	20
30.33538	21.02727	-19.78464	SAX_LV_ENDOCARDIAL	2	1.0	20
28.15929	18.81773	-19.26475	SAX_LV_ENDOCARDIAL	2	1.0	20
25.98321	16.60819	-18.74486	SAX_LV_ENDOCARDIAL	2	1.0	20
23.80712	14.39865	-18.22497	SAX_LV_ENDOCARDIAL	2	1.0	20
20.51719	12.18911	-18.56350	SAX_LV_ENDOCARDIAL	2	1.0	20
17.75838	11.08434	-19.59119	SAX_LV_ENDOCARDIAL	2	1.0	20
14.99957	9.97957	-20.61888	SAX_LV_ENDOCARDIAL	2	1.0	20
12.24076	8.87480	-21.64657	SAX_LV_ENDOCARDIAL	2	1.0	20
9.48195	7.77003	-22.67425	SAX_LV_ENDOCARDIAL	2	1.0	20
6.19202	5.56049	-23.01279	SAX_LV_ENDOCARDIAL	2	1.0	20
3.43321	4.45572	-24.04048	SAX_LV_ENDOCARDIAL	2	1.0	20
0.67440	3.35095	-25.06816	SAX_LV_ENDOCARDIAL	2	1.0	20
-2.08440	2.24618	-26.09585	SAX_LV_ENDOCARDIAL	2	1.0	20
-4.31209	2.24618	-27.81270	SAX_LV_ENDOCARDIAL	2	1.0	20
-7.07090	1.14141	-28.84039	SAX_LV_ENDOCARDIAL	2	1.0	20
-9.29859	1.14141	-30.55723	SAX_LV_ENDOCARDIAL	2	1.0	20
-11.52628	1.14140	-32.27408	SAX_LV_ENDOCARDIAL	2	1.0	20
13.56102	0.03666	-11.84120	RV_INSERT	2	1.0	20
-25.35683	21.02721	-62.70578	RV_INSERT	2	1.0	20
-46.59551	-28.59119	-58.18352	SAX_RV_FREEWALL	3	1.0	20
-48.29207	-27.48642	-60.58952	SAX_RV_FREEWALL	3	1.0	20
-50.51976	-27.48643	-62.30637	SAX_RV_FREEWALL	3	1.0	20
-52.21633	-26.38166	-64.71237	SAX_RV_FREEWALL	3	1.0	20
-53.91290	-25.27689	-67.11837	SAX_RV_FREEWALL	3	1.0	20
-55.07834	-23.06736	-70.21353	SAX_RV_FREEWALL	3	1.0	20
-56.77491	-21.96259	-72.61954	SAX_RV_FREEWALL	3	1.0	20
-57.94036	-19.75306	-75.71469	SAX_RV_FREEWALL	3	1.0	20
-59.63692	-18.64829	-78.12070	SAX_RV_FREEWALL	3	1.0	20
-59.68853	-16.43876	-80.35743	SAX_RV_FREEWALL	3	1.0	20
-59.74013	-14.22922	-82.59417	SAX_RV_FREEWALL	3	1.0	20
-58.67789	-12.01969	-83.97248	SAX_RV_FREEWALL	3	1.0	20
-57.61565	-9.81015	-85.35080	SAX_RV_FREEWALL	3	1.0	20
-55.43956	-7.60061	-85.87069	SAX_RV_FREEWALL	3	1.0	20
-52.14963	-5.39107	-85.53216	SAX_RV_FREEWALL	3	1.0	20
-48.85970	-3.18153	-85.19362	SAX_RV_FREEWALL	3	1.0	20
-45.56977	-0.97200	-84.85509	SAX_RV_FREEWALL	3	1.0	20
-42.27984	1.23754	-84.51656	SAX_RV_FREEWALL	3	1.0	20
-40.10375	3.44708	-85.03645	SAX_RV_FREEWALL	3	1.0	20
-36.81382	5.65662	-84.69792	SAX_RV_FREEWALL	3	1.0	20
-33.52389	7.86616	-84.35938	SAX_RV_FREEWALL	3	1.0	20
-30.23396	10.07570	-84.02085	SAX_RV_FREEWALL	3	1.0	20
-27.47515	11.18047	-82.99316	SAX_RV_FREEWALL	3	1.0	20
-24.71634	12.28524	-81.96547	SAX_RV_FREEWALL	3	1.0	20
-21.42641	14.49478	-81.62694	SAX_RV_FREEWALL	3	1.0	20
-19.19872	14.49478	-79.91010	SAX_RV_FREEWALL	3	1.0	20
-16.43991	15.59955	-78.88241	SAX_RV_FREEWALL	3	1.0	20
6.61101	-17.54346	-28.16291	SAX_RV_FREEWALL	3	1.0	20
4.38332	-17.54346	-29.87975	SAX_RV_FREEWALL	3	1.0	20
1.62451	-18.64823	-30.90744	SAX_RV_FREEWALL	3	1.0	20
-0.60318	-18.64823	-32.62429	SAX_RV_FREEWALL	3	1.0	20
-3.89311	-20.85777	-32.96282	SAX_RV_FREEWALL	3	1.0	20
-6.65192	-21.96254	-33.99051	SAX_RV_FREEWALL	3	1.0	20
-9.94185	-24.17208	-34.32904	SAX_RV_FREEWALL	3	1.0	20
-12.70066	-25.27685	-35.35673	SAX_RV_FREEWALL	3	1.0	20
-15.45947	-26.38162	-36.38442	SAX_RV_FREEWALL	3	1.0	20
-18.21828	-27.48639	-37.41211	SAX_RV_FREEWALL	3	1.0	20
-20.44597	-27.48640	-39.12895	SAX_RV_FREEWALL	3	1.0	20
-22.67366	-27.48640	-40.84580	SAX_RV_FREEWALL	3	1.0	20
-25.43247	-28.59117	-41.87349	SAX_RV_FREEWALL	3	1.0	20
-27.66015	-28.59117	-43.59033	SAX_RV_FREEWALL	3	1.0	20
-29.88784	-28.59117	-45.30718	SAX_RV_FREEWALL	3	1.0	20
-32.11553	-28.59118	-47.02403	SAX_RV_FREEWALL	3	1.0	20
-34.34322	-28.59118	-48.74087	SAX_RV_FREEWALL	3	1.0	20
-36.57091	-28.59118	-50.45772	SAX_RV_FREEWALL	3	1.0	20
-38.79860	-28.59118	-52.17456	SAX_RV_FREEWALL	3	1.0	20
-41.02628	-28.59118	-53.89141	SAX_RV_FREEWALL	3	1.0	20
-43.25397	-28.59119	-55.60825	SAX_RV_FREEWALL	3	1.0	20
-45.48166	-28.59119	-57.32510	SAX_RV_FREEWALL	3	1.0	20
-38.69539	-33.01025	-47.70109	SAX_RV_EPICARDIAL	3	1.0	20
-40.39196	-31.90549	-50.10709	SAX_RV_EPICARDIAL	3	1.0	20
-42.61965	-31.90549	-51.82394	SAX_RV_EPICARDIAL	3	1.0	20
-44.84734	-31.90549	-53.54078	SAX_RV_EPICARDIAL	3	1.0	20
-47.07502	-31.90549	-55.25763	SAX_RV_EPICARDIAL	3	1.0	20
-48.77159	-30.80073	-57.66363	SAX_RV_EPICARDIAL	3	1.0	20
-50.99928	-30.80073	-59.38048	SAX_RV_EPICARDIAL	3	1.0	20
-52.69585	-29.69596	-61.78648	SAX_RV_EPICARDIAL	3	1.0	20
-54.39242	-28.59120	-64.19248	SAX_RV_EPICARDIAL	3	1.0	20
-56.08898	-27.48643	-66.59848	SAX_RV_EPICARDIAL	3	1.0	20
-57.25443	-25.27690	-69.69364	SAX_RV_EPICARDIAL	3	1.0	20
-58.95100	-24.17213	-72.09965	SAX_RV_EPICARDIAL	3	1.0	20
-60.11644	-21.96260	-75.19480	SAX_RV_EPICARDIAL	3	1.0	20
-61.28189	-19.75306	-78.28996	SAX_RV_EPICARDIAL	3	1.0	20
-62.44734	-17.54353	-81.38512	SAX_RV_EPICARDIAL	3	1.0	20
-62.49894	-15.33399	-83.62186	SAX_RV_EPICARDIAL	3	1.0	20
-61.43670	-13.12446	-85.00017	SAX_RV_EPICARDIAL	3	1.0	20
-60.37446	-10.91492	-86.37849	SAX_RV_EPICARDIAL	3	1.0	20
-59.31221	-8.70538	-87.75680	SAX_RV_EPICARDIAL	3	1.0	20
-57.13613	-6.49585	-88.27669	SAX_RV_EPICARDIAL	3	1.0	20
-53.84620	-4.28631	-87.93816	SAX_RV_EPICARDIAL	3	1.0	20
-51.67011	-2.07677	-88.45805	SAX_RV_EPICARDIAL	3	1.0	20
-48.38018	0.13277	-88.11952	SAX_RV_EPICARDIAL	3	1.0	20
-45.09025	2.34231	-87.78098	SAX_RV_EPICARDIAL	3	1.0	20
-41.80032	4.55185	-87.44245	SAX_RV_EPICARDIAL	3	1.0	20
-38.51039	6.76139	-87.10392	SAX_RV_EPICARDIAL	3	1.0	20
-35.22046	8.97092	-86.76539	SAX_RV_EPICARDIAL	3	1.0	20
-31.93053	11.18046	-86.42685	SAX_RV_EPICARDIAL	3	1.0	20
-29.17172	12.28523	-85.39917	SAX_RV_EPICARDIAL	3	1.0	20
-25.88179	14.49477	-85.06063	SAX_RV_EPICARDIAL	3	1.0	20
-23.12298	15.59954	-84.03294	SAX_RV_EPICARDIAL	3	1.0	20
-20.36417	16.70431	-83.00526	SAX_RV_EPICARDIAL	3	1.0	20
-17.60536	17.80908	-81.97757	SAX_RV_EPICARDIAL	3	1.0	20
-14.84655	18.91385	-80.94988	SAX_RV_EPICARDIAL	3	1.0	20
-12.61886	18.91386	-79.23303	SAX_RV_EPICARDIAL	3	1.0	20
-13.09838	15.59955	-76.30714	SAX_RV_EPICARDIAL	3	1.0	20
9.90094	-15.33392	-27.82438	SAX_RV_EPICARDIAL	3	1.0	20
9.95254	-17.54346	-25.58764	SAX_RV_EPICARDIAL	3	1.0	20
7.19373	-18.64823	-26.61533	SAX_RV_EPICARDIAL	3	1.0	20
4.43492	-19.75300	-27.64302	SAX_RV_EPICARDIAL	3	1.0	20
1.67611	-20.85777	-28.67071	SAX_RV_EPICARDIAL	3	1.0	20
-1.08270	-21.96254	-29.69840	SAX_RV_EPICARDIAL	3	1.0	20
-3.84151	-23.06731	-30.72608	SAX_RV_EPICARDIAL	3	1.0	20
-7.13144	-25.27685	-31.06462	SAX_RV_EPICARDIAL	3	1.0	20
-9.89025	-26.38162	-32.09231	SAX_RV_EPICARDIAL	3	1.0	20
-13.18018	-28.59116	-32.43084	SAX_RV_EPICARDIAL	3	1.0	20
-15.93899	-29.69593	-33.45853	SAX_RV_EPICARDIAL	3	1.0	20
-18.16668	-29.69593	-35.17537	SAX_RV_EPICARDIAL	3	1.0	20
-20.92549	-30.80070	-36.20306	SAX_RV_EPICARDIAL	3	1.0	20
-23.68430	-31.90547	-37.23075	SAX_RV_EPICARDIAL	3	1.0	20
-25.91198	-31.90547	-38.94760	SAX_RV_EPICARDIAL	3	1.0	20
-28.13967	-31.90548	-40.66444	SAX_RV_EPICARDIAL	3	1.0	20
-30.36736	-31.90548	-42.38129	SAX_RV_EPICARDIAL	3	1.0	20
-33.12617	-33.01025	-43.40898	SAX_RV_EPICARDIAL	3	1.0	20
-35.35386	-33.01025	-45.12582	SAX_RV_EPICARDIAL	3	1.0	20
-37.58155	-33.01025	-46.84267	SAX_RV_EPICARDIAL	3	1.0	20
-14.74335	14.49478	-76.47641	SAX_RV_SEPTUM	3	1.0	20
-14.16062	13.39002	-74.92883	SAX_RV_SEPTUM	3	1.0	20
-14.10902	11.18048	-72.69209	SAX_RV_SEPTUM	3	1.0	20
-15.17126	8.97094	-71.31378	SAX_RV_SEPTUM	3	1.0	20
-14.00582	6.76141	-68.21862	SAX_RV_SEPTUM	3	1.0	20
-13.95421	4.55187	-65.98188	SAX_RV_SEPTUM	3	1.0	20
-13.90261	2.34234	-63.74514	SAX_RV_SEPTUM	3	1.0	20
-14.96485	0.13280	-62.36683	SAX_RV_SEPTUM	3	1.0	20
-13.79941	-2.07673	-59.27167	SAX_RV_SEPTUM	3	1.0	20
-13.74780	-4.28627	-57.03494	SAX_RV_SEPTUM	3	1.0	20
-12.58236	-6.49580	-53.93978	SAX_RV_SEPTUM	3	1.0	20
-11.41691	-8.70534	-50.84462	SAX_RV_SEPTUM	3	1.0	20
-10.25147	-10.91487	-47.74946	SAX_RV_SEPTUM	3	1.0	20
-8.55490	-12.01964	-45.34346	SAX_RV_SEPTUM	3	1.0	20
-6.85833	-13.12440	-42.93745	SAX_RV_SEPTUM	3	1.0	20
-4.63064	-13.12440	-41.22061	SAX_RV_SEPTUM	3	1.0	20
-2.93407	-14.22917	-38.81461	SAX_RV_SEPTUM	3	1.0	20
-0.70639	-14.22916	-37.09776	SAX_RV_SEPTUM	3	1.0	20
0.99018	-15.33393	-34.69176	SAX_RV_SEPTUM	3	1.0	20
3.21787	-15.33393	-32.97491	SAX_RV_SEPTUM	3	1.0	20
5.44556	-15.33393	-31.25807	SAX_RV_SEPTUM	3	1.0	20
7.67325	-15.33392	-29.54122	SAX_RV_SEPTUM	3	1.0	20
9.90094	-15.33392	-27.82438	SAX_RV_SEPTUM	3	1.0	20
-10.92230	17.80909	-76.82703	SAX_LV_EPICARDIAL	3	1.0	20
-9.86005	20.01863	-78.20534	SAX_LV_EPICARDIAL	3	1.0	20
-7.68397	22.22816	-78.72523	SAX_LV_EPICARDIAL	3	1.0	20
-5.50788	24.43770	-79.24512	SAX_LV_EPICARDIAL	3	1.0	20
-3.33180	26.64724	-79.76502	SAX_LV_EPICARDIAL	3	1.0	20
-0.04187	28.85678	-79.42648	SAX_LV_EPICARDIAL	3	1.0	20
3.24806	31.06632	-79.08795	SAX_LV_EPICARDIAL	3	1.0	20
6.53800	33.27586	-78.74942	SAX_LV_EPICARDIAL	3	1.0	20
9.29680	34.38063	-77.72173	SAX_LV_EPICARDIAL	3	1.0	20
12.05561	35.48540	-76.69404	SAX_LV_EPICARDIAL	3	1.0	20
15.34554	37.69494	-76.35551	SAX_LV_EPICARDIAL	3	1.0	20
18.10435	38.79971	-75.32782	SAX_LV_EPICARDIAL	3	1.0	20
20.86316	39.90448	-74.30013	SAX_LV_EPICARDIAL	3	1.0	20
23.09085	39.90448	-72.58329	SAX_LV_EPICARDIAL	3	1.0	20
25.84966	41.00925	-71.55560	SAX_LV_EPICARDIAL	3	1.0	20
28.07735	41.00925	-69.83875	SAX_LV_EPICARDIAL	3	1.0	20
30.30504	41.00925	-68.12191	SAX_LV_EPICARDIAL	3	1.0	20
32.53273	41.00926	-66.40506	SAX_LV_EPICARDIAL	3	1.0	20
34.76041	41.00926	-64.68821	SAX_LV_EPICARDIAL	3	1.0	20
36.98810	41.00926	-62.97137	SAX_LV_EPICARDIAL	3	1.0	20
38.68467	39.90449	-60.56537	SAX_LV_EPICARDIAL	3	1.0	20
40.91236	39.90450	-58.84852	SAX_LV_EPICARDIAL	3	1.0	20
42.60893	38.79973	-56.44252	SAX_LV_EPICARDIAL	3	1.0	20
44.30549	37.69497	-54.03652	SAX_LV_EPICARDIAL	3	1.0	20
46.00206	36.59020	-51.63051	SAX_LV_EPICARDIAL	3	1.0	20
47.16751	34.38066	-48.53535	SAX_LV_EPICARDIAL	3	1.0	20
48.33295	32.17113	-45.44020	SAX_LV_EPICARDIAL	3	1.0	20
49.49840	29.96160	-42.34504	SAX_LV_EPICARDIAL	3	1.0	20
49.55000	27.75206	-40.10830	SAX_LV_EPICARDIAL	3	1.0	20
50.71545	25.54253	-37.01314	SAX_LV_EPICARDIAL	3	1.0	20
50.76705	23.33299	-34.77640	SAX_LV_EPICARDIAL	3	1.0	20
50.81865	21.12346	-32.53967	SAX_LV_EPICARDIAL	3	1.0	20
49.75641	18.91392	-31.16136	SAX_LV_EPICARDIAL	3	1.0	20
49.80802	16.70438	-28.92462	SAX_LV_EPICARDIAL	3	1.0	20
48.74577	14.49485	-27.54631	SAX_LV_EPICARDIAL	3	1.0	20
47.68353	12.28531	-26.16799	SAX_LV_EPICARDIAL	3	1.0	20
46.62129	10.07577	-24.78968	SAX_LV_EPICARDIAL	3	1.0	20
45.55905	7.86624	-23.41137	SAX_LV_EPICARDIAL	3	1.0	20
44.49681	5.65670	-22.03305	SAX_LV_EPICARDIAL	3	1.0	20
42.32072	3.44716	-21.51316	SAX_LV_EPICARDIAL	3	1.0	20
40.14463	1.23763	-20.99327	SAX_LV_EPICARDIAL	3	1.0	20
39.08239	-0.97191	-19.61496	SAX_LV_EPICARDIAL	3	1.0	20
36.90631	-3.18145	-19.09507	SAX_LV_EPICARDIAL	3	1.0	20
33.61638	-5.39099	-19.43360	SAX_LV_EPICARDIAL	3	1.0	20
30.32645	-7.60053	-19.77213	SAX_LV_EPICARDIAL	3	1.0	20
27.03651	-9.81007	-20.11066	SAX_LV_EPICARDIAL	3	1.0	20
24.27771	-10.91484	-21.13835	SAX_LV_EPICARDIAL	3	1.0	20
21.51890	-12.01961	-22.16604	SAX_LV_EPICARDIAL	3	1.0	20
18.76009	-13.12438	-23.19373	SAX_LV_EPICARDIAL	3	1.0	20
16.00128	-14.22915	-24.22142	SAX_LV_EPICARDIAL	3	1.0	20
13.77359	-14.22915	-25.93826	SAX_LV_EPICARDIAL	3	1.0	20
12.50494	-7.60054	-33.50690	SAX_LV_ENDOCARDIAL	3	1.0	20
10.80837	-6.49578	-35.91290	SAX_LV_ENDOCARDIAL	3	1.0	20
8.58068	-6.49578	-37.62974	SAX_LV_ENDOCARDIAL	3	1.0	20
6.88411	-5.39101	-40.03575	SAX_LV_ENDOCARDIAL	3	1.0	20
4.65643	-5.39102	-41.75259	SAX_LV_ENDOCARDIAL	3	1.0	20
2.95986	-4.28625	-44.15859	SAX_LV_ENDOCARDIAL	3	1.0	20
1.26329	-3.18148	-46.56460	SAX_LV_ENDOCARDIAL	3	1.0	20
-0.43328	-2.07672	-48.97060	SAX_LV_ENDOCARDIAL	3	1.0	20
-2.12984	-0.97195	-51.37660	SAX_LV_ENDOCARDIAL	3	1.0	20
-3.29529	1.23758	-54.47176	SAX_LV_ENDOCARDIAL	3	1.0	20
-4.46074	3.44712	-57.56692	SAX_LV_ENDOCARDIAL	3	1.0	20
-4.51234	5.65665	-59.80366	SAX_LV_ENDOCARDIAL	3	1.0	20
-5.67779	7.86619	-62.89881	SAX_LV_ENDOCARDIAL	3	1.0	20
-5.72939	10.07572	-65.13555	SAX_LV_ENDOCARDIAL	3	1.0	20
-4.66715	12.28526	-66.51386	SAX_LV_ENDOCARDIAL	3	1.0	20
-4.71875	14.49479	-68.75060	SAX_LV_ENDOCARDIAL	3	1.0	20
-3.65651	16.70433	-70.12891	SAX_LV_ENDOCARDIAL	3	1.0	20
-1.48042	18.91387	-70.64880	SAX_LV_ENDOCARDIAL	3	1.0	20
-0.41818	21.12340	-72.02712	SAX_LV_ENDOCARDIAL	3	1.0	20
1.75791	23.33294	-72.54701	SAX_LV_ENDOCARDIAL	3	1.0	20
5.04784	25.54248	-72.20848	SAX_LV_ENDOCARDIAL	3	1.0	20
7.22392	27.75202	-72.72837	SAX_LV_ENDOCARDIAL	3	1.0	20
9.98273	28.85679	-71.70068	SAX_LV_ENDOCARDIAL	3	1.0	20
13.27266	31.06633	-71.36215	SAX_LV_ENDOCARDIAL	3	1.0	20
16.03147	32.17110	-70.33446	SAX_LV_ENDOCARDIAL	3	1.0	20
18.79028	33.27587	-69.30677	SAX_LV_ENDOCARDIAL	3	1.0	20
21.01797	33.27587	-67.58992	SAX_LV_ENDOCARDIAL	3	1.0	20
23.77678	34.38064	-66.56223	SAX_LV_ENDOCARDIAL	3	1.0	20
26.00447	34.38064	-64.84539	SAX_LV_ENDOCARDIAL	3	1.0	20
28.23216	34.38065	-63.12854	SAX_LV_ENDOCARDIAL	3	1.0	20
30.45984	34.38065	-61.41170	SAX_LV_ENDOCARDIAL	3	1.0	20
32.68753	34.38065	-59.69485	SAX_LV_ENDOCARDIAL	3	1.0	20
34.91522	34.38065	-57.97801	SAX_LV_ENDOCARDIAL	3	1.0	20
36.61179	33.27589	-55.57200	SAX_LV_ENDOCARDIAL	3	1.0	20
38.83948	33.27589	-53.85516	SAX_LV_ENDOCARDIAL	3	1.0	20
40.00492	31.06635	-50.76000	SAX_LV_ENDOCARDIAL	3	1.0	20
41.70149	29.96159	-48.35400	SAX_LV_ENDOCARDIAL	3	1.0	20
42.86694	27.75205	-45.25884	SAX_LV_ENDOCARDIAL	3	1.0	20
44.03238	25.54252	-42.16368	SAX_LV_ENDOCARDIAL	3	1.0	20
44.08399	23.33298	-39.92694	SAX_LV_ENDOCARDIAL	3	1.0	20
44.13559	21.12345	-37.69021	SAX_LV_ENDOCARDIAL	3	1.0	20
44.18719	18.91391	-35.45347	SAX_LV_ENDOCARDIAL	3	1.0	20
44.23879	16.70438	-33.21673	SAX_LV_ENDOCARDIAL	3	1.0	20
43.17655	14.49484	-31.83842	SAX_LV_ENDOCARDIAL	3	1.0	20
43.22815	12.28531	-29.60168	SAX_LV_ENDOCARDIAL	3	1.0	20
42.16591	10.07577	-28.22337	SAX_LV_ENDOCARDIAL	3	1.0	20
39.98983	7.86623	-27.70348	SAX_LV_ENDOCARDIAL	3	1.0	20
38.92758	5.65669	-26.32517	SAX_LV_ENDOCARDIAL	3	1.0	20
36.75150	3.44716	-25.80528	SAX_LV_ENDOCARDIAL	3	1.0	20
34.57541	1.23762	-25.28538	SAX_LV_ENDOCARDIAL	3	1.0	20
32.39933	-0.97192	-24.76549	SAX_LV_ENDOCARDIAL	3	1.0	20
29.10940	-3.18146	-25.10403	SAX_LV_ENDOCARDIAL	3	1.0	20
26.35059	-4.28623	-26.13171	SAX_LV_ENDOCARDIAL	3	1.0	20
23.59178	-5.39100	-27.15940	SAX_LV_ENDOCARDIAL	3	1.0	20
20.83297	-6.49577	-28.18709	SAX_LV_ENDOCARDIAL	3	1.0	20
18.60528	-6.49577	-29.90394	SAX_LV_ENDOCARDIAL	3	1.0	20
16.37759	-6.49577	-31.62078	SAX_LV_ENDOCARDIAL	3	1.0	20
13.61878	-7.60054	-32.64847	SAX_LV_ENDOCARDIAL	3	1.0	20
9.90094	-15.33392	-27.82438	RV_INSERT	3	1.0	20
-14.74335	14.49478	-76.47641	RV_INSERT	3	1.0	20
-38.84504	-31.80882	-77.45481	SAX_RV_FREEWALL	4	1.0	20
-40.54160	-30.70405	-79.86081	SAX_RV_FREEWALL	4	1.0	20
-42.23817	-29.59928	-82.26681	SAX_RV_FREEWALL	4	1.0	20
-43.93474	-28.49452	-84.67282	SAX_RV_FREEWALL	4	1.0	20
-45.63131	-27.38975	-87.07882	SAX_RV_FREEWALL	4	1.0	20
-46.79675	-25.18022	-90.17398	SAX_RV_FREEWALL	4	1.0	20
-46.84836	-22.97068	-92.41071	SAX_RV_FREEWALL	4	1.0	20
-46.89996	-20.76115	-94.64745	SAX_RV_FREEWALL	4	1.0	20
-44.72387	-18.55161	-95.16734	SAX_RV_FREEWALL	4	1.0	20
-42.54779	-16.34207	-95.68723	SAX_RV_FREEWALL	4	1.0	20
-39.25785	-14.13253	-95.34870	SAX_RV_FREEWALL	4	1.0	20
-36.49905	-13.02776	-94.32101	SAX_RV_FREEWALL	4	1.0	20
-34.32296	-10.81823	-94.84090	SAX_RV_FREEWALL	4	1.0	20
-31.56415	-9.71345	-93.81321	SAX_RV_FREEWALL	4	1.0	20
-28.27422	-7.50392	-93.47468	SAX_RV_FREEWALL	4	1.0	20
-24.98429	-5.29438	-93.13615	SAX_RV_FREEWALL	4	1.0	20
-22.22548	-4.18961	-92.10846	SAX_RV_FREEWALL	4	1.0	20
-18.93555	-1.98007	-91.76993	SAX_RV_FREEWALL	4	1.0	20
-16.17674	-0.87530	-90.74224	SAX_RV_FREEWALL	4	1.0	20
-12.88681	1.33424	-90.40371	SAX_RV_FREEWALL	4	1.0	20
-9.59688	3.54378	-90.06517	SAX_RV_FREEWALL	4	1.0	20
-6.83807	4.64855	-89.03749	SAX_RV_FREEWALL	4	1.0	20
-4.61038	4.64855	-87.32064	SAX_RV_FREEWALL	4	1.0	20
3.85736	-24.07540	-52.23411	SAX_RV_FREEWALL	4	1.0	20
1.09855	-25.18017	-53.26180	SAX_RV_FREEWALL	4	1.0	20
-1.66026	-26.28494	-54.28949	SAX_RV_FREEWALL	4	1.0	20
-3.88795	-26.28494	-56.00633	SAX_RV_FREEWALL	4	1.0	20
-6.64676	-27.38971	-57.03402	SAX_RV_FREEWALL	4	1.0	20
-8.87445	-27.38972	-58.75087	SAX_RV_FREEWALL	4	1.0	20
-11.63326	-28.49449	-59.77856	SAX_RV_FREEWALL	4	1.0	20
-14.39207	-29.59926	-60.80624	SAX_RV_FREEWALL	4	1.0	20
-17.15088	-30.70403	-61.83393	SAX_RV_FREEWALL	4	1.0	20
-19.37856	-30.70403	-63.55078	SAX_RV_FREEWALL	4	1.0	20
-22.13737	-31.80880	-64.57847	SAX_RV_FREEWALL	4	1.0	20
-24.36506	-31.80880	-66.29531	SAX_RV_FREEWALL	4	1.0	20
-26.59275	-31.80880	-68.01216	SAX_RV_FREEWALL	4	1.0	20
-28.82044	-31.80881	-69.72900	SAX_RV_FREEWALL	4	1.0	20
-31.04813	-31.80881	-71.44585	SAX_RV_FREEWALL	4	1.0	20
-33.27581	-31.80881	-73.16270	SAX_RV_FREEWALL	4	1.0	20
-35.50350	-31.80881	-74.87954	SAX_RV_FREEWALL	4	1.0	20
-37.73119	-31.80882	-76.59639	SAX_RV_FREEWALL	4	1.0	20
-38.21071	-35.12312	-73.67049	SAX_RV_EPICARDIAL	4	1.0	20
-39.90728	-34.01835	-76.07650	SAX_RV_EPICARDIAL	4	1.0	20
-42.13497	-34.01836	-77.79334	SAX_RV_EPICARDIAL	4	1.0	20
-43.83153	-32.91359	-80.19934	SAX_RV_EPICARDIAL	4	1.0	20
-45.52810	-31.80882	-82.60535	SAX_RV_EPICARDIAL	4	1.0	20
-47.22467	-30.70406	-85.01135	SAX_RV_EPICARDIAL	4	1.0	20
-48.39012	-28.49452	-88.10651	SAX_RV_EPICARDIAL	4	1.0	20
-49.55556	-26.28499	-91.20167	SAX_RV_EPICARDIAL	4	1.0	20
-49.60716	-24.07545	-93.43840	SAX_RV_EPICARDIAL	4	1.0	20
-49.65877	-21.86592	-95.67514	SAX_RV_EPICARDIAL	4	1.0	20
-48.59652	-19.65638	-97.05345	SAX_RV_EPICARDIAL	4	1.0	20
-46.42044	-17.44684	-97.57334	SAX_RV_EPICARDIAL	4	1.0	20
-44.24435	-15.23731	-98.09323	SAX_RV_EPICARDIAL	4	1.0	20
-40.95442	-13.02777	-97.75470	SAX_RV_EPICARDIAL	4	1.0	20
-37.66449	-10.81823	-97.41617	SAX_RV_EPICARDIAL	4	1.0	20
-34.37456	-8.60869	-97.07764	SAX_RV_EPICARDIAL	4	1.0	20
-31.08463	-6.39915	-96.73911	SAX_RV_EPICARDIAL	4	1.0	20
-27.79470	-4.18961	-96.40057	SAX_RV_EPICARDIAL	4	1.0	20
-24.50477	-1.98007	-96.06204	SAX_RV_EPICARDIAL	4	1.0	20
-21.74596	-0.87530	-95.03435	SAX_RV_EPICARDIAL	4	1.0	20
-18.45603	1.33424	-94.69582	SAX_RV_EPICARDIAL	4	1.0	20
-15.69722	2.43901	-93.66813	SAX_RV_EPICARDIAL	4	1.0	20
-12.93841	3.54378	-92.64044	SAX_RV_EPICARDIAL	4	1.0	20
-10.17960	4.64855	-91.61275	SAX_RV_EPICARDIAL	4	1.0	20
-6.88967	6.85809	-91.27422	SAX_RV_EPICARDIAL	4	1.0	20
-4.13086	7.96286	-90.24653	SAX_RV_EPICARDIAL	4	1.0	20
-1.90317	7.96286	-88.52969	SAX_RV_EPICARDIAL	4	1.0	20
7.14729	-21.86586	-51.89558	SAX_RV_EPICARDIAL	4	1.0	20
8.31274	-24.07540	-48.80042	SAX_RV_EPICARDIAL	4	1.0	20
5.02280	-26.28493	-49.13895	SAX_RV_EPICARDIAL	4	1.0	20
2.26400	-27.38971	-50.16664	SAX_RV_EPICARDIAL	4	1.0	20
0.03631	-27.38971	-51.88348	SAX_RV_EPICARDIAL	4	1.0	20
-2.72250	-28.49448	-52.91117	SAX_RV_EPICARDIAL	4	1.0	20
-4.95019	-28.49448	-54.62802	SAX_RV_EPICARDIAL	4	1.0	20
-7.70900	-29.59925	-55.65571	SAX_RV_EPICARDIAL	4	1.0	20
-9.93669	-29.59925	-57.37255	SAX_RV_EPICARDIAL	4	1.0	20
-12.69550	-30.70402	-58.40024	SAX_RV_EPICARDIAL	4	1.0	20
-15.45431	-31.80879	-59.42793	SAX_RV_EPICARDIAL	4	1.0	20
-18.21312	-32.91356	-60.45562	SAX_RV_EPICARDIAL	4	1.0	20
-20.97193	-34.01833	-61.48331	SAX_RV_EPICARDIAL	4	1.0	20
-23.19961	-34.01834	-63.20015	SAX_RV_EPICARDIAL	4	1.0	20
-25.95842	-35.12311	-64.22784	SAX_RV_EPICARDIAL	4	1.0	20
-28.18611	-35.12311	-65.94469	SAX_RV_EPICARDIAL	4	1.0	20
-30.41380	-35.12311	-67.66153	SAX_RV_EPICARDIAL	4	1.0	20
-32.64149	-35.12311	-69.37838	SAX_RV_EPICARDIAL	4	1.0	20
-34.86918	-35.12312	-71.09523	SAX_RV_EPICARDIAL	4	1.0	20
-37.09687	-35.12312	-72.81207	SAX_RV_EPICARDIAL	4	1.0	20
-2.38269	4.64856	-85.60379	SAX_RV_SEPTUM	4	1.0	20
-1.79997	3.54379	-84.05621	SAX_RV_SEPTUM	4	1.0	20
-2.86221	1.33425	-82.67790	SAX_RV_SEPTUM	4	1.0	20
-3.92445	-0.87529	-81.29959	SAX_RV_SEPTUM	4	1.0	20
-4.98670	-3.08482	-79.92127	SAX_RV_SEPTUM	4	1.0	20
-4.93509	-5.29436	-77.68454	SAX_RV_SEPTUM	4	1.0	20
-4.88349	-7.50389	-75.44780	SAX_RV_SEPTUM	4	1.0	20
-4.83189	-9.71343	-73.21107	SAX_RV_SEPTUM	4	1.0	20
-4.78029	-11.92296	-70.97433	SAX_RV_SEPTUM	4	1.0	20
-3.61484	-14.13250	-67.87917	SAX_RV_SEPTUM	4	1.0	20
-1.91827	-15.23726	-65.47317	SAX_RV_SEPTUM	4	1.0	20
-0.75283	-17.44680	-62.37801	SAX_RV_SEPTUM	4	1.0	20
0.94374	-18.55156	-59.97201	SAX_RV_SEPTUM	4	1.0	20
2.64031	-19.65633	-57.56600	SAX_RV_SEPTUM	4	1.0	20
4.33688	-20.76110	-55.16000	SAX_RV_SEPTUM	4	1.0	20
6.03344	-21.86586	-52.75400	SAX_RV_SEPTUM	4	1.0	20
6.61617	-22.97063	-51.20642	SAX_RV_SEPTUM	4	1.0	20
1.43836	7.96286	-85.95442	SAX_LV_EPICARDIAL	4	1.0	20
3.61444	10.17240	-86.47431	SAX_LV_EPICARDIAL	4	1.0	20
4.67669	12.38194	-87.85262	SAX_LV_EPICARDIAL	4	1.0	20
7.96662	14.59148	-87.51409	SAX_LV_EPICARDIAL	4	1.0	20
10.14270	16.80101	-88.03398	SAX_LV_EPICARDIAL	4	1.0	20
13.43263	19.01055	-87.69545	SAX_LV_EPICARDIAL	4	1.0	20
15.07760	20.11532	-87.52618	SAX_LV_EPICARDIAL	4	1.0	20
18.36753	22.32486	-87.18765	SAX_LV_EPICARDIAL	4	1.0	20
21.65746	24.53440	-86.84912	SAX_LV_EPICARDIAL	4	1.0	20
24.41627	25.63917	-85.82143	SAX_LV_EPICARDIAL	4	1.0	20
27.17508	26.74394	-84.79374	SAX_LV_EPICARDIAL	4	1.0	20
29.40277	26.74394	-83.07689	SAX_LV_EPICARDIAL	4	1.0	20
32.16157	27.84871	-82.04921	SAX_LV_EPICARDIAL	4	1.0	20
34.38926	27.84871	-80.33236	SAX_LV_EPICARDIAL	4	1.0	20
36.61695	27.84872	-78.61551	SAX_LV_EPICARDIAL	4	1.0	20
38.84464	27.84872	-76.89867	SAX_LV_EPICARDIAL	4	1.0	20
40.54121	26.74395	-74.49267	SAX_LV_EPICARDIAL	4	1.0	20
42.76890	26.74396	-72.77582	SAX_LV_EPICARDIAL	4	1.0	20
44.99658	26.74396	-71.05898	SAX_LV_EPICARDIAL	4	1.0	20
46.69315	25.63919	-68.65297	SAX_LV_EPICARDIAL	4	1.0	20
48.38972	24.53443	-66.24697	SAX_LV_EPICARDIAL	4	1.0	20
50.08629	23.42966	-63.84097	SAX_LV_EPICARDIAL	4	1.0	20
51.78285	22.32489	-61.43497	SAX_LV_EPICARDIAL	4	1.0	20
52.94830	20.11536	-58.33981	SAX_LV_EPICARDIAL	4	1.0	20
54.11375	17.90582	-55.24465	SAX_LV_EPICARDIAL	4	1.0	20
54.16535	15.69629	-53.00791	SAX_LV_EPICARDIAL	4	1.0	20
54.21695	13.48675	-50.77118	SAX_LV_EPICARDIAL	4	1.0	20
54.26855	11.27722	-48.53444	SAX_LV_EPICARDIAL	4	1.0	20
54.32016	9.06768	-46.29770	SAX_LV_EPICARDIAL	4	1.0	20
53.25792	6.85815	-44.91939	SAX_LV_EPICARDIAL	4	1.0	20
53.30952	4.64861	-42.68265	SAX_LV_EPICARDIAL	4	1.0	20
52.24728	2.43907	-41.30434	SAX_LV_EPICARDIAL	4	1.0	20
51.18503	0.22954	-39.92603	SAX_LV_EPICARDIAL	4	1.0	20
49.00895	-1.98000	-39.40614	SAX_LV_EPICARDIAL	4	1.0	20
47.94671	-4.18954	-38.02782	SAX_LV_EPICARDIAL	4	1.0	20
45.77062	-6.39907	-37.50793	SAX_LV_EPICARDIAL	4	1.0	20
44.70838	-8.60861	-36.12962	SAX_LV_EPICARDIAL	4	1.0	20
42.53229	-10.81815	-35.60973	SAX_LV_EPICARDIAL	4	1.0	20
39.24236	-13.02769	-35.94826	SAX_LV_EPICARDIAL	4	1.0	20
35.95243	-15.23723	-36.28679	SAX_LV_EPICARDIAL	4	1.0	20
33.19362	-16.34200	-37.31448	SAX_LV_EPICARDIAL	4	1.0	20
29.90369	-18.55154	-37.65301	SAX_LV_EPICARDIAL	4	1.0	20
27.14488	-19.65631	-38.68070	SAX_LV_EPICARDIAL	4	1.0	20
24.38607	-20.76108	-39.70839	SAX_LV_EPICARDIAL	4	1.0	20
22.15838	-20.76108	-41.42524	SAX_LV_EPICARDIAL	4	1.0	20
19.39957	-21.86585	-42.45293	SAX_LV_EPICARDIAL	4	1.0	20
17.17189	-21.86585	-44.16977	SAX_LV_EPICARDIAL	4	1.0	20
14.94420	-21.86585	-45.88662	SAX_LV_EPICARDIAL	4	1.0	20
12.71651	-21.86586	-47.60346	SAX_LV_EPICARDIAL	4	1.0	20
10.48882	-21.86586	-49.32031	SAX_LV_EPICARDIAL	4	1.0	20
19.24477	-15.23724	-49.16313	SAX_LV_ENDOCARDIAL	4	1.0	20
17.54820	-14.13248	-51.56914	SAX_LV_ENDOCARDIAL	4	1.0	20
15.32051	-14.13248	-53.28598	SAX_LV_ENDOCARDIAL	4	1.0	20
13.09282	-14.13248	-55.00283	SAX_LV_ENDOCARDIAL	4	1.0	20
11.39626	-13.02772	-57.40883	SAX_LV_ENDOCARDIAL	4	1.0	20
9.16857	-13.02772	-59.12568	SAX_LV_ENDOCARDIAL	4	1.0	20
7.47200	-11.92295	-61.53168	SAX_LV_ENDOCARDIAL	4	1.0	20
6.30655	-9.71342	-64.62684	SAX_LV_ENDOCARDIAL	4	1.0	20
4.60999	-8.60865	-67.03284	SAX_LV_ENDOCARDIAL	4	1.0	20
4.55838	-6.39912	-69.26958	SAX_LV_ENDOCARDIAL	4	1.0	20
3.39294	-4.18958	-72.36474	SAX_LV_ENDOCARDIAL	4	1.0	20
3.34133	-1.98005	-74.60147	SAX_LV_ENDOCARDIAL	4	1.0	20
4.40358	0.22949	-75.97978	SAX_LV_ENDOCARDIAL	4	1.0	20
4.35197	2.43903	-78.21652	SAX_LV_ENDOCARDIAL	4	1.0	20
5.41422	4.64856	-79.59483	SAX_LV_ENDOCARDIAL	4	1.0	20
6.47646	6.85810	-80.97315	SAX_LV_ENDOCARDIAL	4	1.0	20
8.65254	9.06764	-81.49304	SAX_LV_ENDOCARDIAL	4	1.0	20
10.82863	11.27717	-82.01293	SAX_LV_ENDOCARDIAL	4	1.0	20
13.00472	13.48671	-82.53282	SAX_LV_ENDOCARDIAL	4	1.0	20
15.18080	15.69625	-83.05271	SAX_LV_ENDOCARDIAL	4	1.0	20
18.47073	17.90579	-82.71418	SAX_LV_ENDOCARDIAL	4	1.0	20
21.22954	19.01056	-81.68649	SAX_LV_ENDOCARDIAL	4	1.0	20
23.45723	19.01056	-79.96964	SAX_LV_ENDOCARDIAL	4	1.0	20
26.21604	20.11533	-78.94195	SAX_LV_ENDOCARDIAL	4	1.0	20
28.44373	20.11533	-77.22511	SAX_LV_ENDOCARDIAL	4	1.0	20
31.20254	21.22010	-76.19742	SAX_LV_ENDOCARDIAL	4	1.0	20
33.43023	21.22011	-74.48057	SAX_LV_ENDOCARDIAL	4	1.0	20
35.65791	21.22011	-72.76373	SAX_LV_ENDOCARDIAL	4	1.0	20
37.88560	21.22011	-71.04688	SAX_LV_ENDOCARDIAL	4	1.0	20
40.11329	21.22011	-69.33004	SAX_LV_ENDOCARDIAL	4	1.0	20
41.80986	20.11535	-66.92404	SAX_LV_ENDOCARDIAL	4	1.0	20
44.03755	20.11535	-65.20719	SAX_LV_ENDOCARDIAL	4	1.0	20
45.73411	19.01058	-62.80119	SAX_LV_ENDOCARDIAL	4	1.0	20
46.89956	16.80105	-59.70603	SAX_LV_ENDOCARDIAL	4	1.0	20
48.59613	15.69628	-57.30003	SAX_LV_ENDOCARDIAL	4	1.0	20
48.64773	13.48675	-55.06329	SAX_LV_ENDOCARDIAL	4	1.0	20
49.81318	11.27721	-51.96813	SAX_LV_ENDOCARDIAL	4	1.0	20
48.75094	9.06768	-50.58982	SAX_LV_ENDOCARDIAL	4	1.0	20
48.80254	6.85814	-48.35308	SAX_LV_ENDOCARDIAL	4	1.0	20
47.74030	4.64860	-46.97477	SAX_LV_ENDOCARDIAL	4	1.0	20
46.67805	2.43907	-45.59645	SAX_LV_ENDOCARDIAL	4	1.0	20
45.61581	0.22953	-44.21814	SAX_LV_ENDOCARDIAL	4	1.0	20
43.43973	-1.98001	-43.69825	SAX_LV_ENDOCARDIAL	4	1.0	20
41.26364	-4.18954	-43.17836	SAX_LV_ENDOCARDIAL	4	1.0	20
39.08755	-6.39908	-42.65847	SAX_LV_ENDOCARDIAL	4	1.0	20
36.91147	-8.60862	-42.13858	SAX_LV_ENDOCARDIAL	4	1.0	20
34.15266	-9.71339	-43.16627	SAX_LV_ENDOCARDIAL	4	1.0	20
30.86273	-11.92293	-43.50480	SAX_LV_ENDOCARDIAL	4	1.0	20
28.10392	-13.02770	-44.53249	SAX_LV_ENDOCARDIAL	4	1.0	20
25.34511	-14.13247	-45.56018	SAX_LV_ENDOCARDIAL	4	1.0	20
23.11742	-14.13247	-47.27702	SAX_LV_ENDOCARDIAL	4	1.0	20
20.35861	-15.23724	-48.30471	SAX_LV_ENDOCARDIAL	4	1.0	20
-4.61038	4.64855	-87.32064	RV_INSERT	4	1.0	20
6.61617	-22.97063	-51.20642	RV_INSERT	4	1.0	20
-23.40086	-30.60736	-95.19111	SAX_RV_FREEWALL	5	1.0	20
-25.09743	-29.50260	-97.59711	SAX_RV_FREEWALL	5	1.0	20
-26.26288	-27.29306	-100.69227	SAX_RV_FREEWALL	5	1.0	20
-22.97295	-25.08353	-100.35374	SAX_RV_FREEWALL	5	1.0	20
-20.79686	-22.87399	-100.87363	SAX_RV_FREEWALL	5	1.0	20
-17.50693	-20.66445	-100.53510	SAX_RV_FREEWALL	5	1.0	20
-15.33084	-18.45491	-101.05499	SAX_RV_FREEWALL	5	1.0	20
-12.04091	-16.24537	-100.71646	SAX_RV_FREEWALL	5	1.0	20
-8.75098	-14.03583	-100.37793	SAX_RV_FREEWALL	5	1.0	20
-5.99217	-12.93106	-99.35024	SAX_RV_FREEWALL	5	1.0	20
-2.70224	-10.72152	-99.01170	SAX_RV_FREEWALL	5	1.0	20
0.58769	-8.51199	-98.67317	SAX_RV_FREEWALL	5	1.0	20
3.87762	-6.30245	-98.33464	SAX_RV_FREEWALL	5	1.0	20
6.63643	-5.19768	-97.30695	SAX_RV_FREEWALL	5	1.0	20
9.39524	-4.09291	-96.27926	SAX_RV_FREEWALL	5	1.0	20
11.62293	-4.09290	-94.56242	SAX_RV_FREEWALL	5	1.0	20
10.44238	-25.08349	-74.60106	SAX_RV_FREEWALL	5	1.0	20
8.21469	-25.08349	-76.31790	SAX_RV_FREEWALL	5	1.0	20
5.98700	-25.08350	-78.03475	SAX_RV_FREEWALL	5	1.0	20
3.22819	-26.18827	-79.06244	SAX_RV_FREEWALL	5	1.0	20
1.00051	-26.18827	-80.77928	SAX_RV_FREEWALL	5	1.0	20
-1.75830	-27.29304	-81.80697	SAX_RV_FREEWALL	5	1.0	20
-3.98599	-27.29304	-83.52382	SAX_RV_FREEWALL	5	1.0	20
-6.74480	-28.39781	-84.55151	SAX_RV_FREEWALL	5	1.0	20
-9.50361	-29.50258	-85.57919	SAX_RV_FREEWALL	5	1.0	20
-12.26242	-30.60735	-86.60688	SAX_RV_FREEWALL	5	1.0	20
-14.49011	-30.60736	-88.32373	SAX_RV_FREEWALL	5	1.0	20
-16.71780	-30.60736	-90.04057	SAX_RV_FREEWALL	5	1.0	20
-18.94548	-30.60736	-91.75742	SAX_RV_FREEWALL	5	1.0	20
-21.17317	-30.60736	-93.47427	SAX_RV_FREEWALL	5	1.0	20
-23.88038	-33.92167	-92.26522	SAX_RV_EPICARDIAL	5	1.0	20
-25.57695	-32.81690	-94.67122	SAX_RV_EPICARDIAL	5	1.0	20
-27.27352	-31.71214	-97.07722	SAX_RV_EPICARDIAL	5	1.0	20
-28.97008	-30.60737	-99.48323	SAX_RV_EPICARDIAL	5	1.0	20
-27.90784	-28.39783	-100.86154	SAX_RV_EPICARDIAL	5	1.0	20
-25.73175	-26.18830	-101.38143	SAX_RV_EPICARDIAL	5	1.0	20
-24.66951	-23.97876	-102.75974	SAX_RV_EPICARDIAL	5	1.0	20
-21.37958	-21.76922	-102.42121	SAX_RV_EPICARDIAL	5	1.0	20
-19.20350	-19.55968	-102.94110	SAX_RV_EPICARDIAL	5	1.0	20
-15.91357	-17.35014	-102.60257	SAX_RV_EPICARDIAL	5	1.0	20
-12.62364	-15.14061	-102.26404	SAX_RV_EPICARDIAL	5	1.0	20
-9.33371	-12.93107	-101.92550	SAX_RV_EPICARDIAL	5	1.0	20
-6.04378	-10.72153	-101.58697	SAX_RV_EPICARDIAL	5	1.0	20
-2.75384	-8.51199	-101.24844	SAX_RV_EPICARDIAL	5	1.0	20
0.53609	-6.30245	-100.90991	SAX_RV_EPICARDIAL	5	1.0	20
3.29489	-5.19768	-99.88222	SAX_RV_EPICARDIAL	5	1.0	20
6.58483	-2.98814	-99.54369	SAX_RV_EPICARDIAL	5	1.0	20
8.81251	-2.98814	-97.82684	SAX_RV_EPICARDIAL	5	1.0	20
11.57132	-1.88337	-96.79915	SAX_RV_EPICARDIAL	5	1.0	20
13.79901	-1.88337	-95.08231	SAX_RV_EPICARDIAL	5	1.0	20
13.85061	-4.09290	-92.84557	SAX_RV_EPICARDIAL	5	1.0	20
13.73231	-22.87395	-74.26252	SAX_RV_EPICARDIAL	5	1.0	20
11.60783	-27.29303	-71.50590	SAX_RV_EPICARDIAL	5	1.0	20
9.38014	-27.29303	-73.22274	SAX_RV_EPICARDIAL	5	1.0	20
7.15245	-27.29303	-74.93959	SAX_RV_EPICARDIAL	5	1.0	20
4.39364	-28.39780	-75.96728	SAX_RV_EPICARDIAL	5	1.0	20
2.16595	-28.39780	-77.68412	SAX_RV_EPICARDIAL	5	1.0	20
-0.06174	-28.39781	-79.40097	SAX_RV_EPICARDIAL	5	1.0	20
-2.82054	-29.50258	-80.42866	SAX_RV_EPICARDIAL	5	1.0	20
-5.57935	-30.60735	-81.45635	SAX_RV_EPICARDIAL	5	1.0	20
-8.33816	-31.71212	-82.48404	SAX_RV_EPICARDIAL	5	1.0	20
-10.56585	-31.71212	-84.20088	SAX_RV_EPICARDIAL	5	1.0	20
-13.32466	-32.81689	-85.22857	SAX_RV_EPICARDIAL	5	1.0	20
-15.55235	-32.81689	-86.94542	SAX_RV_EPICARDIAL	5	1.0	20
-18.31116	-33.92166	-87.97310	SAX_RV_EPICARDIAL	5	1.0	20
-20.53885	-33.92167	-89.68995	SAX_RV_EPICARDIAL	5	1.0	20
-22.76654	-33.92167	-91.40680	SAX_RV_EPICARDIAL	5	1.0	20
13.31949	-5.19767	-92.15641	SAX_RV_SEPTUM	5	1.0	20
12.25725	-7.40721	-90.77810	SAX_RV_SEPTUM	5	1.0	20
11.19501	-9.61674	-89.39979	SAX_RV_SEPTUM	5	1.0	20
10.13277	-11.82628	-88.02147	SAX_RV_SEPTUM	5	1.0	20
10.18437	-14.03582	-85.78474	SAX_RV_SEPTUM	5	1.0	20
10.23597	-16.24535	-83.54800	SAX_RV_SEPTUM	5	1.0	20
10.28757	-18.45489	-81.31126	SAX_RV_SEPTUM	5	1.0	20
11.45302	-20.66442	-78.21611	SAX_RV_SEPTUM	5	1.0	20
12.61847	-22.87395	-75.12095	SAX_RV_SEPTUM	5	1.0	20
13.20119	-23.97872	-73.57337	SAX_RV_SEPTUM	5	1.0	20
18.23929	-25.08348	-68.59210	SAX_LV_EPICARDIAL	5	1.0	20
16.54272	-23.97872	-70.99810	SAX_LV_EPICARDIAL	5	1.0	20
17.14054	-1.88336	-92.50704	SAX_LV_EPICARDIAL	5	1.0	20
19.31663	0.32617	-93.02693	SAX_LV_EPICARDIAL	5	1.0	20
21.49272	2.53571	-93.54682	SAX_LV_EPICARDIAL	5	1.0	20
24.78265	4.74525	-93.20829	SAX_LV_EPICARDIAL	5	1.0	20
27.54146	5.85002	-92.18060	SAX_LV_EPICARDIAL	5	1.0	20
30.30027	6.95479	-91.15291	SAX_LV_EPICARDIAL	5	1.0	20
33.05907	8.05956	-90.12522	SAX_LV_EPICARDIAL	5	1.0	20
35.81788	9.16433	-89.09753	SAX_LV_EPICARDIAL	5	1.0	20
38.04557	9.16434	-87.38069	SAX_LV_EPICARDIAL	5	1.0	20
40.27326	9.16434	-85.66384	SAX_LV_EPICARDIAL	5	1.0	20
42.50095	9.16434	-83.94699	SAX_LV_EPICARDIAL	5	1.0	20
44.72864	9.16434	-82.23015	SAX_LV_EPICARDIAL	5	1.0	20
46.42521	8.05958	-79.82415	SAX_LV_EPICARDIAL	5	1.0	20
48.65289	8.05958	-78.10730	SAX_LV_EPICARDIAL	5	1.0	20
50.34946	6.95481	-75.70130	SAX_LV_EPICARDIAL	5	1.0	20
52.57715	6.95481	-73.98445	SAX_LV_EPICARDIAL	5	1.0	20
53.74260	4.74528	-70.88929	SAX_LV_EPICARDIAL	5	1.0	20
54.90804	2.53575	-67.79414	SAX_LV_EPICARDIAL	5	1.0	20
54.95965	0.32621	-65.55740	SAX_LV_EPICARDIAL	5	1.0	20
55.01125	-1.88333	-63.32066	SAX_LV_EPICARDIAL	5	1.0	20
55.06285	-4.09286	-61.08393	SAX_LV_EPICARDIAL	5	1.0	20
54.00061	-6.30240	-59.70561	SAX_LV_EPICARDIAL	5	1.0	20
52.93837	-8.51193	-58.32730	SAX_LV_EPICARDIAL	5	1.0	20
51.87612	-10.72147	-56.94899	SAX_LV_EPICARDIAL	5	1.0	20
50.81388	-12.93101	-55.57067	SAX_LV_EPICARDIAL	5	1.0	20
48.63780	-15.14054	-55.05078	SAX_LV_EPICARDIAL	5	1.0	20
46.46171	-17.35008	-54.53089	SAX_LV_EPICARDIAL	5	1.0	20
44.28562	-19.55962	-54.01100	SAX_LV_EPICARDIAL	5	1.0	20
41.52681	-20.66439	-55.03869	SAX_LV_EPICARDIAL	5	1.0	20
38.23688	-22.87393	-55.37722	SAX_LV_EPICARDIAL	5	1.0	20
35.47808	-23.97870	-56.40491	SAX_LV_EPICARDIAL	5	1.0	20
33.25039	-23.97870	-58.12176	SAX_LV_EPICARDIAL	5	1.0	20
30.49158	-25.08347	-59.14945	SAX_LV_EPICARDIAL	5	1.0	20
28.26389	-25.08347	-60.86629	SAX_LV_EPICARDIAL	5	1.0	20
26.03620	-25.08348	-62.58314	SAX_LV_EPICARDIAL	5	1.0	20
23.80851	-25.08348	-64.29998	SAX_LV_EPICARDIAL	5	1.0	20
21.58082	-25.08348	-66.01683	SAX_LV_EPICARDIAL	5	1.0	20
19.35313	-25.08348	-67.73367	SAX_LV_EPICARDIAL	5	1.0	20
24.23643	-19.55964	-69.46261	SAX_LV_ENDOCARDIAL	5	1.0	20
22.53986	-18.45487	-71.86861	SAX_LV_ENDOCARDIAL	5	1.0	20
20.84329	-17.35011	-74.27462	SAX_LV_ENDOCARDIAL	5	1.0	20
19.14673	-16.24534	-76.68062	SAX_LV_ENDOCARDIAL	5	1.0	20
17.98128	-14.03581	-79.77578	SAX_LV_ENDOCARDIAL	5	1.0	20
16.81583	-11.82627	-82.87094	SAX_LV_ENDOCARDIAL	5	1.0	20
16.76423	-9.61674	-85.10767	SAX_LV_ENDOCARDIAL	5	1.0	20
17.82647	-7.40720	-86.48599	SAX_LV_ENDOCARDIAL	5	1.0	20
18.88871	-5.19766	-87.86430	SAX_LV_ENDOCARDIAL	5	1.0	20
21.06480	-2.98813	-88.38419	SAX_LV_ENDOCARDIAL	5	1.0	20
24.35473	-0.77859	-88.04566	SAX_LV_ENDOCARDIAL	5	1.0	20
27.64466	1.43095	-87.70713	SAX_LV_ENDOCARDIAL	5	1.0	20
30.40347	2.53572	-86.67944	SAX_LV_ENDOCARDIAL	5	1.0	20
33.16228	3.64049	-85.65175	SAX_LV_ENDOCARDIAL	5	1.0	20
35.38997	3.64049	-83.93490	SAX_LV_ENDOCARDIAL	5	1.0	20
37.61766	3.64050	-82.21806	SAX_LV_ENDOCARDIAL	5	1.0	20
39.84534	3.64050	-80.50121	SAX_LV_ENDOCARDIAL	5	1.0	20
42.07303	3.64050	-78.78437	SAX_LV_ENDOCARDIAL	5	1.0	20
44.30072	3.64050	-77.06752	SAX_LV_ENDOCARDIAL	5	1.0	20
45.99729	2.53574	-74.66152	SAX_LV_ENDOCARDIAL	5	1.0	20
47.69386	1.43097	-72.25552	SAX_LV_ENDOCARDIAL	5	1.0	20
48.85930	-0.77856	-69.16036	SAX_LV_ENDOCARDIAL	5	1.0	20
48.91091	-2.98810	-66.92362	SAX_LV_ENDOCARDIAL	5	1.0	20
48.96251	-5.19763	-64.68688	SAX_LV_ENDOCARDIAL	5	1.0	20
47.90027	-7.40717	-63.30857	SAX_LV_ENDOCARDIAL	5	1.0	20
46.83802	-9.61671	-61.93026	SAX_LV_ENDOCARDIAL	5	1.0	20
44.66194	-11.82625	-61.41037	SAX_LV_ENDOCARDIAL	5	1.0	20
42.48585	-14.03578	-60.89048	SAX_LV_ENDOCARDIAL	5	1.0	20
39.19592	-16.24532	-61.22901	SAX_LV_ENDOCARDIAL	5	1.0	20
36.43711	-17.35009	-62.25670	SAX_LV_ENDOCARDIAL	5	1.0	20
33.67830	-18.45486	-63.28439	SAX_LV_ENDOCARDIAL	5	1.0	20
30.91949	-19.55963	-64.31207	SAX_LV_ENDOCARDIAL	5	1.0	20
28.69181	-19.55964	-66.02892	SAX_LV_ENDOCARDIAL	5	1.0	20
26.46412	-19.55964	-67.74577	SAX_LV_ENDOCARDIAL	5	1.0	20
11.62293	-4.09290	-94.56242	RV_INSERT	5	1.0	20
10.44238	-25.08349	-74.60106	RV_INSERT	5	1.0	20
10.39694	-28.30213	-99.88180	SAX_RV_FREEWALL	6	1.0	20
8.70037	-27.19736	-102.28781	SAX_RV_FREEWALL	6	1.0	20
7.00381	-26.09259	-104.69381	SAX_RV_FREEWALL	6	1.0	20
6.42108	-24.98783	-106.24139	SAX_RV_FREEWALL	6	1.0	20
6.36948	-22.77829	-108.47812	SAX_RV_FREEWALL	6	1.0	20
8.54557	-20.56875	-108.99802	SAX_RV_FREEWALL	6	1.0	20
11.83550	-18.35922	-108.65948	SAX_RV_FREEWALL	6	1.0	20
14.59431	-17.25444	-107.63179	SAX_RV_FREEWALL	6	1.0	20
16.82200	-17.25444	-105.91495	SAX_RV_FREEWALL	6	1.0	20
19.58080	-16.14967	-104.88726	SAX_RV_FREEWALL	6	1.0	20
17.61113	-27.19735	-95.42042	SAX_RV_FREEWALL	6	1.0	20
15.38344	-27.19735	-97.13727	SAX_RV_FREEWALL	6	1.0	20
12.62463	-28.30212	-98.16496	SAX_RV_FREEWALL	6	1.0	20
5.41044	-29.40690	-102.62634	SAX_RV_EPICARDIAL	6	1.0	20
3.71388	-28.30213	-105.03234	SAX_RV_EPICARDIAL	6	1.0	20
2.54843	-26.09260	-108.12750	SAX_RV_EPICARDIAL	6	1.0	20
3.61067	-23.88306	-109.50581	SAX_RV_EPICARDIAL	6	1.0	20
4.67291	-21.67353	-110.88413	SAX_RV_EPICARDIAL	6	1.0	20
7.96284	-19.46399	-110.54559	SAX_RV_EPICARDIAL	6	1.0	20
9.60781	-18.35922	-110.37633	SAX_RV_EPICARDIAL	6	1.0	20
12.89774	-16.14968	-110.03780	SAX_RV_EPICARDIAL	6	1.0	20
15.65655	-15.04491	-109.01011	SAX_RV_EPICARDIAL	6	1.0	20
17.88424	-15.04491	-107.29326	SAX_RV_EPICARDIAL	6	1.0	20
20.11193	-15.04490	-105.57642	SAX_RV_EPICARDIAL	6	1.0	20
23.40186	-12.83537	-105.23788	SAX_RV_EPICARDIAL	6	1.0	20
21.48378	-26.09258	-93.53431	SAX_RV_EPICARDIAL	6	1.0	20
20.42154	-28.30212	-92.15600	SAX_RV_EPICARDIAL	6	1.0	20
17.66273	-29.40689	-93.18369	SAX_RV_EPICARDIAL	6	1.0	20
15.43504	-29.40689	-94.90053	SAX_RV_EPICARDIAL	6	1.0	20
13.20735	-29.40689	-96.61738	SAX_RV_EPICARDIAL	6	1.0	20
10.97966	-29.40689	-98.33422	SAX_RV_EPICARDIAL	6	1.0	20
8.75198	-29.40690	-100.05107	SAX_RV_EPICARDIAL	6	1.0	20
6.52429	-29.40690	-101.76792	SAX_RV_EPICARDIAL	6	1.0	20
22.87073	-13.94013	-104.54873	SAX_RV_SEPTUM	6	1.0	20
23.45346	-15.04490	-103.00115	SAX_RV_SEPTUM	6	1.0	20
22.39122	-17.25444	-101.62283	SAX_RV_SEPTUM	6	1.0	20
21.32897	-19.46397	-100.24452	SAX_RV_SEPTUM	6	1.0	20
21.38058	-21.67351	-98.00778	SAX_RV_SEPTUM	6	1.0	20
20.31833	-23.88305	-96.62947	SAX_RV_SEPTUM	6	1.0	20
20.36994	-26.09258	-94.39273	SAX_RV_SEPTUM	6	1.0	20
28.27005	-30.51164	-83.91030	SAX_LV_EPICARDIAL	6	1.0	20
26.57348	-29.40688	-86.31631	SAX_LV_EPICARDIAL	6	1.0	20
24.87692	-28.30211	-88.72231	SAX_LV_EPICARDIAL	6	1.0	20
23.18035	-27.19735	-91.12831	SAX_LV_EPICARDIAL	6	1.0	20
27.27451	-11.73059	-103.35177	SAX_LV_EPICARDIAL	6	1.0	20
30.56444	-9.52105	-103.01324	SAX_LV_EPICARDIAL	6	1.0	20
33.32325	-8.41628	-101.98555	SAX_LV_EPICARDIAL	6	1.0	20
36.08206	-7.31151	-100.95786	SAX_LV_EPICARDIAL	6	1.0	20
38.84087	-6.20674	-99.93017	SAX_LV_EPICARDIAL	6	1.0	20
41.06856	-6.20674	-98.21333	SAX_LV_EPICARDIAL	6	1.0	20
43.29624	-6.20674	-96.49648	SAX_LV_EPICARDIAL	6	1.0	20
45.52393	-6.20674	-94.77964	SAX_LV_EPICARDIAL	6	1.0	20
47.22050	-7.31150	-92.37363	SAX_LV_EPICARDIAL	6	1.0	20
48.91707	-8.41627	-89.96763	SAX_LV_EPICARDIAL	6	1.0	20
50.08251	-10.62580	-86.87247	SAX_LV_EPICARDIAL	6	1.0	20
51.24796	-12.83534	-83.77731	SAX_LV_EPICARDIAL	6	1.0	20
50.18572	-15.04487	-82.39900	SAX_LV_EPICARDIAL	6	1.0	20
50.23732	-17.25441	-80.16226	SAX_LV_EPICARDIAL	6	1.0	20
49.17508	-19.46395	-78.78395	SAX_LV_EPICARDIAL	6	1.0	20
46.99899	-21.67348	-78.26406	SAX_LV_EPICARDIAL	6	1.0	20
45.93675	-23.88302	-76.88575	SAX_LV_EPICARDIAL	6	1.0	20
42.64682	-26.09256	-77.22428	SAX_LV_EPICARDIAL	6	1.0	20
39.35689	-28.30210	-77.56281	SAX_LV_EPICARDIAL	6	1.0	20
36.59808	-29.40687	-78.59050	SAX_LV_EPICARDIAL	6	1.0	20
33.83927	-30.51164	-79.61819	SAX_LV_EPICARDIAL	6	1.0	20
31.61158	-30.51164	-81.33503	SAX_LV_EPICARDIAL	6	1.0	20
29.38390	-30.51164	-83.05188	SAX_LV_EPICARDIAL	6	1.0	20
29.81181	-24.98780	-88.21451	SAX_LV_ENDOCARDIAL	6	1.0	20
28.11524	-23.88304	-90.62051	SAX_LV_ENDOCARDIAL	6	1.0	20
26.94980	-21.67350	-93.71567	SAX_LV_ENDOCARDIAL	6	1.0	20
26.89820	-19.46397	-95.95241	SAX_LV_ENDOCARDIAL	6	1.0	20
26.84659	-17.25443	-98.18914	SAX_LV_ENDOCARDIAL	6	1.0	20
29.02268	-15.04489	-98.70903	SAX_LV_ENDOCARDIAL	6	1.0	20
31.19877	-12.83536	-99.22892	SAX_LV_ENDOCARDIAL	6	1.0	20
34.48870	-10.62582	-98.89039	SAX_LV_ENDOCARDIAL	6	1.0	20
36.71638	-10.62582	-97.17355	SAX_LV_ENDOCARDIAL	6	1.0	20
39.47519	-9.52105	-96.14586	SAX_LV_ENDOCARDIAL	6	1.0	20
41.17176	-10.62581	-93.73986	SAX_LV_ENDOCARDIAL	6	1.0	20
43.39945	-10.62581	-92.02301	SAX_LV_ENDOCARDIAL	6	1.0	20
44.56490	-12.83534	-88.92785	SAX_LV_ENDOCARDIAL	6	1.0	20
44.61650	-15.04488	-86.69111	SAX_LV_ENDOCARDIAL	6	1.0	20
44.66810	-17.25441	-84.45438	SAX_LV_ENDOCARDIAL	6	1.0	20
43.60586	-19.46395	-83.07606	SAX_LV_ENDOCARDIAL	6	1.0	20
42.54362	-21.67349	-81.69775	SAX_LV_ENDOCARDIAL	6	1.0	20
39.25369	-23.88303	-82.03628	SAX_LV_ENDOCARDIAL	6	1.0	20
36.49488	-24.98780	-83.06397	SAX_LV_ENDOCARDIAL	6	1.0	20
34.26719	-24.98780	-84.78082	SAX_LV_ENDOCARDIAL	6	1.0	20
32.03950	-24.98780	-86.49766	SAX_LV_ENDOCARDIAL	6	1.0	20
22.87073	-13.94013	-104.54873	RV_INSERT	6	1.0	20
20.36994	-26.09258	-94.39273	RV_INSERT	6	1.0	20
9.26390	18.11540	-18.50498	LAX_LV_ENDOCARDIAL	9	1.0	20
11.06669	15.94707	-19.89637	LAX_LV_ENDOCARDIAL	9	1.0	20
12.86948	13.77873	-21.28776	LAX_LV_ENDOCARDIAL	9	1.0	20
14.61723	11.57524	-21.27441	LAX_LV_ENDOCARDIAL	9	1.0	20
16.42002	9.40691	-22.66580	LAX_LV_ENDOCARDIAL	9	1.0	20
18.16777	7.20342	-22.65245	LAX_LV_ENDOCARDIAL	9	1.0	20
19.97056	5.03509	-24.04384	LAX_LV_ENDOCARDIAL	9	1.0	20
21.71831	2.83160	-24.03049	LAX_LV_ENDOCARDIAL	9	1.0	20
23.46605	0.62811	-24.01715	LAX_LV_ENDOCARDIAL	9	1.0	20
25.21380	-1.57537	-24.00380	LAX_LV_ENDOCARDIAL	9	1.0	20
27.07163	-3.70856	-26.79992	LAX_LV_ENDOCARDIAL	9	1.0	20
28.00055	-4.77515	-28.19798	LAX_LV_ENDOCARDIAL	9	1.0	20
29.85839	-6.90833	-30.99410	LAX_LV_ENDOCARDIAL	9	1.0	20
31.71622	-9.04151	-33.79022	LAX_LV_ENDOCARDIAL	9	1.0	20
31.82631	-8.97121	-36.59968	LAX_LV_ENDOCARDIAL	9	1.0	20
32.81028	-10.00265	-39.40248	LAX_LV_ENDOCARDIAL	9	1.0	20
33.79424	-11.03409	-42.20527	LAX_LV_ENDOCARDIAL	9	1.0	20
34.77820	-12.06553	-45.00806	LAX_LV_ENDOCARDIAL	9	1.0	20
35.76216	-13.09697	-47.81085	LAX_LV_ENDOCARDIAL	9	1.0	20
35.87225	-13.02667	-50.62032	LAX_LV_ENDOCARDIAL	9	1.0	20
36.85621	-14.05811	-53.42311	LAX_LV_ENDOCARDIAL	9	1.0	20
37.84018	-15.08954	-56.22590	LAX_LV_ENDOCARDIAL	9	1.0	20
38.82414	-16.12098	-59.02870	LAX_LV_ENDOCARDIAL	9	1.0	20
38.93423	-16.05068	-61.83816	LAX_LV_ENDOCARDIAL	9	1.0	20
39.91819	-17.08212	-64.64095	LAX_LV_ENDOCARDIAL	9	1.0	20
40.90215	-18.11356	-67.44375	LAX_LV_ENDOCARDIAL	9	1.0	20
41.01224	-18.04326	-70.25321	LAX_LV_ENDOCARDIAL	9	1.0	20
41.99620	-19.07470	-73.05600	LAX_LV_ENDOCARDIAL	9	1.0	20
42.10629	-19.00439	-75.86547	LAX_LV_ENDOCARDIAL	9	1.0	20
43.09026	-20.03583	-78.66826	LAX_LV_ENDOCARDIAL	9	1.0	20
43.20035	-19.96553	-81.47773	LAX_LV_ENDOCARDIAL	9	1.0	20
43.31043	-19.89522	-84.28719	LAX_LV_ENDOCARDIAL	9	1.0	20
42.54665	-18.72318	-87.10333	LAX_LV_ENDOCARDIAL	9	1.0	20
42.65674	-18.65287	-89.91280	LAX_LV_ENDOCARDIAL	9	1.0	20
42.76683	-18.58257	-92.72226	LAX_LV_ENDOCARDIAL	9	1.0	20
42.00304	-17.41052	-95.53840	LAX_LV_ENDOCARDIAL	9	1.0	20
41.23926	-16.23848	-98.35454	LAX_LV_ENDOCARDIAL	9	1.0	20
39.54656	-13.99984	-99.77262	LAX_LV_ENDOCARDIAL	9	1.0	20
37.79881	-11.79635	-99.78596	LAX_LV_ENDOCARDIAL	9	1.0	20
35.99602	-9.62801	-98.39458	LAX_LV_ENDOCARDIAL	9	1.0	20
34.19323	-7.45968	-97.00319	LAX_LV_ENDOCARDIAL	9	1.0	20
32.39044	-5.29134	-95.61180	LAX_LV_ENDOCARDIAL	9	1.0	20
30.58765	-3.12301	-94.22041	LAX_LV_ENDOCARDIAL	9	1.0	20
28.78486	-0.95467	-92.82903	LAX_LV_ENDOCARDIAL	9	1.0	20
26.98206	1.21366	-91.43764	LAX_LV_ENDOCARDIAL	9	1.0	20
25.23432	3.41715	-91.45099	LAX_LV_ENDOCARDIAL	9	1.0	20
23.43153	5.58548	-90.05960	LAX_LV_ENDOCARDIAL	9	1.0	20
21.62874	7.75382	-88.66821	LAX_LV_ENDOCARDIAL	9	1.0	20
19.82594	9.92215	-87.27683	LAX_LV_ENDOCARDIAL	9	1.0	20
18.02315	12.09049	-85.88544	LAX_LV_ENDOCARDIAL	9	1.0	20
16.27541	14.29397	-85.89879	LAX_LV_ENDOCARDIAL	9	1.0	20
14.47262	16.46231	-84.50740	LAX_LV_ENDOCARDIAL	9	1.0	20
12.66982	18.63064	-83.11601	LAX_LV_ENDOCARDIAL	9	1.0	20
10.86703	20.79898	-81.72462	LAX_LV_ENDOCARDIAL	9	1.0	20
9.06424	22.96731	-80.33324	LAX_LV_ENDOCARDIAL	9	1.0	20
7.20641	25.10050	-77.53712	LAX_LV_ENDOCARDIAL	9	1.0	20
5.40362	27.26883	-76.14573	LAX_LV_ENDOCARDIAL	9	1.0	20
3.60082	29.43717	-74.75434	LAX_LV_ENDOCARDIAL	9	1.0	20
2.61686	30.46861	-71.95155	LAX_LV_ENDOCARDIAL	9	1.0	20
0.75903	32.60179	-69.15543	LAX_LV_ENDOCARDIAL	9	1.0	20
-0.22494	33.63323	-66.35264	LAX_LV_ENDOCARDIAL	9	1.0	20
-1.20890	34.66467	-63.54985	LAX_LV_ENDOCARDIAL	9	1.0	20
-2.19286	35.69611	-60.74706	LAX_LV_ENDOCARDIAL	9	1.0	20
-4.05070	37.82929	-57.95094	LAX_LV_ENDOCARDIAL	9	1.0	20
-4.16079	37.75899	-55.14147	LAX_LV_ENDOCARDIAL	9	1.0	20
8.39003	19.21714	-18.51165	LAX_LV_ENDOCARDIAL	9	1.0	20
16.90858	8.05910	-12.82600	LAX_LV_EPICARDIAL	9	1.0	20
18.71137	5.89077	-14.21738	LAX_LV_EPICARDIAL	9	1.0	20
20.45912	3.68728	-14.20404	LAX_LV_EPICARDIAL	9	1.0	20
22.26191	1.51895	-15.59542	LAX_LV_EPICARDIAL	9	1.0	20
24.06470	-0.64939	-16.98681	LAX_LV_EPICARDIAL	9	1.0	20
25.86749	-2.81772	-18.37820	LAX_LV_EPICARDIAL	9	1.0	20
27.67029	-4.98606	-19.76958	LAX_LV_EPICARDIAL	9	1.0	20
29.47308	-7.15439	-21.16097	LAX_LV_EPICARDIAL	9	1.0	20
31.33091	-9.28758	-23.95709	LAX_LV_EPICARDIAL	9	1.0	20
33.18875	-11.42076	-26.75321	LAX_LV_EPICARDIAL	9	1.0	20
34.17271	-12.45220	-29.55600	LAX_LV_EPICARDIAL	9	1.0	20
36.03055	-14.58538	-32.35212	LAX_LV_EPICARDIAL	9	1.0	20
37.01451	-15.61682	-35.15491	LAX_LV_EPICARDIAL	9	1.0	20
37.99847	-16.64826	-37.95771	LAX_LV_EPICARDIAL	9	1.0	20
38.98243	-17.67970	-40.76050	LAX_LV_EPICARDIAL	9	1.0	20
39.09252	-17.60940	-43.56996	LAX_LV_EPICARDIAL	9	1.0	20
40.07648	-18.64084	-46.37276	LAX_LV_EPICARDIAL	9	1.0	20
41.06045	-19.67228	-49.17555	LAX_LV_EPICARDIAL	9	1.0	20
42.04441	-20.70372	-51.97834	LAX_LV_EPICARDIAL	9	1.0	20
43.02837	-21.73516	-54.78113	LAX_LV_EPICARDIAL	9	1.0	20
43.13846	-21.66485	-57.59060	LAX_LV_EPICARDIAL	9	1.0	20
44.12242	-22.69629	-60.39339	LAX_LV_EPICARDIAL	9	1.0	20
44.23251	-22.62599	-63.20286	LAX_LV_EPICARDIAL	9	1.0	20
45.21647	-23.65743	-66.00565	LAX_LV_EPICARDIAL	9	1.0	20
45.32656	-23.58713	-68.81511	LAX_LV_EPICARDIAL	9	1.0	20
46.31053	-24.61857	-71.61791	LAX_LV_EPICARDIAL	9	1.0	20
46.42062	-24.54826	-74.42737	LAX_LV_EPICARDIAL	9	1.0	20
46.53070	-24.47796	-77.23684	LAX_LV_EPICARDIAL	9	1.0	20
46.64079	-24.40765	-80.04630	LAX_LV_EPICARDIAL	9	1.0	20
46.75088	-24.33735	-82.85577	LAX_LV_EPICARDIAL	9	1.0	20
46.86097	-24.26705	-85.66523	LAX_LV_EPICARDIAL	9	1.0	20
46.09719	-23.09500	-88.48137	LAX_LV_EPICARDIAL	9	1.0	20
45.33340	-21.92295	-91.29751	LAX_LV_EPICARDIAL	9	1.0	20
45.44349	-21.85265	-94.10698	LAX_LV_EPICARDIAL	9	1.0	20
44.67971	-20.68060	-96.92311	LAX_LV_EPICARDIAL	9	1.0	20
43.91592	-19.50855	-99.73925	LAX_LV_EPICARDIAL	9	1.0	20
43.15214	-18.33651	-102.55539	LAX_LV_EPICARDIAL	9	1.0	20
41.45944	-16.09787	-103.97347	LAX_LV_EPICARDIAL	9	1.0	20
39.76674	-13.85923	-105.39155	LAX_LV_EPICARDIAL	9	1.0	20
38.01899	-11.65574	-105.40489	LAX_LV_EPICARDIAL	9	1.0	20
36.21620	-9.48741	-104.01351	LAX_LV_EPICARDIAL	9	1.0	20
34.46845	-7.28392	-104.02685	LAX_LV_EPICARDIAL	9	1.0	20
32.66566	-5.11558	-102.63546	LAX_LV_EPICARDIAL	9	1.0	20
30.86287	-2.94725	-101.24408	LAX_LV_EPICARDIAL	9	1.0	20
29.06008	-0.77892	-99.85269	LAX_LV_EPICARDIAL	9	1.0	20
27.25729	1.38942	-98.46130	LAX_LV_EPICARDIAL	9	1.0	20
25.50954	3.59291	-98.47465	LAX_LV_EPICARDIAL	9	1.0	20
23.70675	5.76124	-97.08326	LAX_LV_EPICARDIAL	9	1.0	20
21.95900	7.96473	-97.09661	LAX_LV_EPICARDIAL	9	1.0	20
20.15621	10.13306	-95.70522	LAX_LV_EPICARDIAL	9	1.0	20
18.40847	12.33655	-95.71857	LAX_LV_EPICARDIAL	9	1.0	20
16.60567	14.50489	-94.32718	LAX_LV_EPICARDIAL	9	1.0	20
14.80288	16.67322	-92.93579	LAX_LV_EPICARDIAL	9	1.0	20
13.00009	18.84156	-91.54441	LAX_LV_EPICARDIAL	9	1.0	20
11.19730	21.00989	-90.15302	LAX_LV_EPICARDIAL	9	1.0	20
9.39451	23.17823	-88.76163	LAX_LV_EPICARDIAL	9	1.0	20
7.59172	25.34656	-87.37025	LAX_LV_EPICARDIAL	9	1.0	20
5.78893	27.51490	-85.97886	LAX_LV_EPICARDIAL	9	1.0	20
3.98614	29.68323	-84.58747	LAX_LV_EPICARDIAL	9	1.0	20
2.18335	31.85157	-83.19609	LAX_LV_EPICARDIAL	9	1.0	20
0.32551	33.98475	-80.39997	LAX_LV_EPICARDIAL	9	1.0	20
-1.47728	36.15308	-79.00858	LAX_LV_EPICARDIAL	9	1.0	20
-3.33512	38.28627	-76.21246	LAX_LV_EPICARDIAL	9	1.0	20
-5.19295	40.41945	-73.41634	LAX_LV_EPICARDIAL	9	1.0	20
-6.17692	41.45089	-70.61355	LAX_LV_EPICARDIAL	9	1.0	20
-7.16088	42.48233	-67.81076	LAX_LV_EPICARDIAL	9	1.0	20
-8.14484	43.51377	-65.00796	LAX_LV_EPICARDIAL	9	1.0	20
-8.25493	43.44346	-62.19850	LAX_LV_EPICARDIAL	9	1.0	20
-7.49114	42.27142	-59.38236	LAX_LV_EPICARDIAL	9	1.0	20
-6.72736	41.09937	-56.56622	LAX_LV_EPICARDIAL	9	1.0	20
-4.97961	38.89588	-56.55288	LAX_LV_EPICARDIAL	9	1.0	20
8.27994	19.14684	-15.70219	LAX_LV_EPICARDIAL	9	1.0	20
9.97264	16.90820	-14.28411	LAX_LV_EPICARDIAL	9	1.0	20
11.66534	14.66956	-12.86603	LAX_LV_EPICARDIAL	9	1.0	20
13.41309	12.46608	-12.85269	LAX_LV_EPICARDIAL	9	1.0	20
15.16084	10.26259	-12.83934	LAX_LV_EPICARDIAL	9	1.0	20
-3.39700	36.58694	-52.32533	MITRAL_VALVE	9	1.0	20
5.76841	22.52237	-18.53167	MITRAL_VALVE	9	1.0	20
-31.03982	-10.52195	-2.05479	LAX_RV_FREEWALL	8	1.0	1.0
-30.69571	-13.23885	-3.60002	LAX_RV_FREEWALL	8	1.0	1.0
-29.17074	-14.59730	-5.99100	LAX_RV_FREEWALL	8	1.0	1.0
-27.36686	-14.59730	-8.14882	LAX_RV_FREEWALL	8	1.0	1.0
-25.84189	-15.95575	-10.53979	LAX_RV_FREEWALL	8	1.0	1.0
-24.31692	-17.31420	-12.93077	LAX_RV_FREEWALL	8	1.0	1.0
-22.79195	-18.67265	-15.32175	LAX_RV_FREEWALL	8	1.0	1.0
-21.26699	-20.03110	-17.71273	LAX_RV_FREEWALL	8	1.0	1.0
-19.74202	-21.38955	-20.10371	LAX_RV_FREEWALL	8	1.0	1.0
-18.21705	-22.74800	-22.49469	LAX_RV_FREEWALL	8	1.0	1.0
-16.69208	-24.10645	-24.88567	LAX_RV_FREEWALL	8	1.0	1.0
-14.88820	-24.10646	-27.04349	LAX_RV_FREEWALL	8	1.0	1.0
-13.08432	-24.10646	-29.20131	LAX_RV_FREEWALL	8	1.0	1.0
-11.28044	-24.10646	-31.35912	LAX_RV_FREEWALL	8	1.0	1.0
-9.47655	-24.10646	-33.51694	LAX_RV_FREEWALL	8	1.0	1.0
-7.67267	-24.10646	-35.67476	LAX_RV_FREEWALL	8	1.0	1.0
-5.58988	-22.74802	-37.59941	LAX_RV_FREEWALL	8	1.0	1.0
-4.06491	-24.10647	-39.99039	LAX_RV_FREEWALL	8	1.0	1.0
-2.26103	-24.10647	-42.14821	LAX_RV_FREEWALL	8	1.0	1.0
-0.45715	-24.10647	-44.30603	LAX_RV_FREEWALL	8	1.0	1.0
1.06782	-25.46492	-46.69701	LAX_RV_FREEWALL	8	1.0	1.0
2.87170	-25.46492	-48.85483	LAX_RV_FREEWALL	8	1.0	1.0
4.95450	-24.10648	-50.77948	LAX_RV_FREEWALL	8	1.0	1.0
6.75838	-24.10648	-52.93730	LAX_RV_FREEWALL	8	1.0	1.0
-13.62404	-9.16352	-22.32089	LAX_RV_FREEWALL	8	1.0	1.0
-15.42792	-9.16352	-20.16307	LAX_RV_FREEWALL	8	1.0	1.0
-17.23180	-9.16351	-18.00526	LAX_RV_FREEWALL	8	1.0	1.0
-19.03568	-9.16351	-15.84744	LAX_RV_FREEWALL	8	1.0	1.0
-20.56065	-7.80506	-13.45646	LAX_RV_FREEWALL	8	1.0	1.0
-22.36453	-7.80506	-11.29864	LAX_RV_FREEWALL	8	1.0	1.0
-24.16841	-7.80506	-9.14082	LAX_RV_FREEWALL	8	1.0	1.0
-25.97229	-7.80506	-6.98301	LAX_RV_FREEWALL	8	1.0	1.0
-27.77618	-7.80506	-4.82519	LAX_RV_FREEWALL	8	1.0	1.0
-29.85897	-9.16350	-2.90053	LAX_RV_FREEWALL	8	1.0	1.0
-33.12262	-11.88040	-0.13013	LAX_RV_EPICARDIAL	8	1.0	1.0
-32.77850	-14.59730	-1.67536	LAX_RV_EPICARDIAL	8	1.0	1.0
-31.25353	-15.95575	-4.06634	LAX_RV_EPICARDIAL	8	1.0	1.0
-29.72857	-17.31420	-6.45732	LAX_RV_EPICARDIAL	8	1.0	1.0
-28.20360	-18.67265	-8.84830	LAX_RV_EPICARDIAL	8	1.0	1.0
-26.67863	-20.03110	-11.23928	LAX_RV_EPICARDIAL	8	1.0	1.0
-25.15366	-21.38955	-13.63026	LAX_RV_EPICARDIAL	8	1.0	1.0
-23.62869	-22.74800	-16.02124	LAX_RV_EPICARDIAL	8	1.0	1.0
-22.10372	-24.10645	-18.41222	LAX_RV_EPICARDIAL	8	1.0	1.0
-20.57876	-25.46490	-20.80320	LAX_RV_EPICARDIAL	8	1.0	1.0
-19.05379	-26.82335	-23.19418	LAX_RV_EPICARDIAL	8	1.0	1.0
-17.24991	-26.82335	-25.35199	LAX_RV_EPICARDIAL	8	1.0	1.0
-15.44602	-26.82335	-27.50981	LAX_RV_EPICARDIAL	8	1.0	1.0
-13.64214	-26.82336	-29.66763	LAX_RV_EPICARDIAL	8	1.0	1.0
-11.83826	-26.82336	-31.82545	LAX_RV_EPICARDIAL	8	1.0	1.0
-10.03438	-26.82336	-33.98326	LAX_RV_EPICARDIAL	8	1.0	1.0
-8.23050	-26.82336	-36.14108	LAX_RV_EPICARDIAL	8	1.0	1.0
-6.42662	-26.82336	-38.29890	LAX_RV_EPICARDIAL	8	1.0	1.0
-4.62274	-26.82336	-40.45672	LAX_RV_EPICARDIAL	8	1.0	1.0
-2.81886	-26.82337	-42.61453	LAX_RV_EPICARDIAL	8	1.0	1.0
-1.01497	-26.82337	-44.77235	LAX_RV_EPICARDIAL	8	1.0	1.0
0.78891	-26.82337	-46.93017	LAX_RV_EPICARDIAL	8	1.0	1.0
2.59279	-26.82337	-49.08799	LAX_RV_EPICARDIAL	8	1.0	1.0
4.39667	-26.82337	-51.24580	LAX_RV_EPICARDIAL	8	1.0	1.0
6.47946	-25.46493	-53.17046	LAX_RV_EPICARDIAL	8	1.0	1.0
8.28334	-25.46493	-55.32828	LAX_RV_EPICARDIAL	8	1.0	1.0
9.46420	-24.10648	-56.17402	LAX_RV_EPICARDIAL	8	1.0	1.0
-10.91822	-9.16352	-25.55762	LAX_RV_EPICARDIAL	8	1.0	1.0
-12.50839	-3.72972	-21.38824	LAX_RV_EPICARDIAL	8	1.0	1.0
-14.59118	-5.08817	-19.46359	LAX_RV_EPICARDIAL	8	1.0	1.0
-16.39506	-5.08817	-17.30577	LAX_RV_EPICARDIAL	8	1.0	1.0
-18.19894	-5.08817	-15.14795	LAX_RV_EPICARDIAL	8	1.0	1.0
-20.00283	-5.08816	-12.99013	LAX_RV_EPICARDIAL	8	1.0	1.0
-21.52779	-3.72971	-10.59916	LAX_RV_EPICARDIAL	8	1.0	1.0
-23.61059	-5.08816	-8.67450	LAX_RV_EPICARDIAL	8	1.0	1.0
-25.41447	-5.08816	-6.51668	LAX_RV_EPICARDIAL	8	1.0	1.0
-27.49726	-6.44661	-4.59203	LAX_RV_EPICARDIAL	8	1.0	1.0
-29.30114	-6.44660	-2.43421	LAX_RV_EPICARDIAL	8	1.0	1.0
-31.38394	-7.80505	-0.50955	LAX_RV_EPICARDIAL	8	1.0	1.0
-32.84370	-10.52195	0.10303	LAX_RV_EPICARDIAL	8	1.0	1.0
8.84117	-22.74803	-54.86195	LAX_RV_SEPTUM	8	1.0	1.0
7.31620	-21.38958	-52.47097	LAX_RV_SEPTUM	8	1.0	1.0
5.79123	-20.03113	-50.08000	LAX_RV_SEPTUM	8	1.0	1.0
4.26627	-18.67268	-47.68902	LAX_RV_SEPTUM	8	1.0	1.0
2.74130	-17.31423	-45.29804	LAX_RV_SEPTUM	8	1.0	1.0
0.93742	-17.31423	-43.14022	LAX_RV_SEPTUM	8	1.0	1.0
-0.58755	-15.95578	-40.74924	LAX_RV_SEPTUM	8	1.0	1.0
-2.11252	-14.59733	-38.35826	LAX_RV_SEPTUM	8	1.0	1.0
-3.63749	-13.23887	-35.96728	LAX_RV_SEPTUM	8	1.0	1.0
-5.16246	-11.88042	-33.57630	LAX_RV_SEPTUM	8	1.0	1.0
-6.68743	-10.52197	-31.18532	LAX_RV_SEPTUM	8	1.0	1.0
-8.49131	-10.52197	-29.02750	LAX_RV_SEPTUM	8	1.0	1.0
-10.01628	-9.16352	-26.63653	LAX_RV_SEPTUM	8	1.0	1.0
-11.82016	-9.16352	-24.47871	LAX_RV_SEPTUM	8	1.0	1.0
-10.98342	-5.08817	-23.77922	LAX_LV_EPICARDIAL	8	1.0	1.0
11.26808	-24.10648	-58.33184	LAX_LV_EPICARDIAL	8	1.0	1.0
13.07196	-24.10648	-60.48966	LAX_LV_EPICARDIAL	8	1.0	1.0
14.87584	-24.10648	-62.64748	LAX_LV_EPICARDIAL	8	1.0	1.0
16.40081	-25.46494	-65.03846	LAX_LV_EPICARDIAL	8	1.0	1.0
18.20469	-25.46494	-67.19627	LAX_LV_EPICARDIAL	8	1.0	1.0
20.00857	-25.46494	-69.35409	LAX_LV_EPICARDIAL	8	1.0	1.0
21.53354	-26.82339	-71.74507	LAX_LV_EPICARDIAL	8	1.0	1.0
23.33742	-26.82339	-73.90289	LAX_LV_EPICARDIAL	8	1.0	1.0
24.86239	-28.18184	-76.29387	LAX_LV_EPICARDIAL	8	1.0	1.0
26.66627	-28.18184	-78.45169	LAX_LV_EPICARDIAL	8	1.0	1.0
28.47015	-28.18184	-80.60950	LAX_LV_EPICARDIAL	8	1.0	1.0
30.27403	-28.18185	-82.76732	LAX_LV_EPICARDIAL	8	1.0	1.0
32.07792	-28.18185	-84.92514	LAX_LV_EPICARDIAL	8	1.0	1.0
33.88180	-28.18185	-87.08296	LAX_LV_EPICARDIAL	8	1.0	1.0
35.96459	-26.82340	-89.00761	LAX_LV_EPICARDIAL	8	1.0	1.0
37.76847	-26.82340	-91.16543	LAX_LV_EPICARDIAL	8	1.0	1.0
39.85127	-25.46496	-93.09008	LAX_LV_EPICARDIAL	8	1.0	1.0
42.21297	-22.74806	-94.78158	LAX_LV_EPICARDIAL	8	1.0	1.0
43.67274	-20.03117	-95.39416	LAX_LV_EPICARDIAL	8	1.0	1.0
45.13251	-17.31427	-96.00675	LAX_LV_EPICARDIAL	8	1.0	1.0
46.59227	-14.59737	-96.61933	LAX_LV_EPICARDIAL	8	1.0	1.0
47.15010	-11.88047	-96.15301	LAX_LV_EPICARDIAL	8	1.0	1.0
47.70792	-9.16358	-95.68669	LAX_LV_EPICARDIAL	8	1.0	1.0
47.36381	-6.44668	-94.14145	LAX_LV_EPICARDIAL	8	1.0	1.0
47.01969	-3.72978	-92.59622	LAX_LV_EPICARDIAL	8	1.0	1.0
46.67558	-1.01288	-91.05099	LAX_LV_EPICARDIAL	8	1.0	1.0
45.42952	1.70402	-88.42685	LAX_LV_EPICARDIAL	8	1.0	1.0
45.08541	4.42092	-86.88161	LAX_LV_EPICARDIAL	8	1.0	1.0
44.74129	7.13781	-85.33638	LAX_LV_EPICARDIAL	8	1.0	1.0
44.39718	9.85471	-83.79115	LAX_LV_EPICARDIAL	8	1.0	1.0
44.05306	12.57161	-82.24592	LAX_LV_EPICARDIAL	8	1.0	1.0
43.70895	15.28851	-80.70068	LAX_LV_EPICARDIAL	8	1.0	1.0
43.36483	18.00541	-79.15545	LAX_LV_EPICARDIAL	8	1.0	1.0
43.02072	20.72231	-77.61022	LAX_LV_EPICARDIAL	8	1.0	1.0
42.67660	23.43920	-76.06499	LAX_LV_EPICARDIAL	8	1.0	1.0
41.43055	26.15610	-73.44084	LAX_LV_EPICARDIAL	8	1.0	1.0
41.08643	28.87300	-71.89561	LAX_LV_EPICARDIAL	8	1.0	1.0
40.74232	31.58990	-70.35038	LAX_LV_EPICARDIAL	8	1.0	1.0
40.39820	34.30680	-68.80515	LAX_LV_EPICARDIAL	8	1.0	1.0
39.15215	37.02370	-66.18101	LAX_LV_EPICARDIAL	8	1.0	1.0
38.80803	39.74060	-64.63577	LAX_LV_EPICARDIAL	8	1.0	1.0
37.56198	42.45750	-62.01163	LAX_LV_EPICARDIAL	8	1.0	1.0
36.03701	43.81595	-59.62065	LAX_LV_EPICARDIAL	8	1.0	1.0
34.51204	45.17440	-57.22967	LAX_LV_EPICARDIAL	8	1.0	1.0
32.98707	46.53285	-54.83869	LAX_LV_EPICARDIAL	8	1.0	1.0
31.46210	47.89130	-52.44771	LAX_LV_EPICARDIAL	8	1.0	1.0
29.93713	49.24975	-50.05674	LAX_LV_EPICARDIAL	8	1.0	1.0
28.41217	50.60820	-47.66576	LAX_LV_EPICARDIAL	8	1.0	1.0
26.88720	51.96665	-45.27478	LAX_LV_EPICARDIAL	8	1.0	1.0
25.08332	51.96665	-43.11696	LAX_LV_EPICARDIAL	8	1.0	1.0
23.27943	51.96665	-40.95914	LAX_LV_EPICARDIAL	8	1.0	1.0
21.47555	51.96665	-38.80132	LAX_LV_EPICARDIAL	8	1.0	1.0
19.67167	51.96666	-36.64351	LAX_LV_EPICARDIAL	8	1.0	1.0
17.58888	50.60821	-34.71885	LAX_LV_EPICARDIAL	8	1.0	1.0
16.12911	47.89131	-34.10627	LAX_LV_EPICARDIAL	8	1.0	1.0
-3.88019	20.72235	-21.50696	LAX_LV_EPICARDIAL	8	1.0	1.0
-5.68408	20.72235	-19.34915	LAX_LV_EPICARDIAL	8	1.0	1.0
-8.96583	0.34562	-23.92548	LAX_LV_ENDOCARDIAL	8	1.0	1.0
-6.88303	1.70407	-25.85014	LAX_LV_ENDOCARDIAL	8	1.0	1.0
-5.07915	1.70407	-28.00796	LAX_LV_ENDOCARDIAL	8	1.0	1.0
-3.27527	1.70406	-30.16577	LAX_LV_ENDOCARDIAL	8	1.0	1.0
-1.47139	1.70406	-32.32359	LAX_LV_ENDOCARDIAL	8	1.0	1.0
0.33249	1.70406	-34.48141	LAX_LV_ENDOCARDIAL	8	1.0	1.0
1.85746	0.34561	-36.87239	LAX_LV_ENDOCARDIAL	8	1.0	1.0
3.38243	-1.01284	-39.26337	LAX_LV_ENDOCARDIAL	8	1.0	1.0
4.62848	-3.72974	-41.88751	LAX_LV_ENDOCARDIAL	8	1.0	1.0
6.15345	-5.08819	-44.27849	LAX_LV_ENDOCARDIAL	8	1.0	1.0
7.39951	-7.80509	-46.90263	LAX_LV_ENDOCARDIAL	8	1.0	1.0
8.92448	-9.16354	-49.29361	LAX_LV_ENDOCARDIAL	8	1.0	1.0
10.44945	-10.52199	-51.68459	LAX_LV_ENDOCARDIAL	8	1.0	1.0
11.97441	-11.88044	-54.07557	LAX_LV_ENDOCARDIAL	8	1.0	1.0
13.49938	-13.23889	-56.46655	LAX_LV_ENDOCARDIAL	8	1.0	1.0
15.02435	-14.59734	-58.85753	LAX_LV_ENDOCARDIAL	8	1.0	1.0
16.54932	-15.95579	-61.24851	LAX_LV_ENDOCARDIAL	8	1.0	1.0
18.35320	-15.95579	-63.40632	LAX_LV_ENDOCARDIAL	8	1.0	1.0
19.87817	-17.31424	-65.79730	LAX_LV_ENDOCARDIAL	8	1.0	1.0
21.40314	-18.67269	-68.18828	LAX_LV_ENDOCARDIAL	8	1.0	1.0
23.20702	-18.67270	-70.34610	LAX_LV_ENDOCARDIAL	8	1.0	1.0
24.73199	-20.03115	-72.73708	LAX_LV_ENDOCARDIAL	8	1.0	1.0
26.25696	-21.38960	-75.12806	LAX_LV_ENDOCARDIAL	8	1.0	1.0
28.06084	-21.38960	-77.28588	LAX_LV_ENDOCARDIAL	8	1.0	1.0
29.86472	-21.38960	-79.44369	LAX_LV_ENDOCARDIAL	8	1.0	1.0
31.38969	-22.74805	-81.83467	LAX_LV_ENDOCARDIAL	8	1.0	1.0
33.19357	-22.74805	-83.99249	LAX_LV_ENDOCARDIAL	8	1.0	1.0
34.99745	-22.74806	-86.15031	LAX_LV_ENDOCARDIAL	8	1.0	1.0
36.80133	-22.74806	-88.30812	LAX_LV_ENDOCARDIAL	8	1.0	1.0
38.60521	-22.74806	-90.46594	LAX_LV_ENDOCARDIAL	8	1.0	1.0
40.68801	-21.38961	-92.39060	LAX_LV_ENDOCARDIAL	8	1.0	1.0
42.14777	-18.67271	-93.00318	LAX_LV_ENDOCARDIAL	8	1.0	1.0
43.60754	-15.95582	-93.61577	LAX_LV_ENDOCARDIAL	8	1.0	1.0
44.16536	-13.23892	-93.14944	LAX_LV_ENDOCARDIAL	8	1.0	1.0
43.82125	-10.52202	-91.60421	LAX_LV_ENDOCARDIAL	8	1.0	1.0
43.47713	-7.80512	-90.05898	LAX_LV_ENDOCARDIAL	8	1.0	1.0
42.23108	-5.08822	-87.43484	LAX_LV_ENDOCARDIAL	8	1.0	1.0
41.88696	-2.37133	-85.88961	LAX_LV_ENDOCARDIAL	8	1.0	1.0
41.54285	0.34557	-84.34437	LAX_LV_ENDOCARDIAL	8	1.0	1.0
41.19873	3.06247	-82.79914	LAX_LV_ENDOCARDIAL	8	1.0	1.0
39.95268	5.77937	-80.17500	LAX_LV_ENDOCARDIAL	8	1.0	1.0
39.60856	8.49627	-78.62977	LAX_LV_ENDOCARDIAL	8	1.0	1.0
38.36251	11.21317	-76.00563	LAX_LV_ENDOCARDIAL	8	1.0	1.0
38.01839	13.93007	-74.46039	LAX_LV_ENDOCARDIAL	8	1.0	1.0
37.67428	16.64696	-72.91516	LAX_LV_ENDOCARDIAL	8	1.0	1.0
37.33016	19.36386	-71.36993	LAX_LV_ENDOCARDIAL	8	1.0	1.0
36.98605	22.08076	-69.82470	LAX_LV_ENDOCARDIAL	8	1.0	1.0
35.73999	24.79766	-67.20055	LAX_LV_ENDOCARDIAL	8	1.0	1.0
35.39588	27.51456	-65.65532	LAX_LV_ENDOCARDIAL	8	1.0	1.0
34.14982	30.23146	-63.03118	LAX_LV_ENDOCARDIAL	8	1.0	1.0
33.80571	32.94836	-61.48595	LAX_LV_ENDOCARDIAL	8	1.0	1.0
32.28074	34.30681	-59.09497	LAX_LV_ENDOCARDIAL	8	1.0	1.0
30.75577	35.66526	-56.70399	LAX_LV_ENDOCARDIAL	8	1.0	1.0
29.23080	37.02371	-54.31301	LAX_LV_ENDOCARDIAL	8	1.0	1.0
27.70583	38.38216	-51.92203	LAX_LV_ENDOCARDIAL	8	1.0	1.0
26.45978	41.09906	-49.29789	LAX_LV_ENDOCARDIAL	8	1.0	1.0
24.93481	42.45751	-46.90691	LAX_LV_ENDOCARDIAL	8	1.0	1.0
23.40984	43.81596	-44.51593	LAX_LV_ENDOCARDIAL	8	1.0	1.0
21.88487	45.17441	-42.12495	LAX_LV_ENDOCARDIAL	8	1.0	1.0
19.80208	43.81596	-40.20030	LAX_LV_ENDOCARDIAL	8	1.0	1.0
17.99820	43.81596	-38.04248	LAX_LV_ENDOCARDIAL	8	1.0	1.0
-2.97825	20.72235	-22.58587	LAX_LV_ENDOCARDIAL	8	1.0	1.0
-4.78214	20.72235	-20.42806	LAX_LV_ENDOCARDIAL	8	1.0	1.0
-6.58602	20.72235	-18.27024	LAX_LV_ENDOCARDIAL	8	1.0	1.0
-33.12262	-11.88040	-0.13013	LAX_RV_EPICARDIAL	8	1.0	1.0
-32.77850	-14.59730	-1.67536	LAX_RV_EPICARDIAL	8	1.0	1.0
-31.25353	-15.95575	-4.06634	LAX_RV_EPICARDIAL	8	1.0	1.0
-29.72857	-17.31420	-6.45732	LAX_RV_EPICARDIAL	8	1.0	1.0
-28.20360	-18.67265	-8.84830	LAX_RV_EPICARDIAL	8	1.0	1.0
-26.67863	-20.03110	-11.23928	LAX_RV_EPICARDIAL	8	1.0	1.0
-25.15366	-21.38955	-13.63026	LAX_RV_EPICARDIAL	8	1.0	1.0
-23.62869	-22.74800	-16.02124	LAX_RV_EPICARDIAL	8	1.0	1.0
-22.10372	-24.10645	-18.41222	LAX_RV_EPICARDIAL	8	1.0	1.0
-20.57876	-25.46490	-20.80320	LAX_RV_EPICARDIAL	8	1.0	1.0
-19.05379	-26.82335	-23.19418	LAX_RV_EPICARDIAL	8	1.0	1.0
-17.24991	-26.82335	-25.35199	LAX_RV_EPICARDIAL	8	1.0	1.0
-15.44602	-26.82335	-27.50981	LAX_RV_EPICARDIAL	8	1.0	1.0
-13.64214	-26.82336	-29.66763	LAX_RV_EPICARDIAL	8	1.0	1.0
-11.83826	-26.82336	-31.82545	LAX_RV_EPICARDIAL	8	1.0	1.0
-10.03438	-26.82336	-33.98326	LAX_RV_EPICARDIAL	8	1.0	1.0
-8.23050	-26.82336	-36.14108	LAX_RV_EPICARDIAL	8	1.0	1.0
-6.42662	-26.82336	-38.29890	LAX_RV_EPICARDIAL	8	1.0	1.0
-4.62274	-26.82336	-40.45672	LAX_RV_EPICARDIAL	8	1.0	1.0
-2.81886	-26.82337	-42.61453	LAX_RV_EPICARDIAL	8	1.0	1.0
-1.01497	-26.82337	-44.77235	LAX_RV_EPICARDIAL	8	1.0	1.0
0.78891	-26.82337	-46.93017	LAX_RV_EPICARDIAL	8	1.0	1.0
2.59279	-26.82337	-49.08799	LAX_RV_EPICARDIAL	8	1.0	1.0
4.39667	-26.82337	-51.24580	LAX_RV_EPICARDIAL	8	1.0	1.0
6.47946	-25.46493	-53.17046	LAX_RV_EPICARDIAL	8	1.0	1.0
8.28334	-25.46493	-55.32828	LAX_RV_EPICARDIAL	8	1.0	1.0
9.46420	-24.10648	-56.17402	LAX_RV_EPICARDIAL	8	1.0	1.0
-10.91822	-9.16352	-25.55762	LAX_RV_EPICARDIAL	8	1.0	1.0
-12.50839	-3.72972	-21.38824	LAX_RV_EPICARDIAL	8	1.0	1.0
-14.59118	-5.08817	-19.46359	LAX_RV_EPICARDIAL	8	1.0	1.0
-16.39506	-5.08817	-17.30577	LAX_RV_EPICARDIAL	8	1.0	1.0
-18.19894	-5.08817	-15.14795	LAX_RV_EPICARDIAL	8	1.0	1.0
-20.00283	-5.08816	-12.99013	LAX_RV_EPICARDIAL	8	1.0	1.0
-21.52779	-3.72971	-10.59916	LAX_RV_EPICARDIAL	8	1.0	1.0
-23.61059	-5.08816	-8.67450	LAX_RV_EPICARDIAL	8	1.0	1.0
-25.41447	-5.08816	-6.51668	LAX_RV_EPICARDIAL	8	1.0	1.0
-27.49726	-6.44661	-4.59203	LAX_RV_EPICARDIAL	8	1.0	1.0
-29.30114	-6.44660	-2.43421	LAX_RV_EPICARDIAL	8	1.0	1.0
-31.38394	-7.80505	-0.50955	LAX_RV_EPICARDIAL	8	1.0	1.0
-32.84370	-10.52195	0.10303	LAX_RV_EPICARDIAL	8	1.0	1.0
0.00648	22.08080	-25.58944	MITRAL_VALVE	8	1.0	1.0
16.53843	41.09907	-37.42989	MITRAL_VALVE	8	1.0	1.0
-11.67165	0.34562	-20.68876	AORTA_VALVE	8	1.0	1.0
-8.66881	19.36391	-16.34558	AORTA_VALVE	8	1.0	1.0
-63.31557	6.29087	-70.28865	LAX_RV_FREEWALL	7	1.0	20
-65.89362	4.68958	-72.85962	LAX_RV_FREEWALL	7	1.0	20
-65.67210	3.08829	-75.16113	LAX_RV_FREEWALL	7	1.0	20
-65.45059	1.48700	-77.46264	LAX_RV_FREEWALL	7	1.0	20
-63.82930	-0.11429	-79.62942	LAX_RV_FREEWALL	7	1.0	20
-62.20800	-1.71558	-81.79621	LAX_RV_FREEWALL	7	1.0	20
-60.58671	-3.31687	-83.96300	LAX_RV_FREEWALL	7	1.0	20
-58.96541	-4.91816	-86.12978	LAX_RV_FREEWALL	7	1.0	20
-57.34412	-6.51946	-88.29657	LAX_RV_FREEWALL	7	1.0	20
-55.72282	-8.12075	-90.46335	LAX_RV_FREEWALL	7	1.0	20
-52.70175	-9.72204	-92.49542	LAX_RV_FREEWALL	7	1.0	20
-49.68067	-11.32333	-94.52748	LAX_RV_FREEWALL	7	1.0	20
-46.77035	-12.12398	-95.40878	LAX_RV_FREEWALL	7	1.0	20
-43.74928	-13.72527	-97.44085	LAX_RV_FREEWALL	7	1.0	20
-40.72820	-15.32656	-99.47291	LAX_RV_FREEWALL	7	1.0	20
-37.81788	-16.12721	-100.35421	LAX_RV_FREEWALL	7	1.0	20
-34.90757	-16.92786	-101.23552	LAX_RV_FREEWALL	7	1.0	20
-31.99725	-17.72850	-102.11683	LAX_RV_FREEWALL	7	1.0	20
-29.08693	-18.52915	-102.99813	LAX_RV_FREEWALL	7	1.0	20
-26.17661	-19.32979	-103.87944	LAX_RV_FREEWALL	7	1.0	20
-23.37705	-19.32980	-103.60999	LAX_RV_FREEWALL	7	1.0	20
-20.46673	-20.13044	-104.49129	LAX_RV_FREEWALL	7	1.0	20
-17.55641	-20.93109	-105.37260	LAX_RV_FREEWALL	7	1.0	20
-14.75685	-20.93109	-105.10315	LAX_RV_FREEWALL	7	1.0	20
-11.84653	-21.73174	-105.98446	LAX_RV_FREEWALL	7	1.0	20
-8.93621	-22.53238	-106.86576	LAX_RV_FREEWALL	7	1.0	20
-6.13664	-22.53238	-106.59631	LAX_RV_FREEWALL	7	1.0	20
-3.33708	-22.53238	-106.32687	LAX_RV_FREEWALL	7	1.0	20
-0.53752	-22.53238	-106.05742	LAX_RV_FREEWALL	7	1.0	20
2.37280	-23.33303	-106.93872	LAX_RV_FREEWALL	7	1.0	20
5.17236	-23.33303	-106.66927	LAX_RV_FREEWALL	7	1.0	20
8.08268	-24.13368	-107.55058	LAX_RV_FREEWALL	7	1.0	20
10.99300	-24.93432	-108.43189	LAX_RV_FREEWALL	7	1.0	20
13.79256	-24.93433	-108.16244	LAX_RV_FREEWALL	7	1.0	20
16.59212	-24.93433	-107.89299	LAX_RV_FREEWALL	7	1.0	20
19.39169	-24.93433	-107.62354	LAX_RV_FREEWALL	7	1.0	20
22.08049	-24.13368	-106.20333	LAX_RV_FREEWALL	7	1.0	20
24.65854	-22.53239	-103.63237	LAX_RV_FREEWALL	7	1.0	20
-62.13730	7.89217	-67.85242	LAX_RV_EPICARDIAL	7	1.0	20
-65.04762	8.69281	-66.97111	LAX_RV_EPICARDIAL	7	1.0	20
-67.62567	7.09152	-69.54207	LAX_RV_EPICARDIAL	7	1.0	20
-68.80394	5.49023	-71.97831	LAX_RV_EPICARDIAL	7	1.0	20
-69.98220	3.88894	-74.41454	LAX_RV_EPICARDIAL	7	1.0	20
-69.76069	2.28765	-76.71606	LAX_RV_EPICARDIAL	7	1.0	20
-69.53918	0.68636	-79.01757	LAX_RV_EPICARDIAL	7	1.0	20
-67.91788	-0.91493	-81.18435	LAX_RV_EPICARDIAL	7	1.0	20
-67.69637	-2.51623	-83.48586	LAX_RV_EPICARDIAL	7	1.0	20
-66.07508	-4.11752	-85.65265	LAX_RV_EPICARDIAL	7	1.0	20
-64.45378	-5.71881	-87.81944	LAX_RV_EPICARDIAL	7	1.0	20
-62.83249	-7.32010	-89.98622	LAX_RV_EPICARDIAL	7	1.0	20
-61.21119	-8.92139	-92.15301	LAX_RV_EPICARDIAL	7	1.0	20
-59.58990	-10.52268	-94.31979	LAX_RV_EPICARDIAL	7	1.0	20
-56.67958	-11.32333	-95.20110	LAX_RV_EPICARDIAL	7	1.0	20
-53.65850	-12.92462	-97.23316	LAX_RV_EPICARDIAL	7	1.0	20
-50.74819	-13.72527	-98.11447	LAX_RV_EPICARDIAL	7	1.0	20
-47.72711	-15.32656	-100.14653	LAX_RV_EPICARDIAL	7	1.0	20
-44.70603	-16.92785	-102.17859	LAX_RV_EPICARDIAL	7	1.0	20
-41.79572	-17.72850	-103.05990	LAX_RV_EPICARDIAL	7	1.0	20
-38.88540	-18.52915	-103.94120	LAX_RV_EPICARDIAL	7	1.0	20
-35.97508	-19.32979	-104.82251	LAX_RV_EPICARDIAL	7	1.0	20
-33.06476	-20.13044	-105.70382	LAX_RV_EPICARDIAL	7	1.0	20
-30.26520	-20.13044	-105.43437	LAX_RV_EPICARDIAL	7	1.0	20
-27.35488	-20.93109	-106.31567	LAX_RV_EPICARDIAL	7	1.0	20
-24.44456	-21.73173	-107.19698	LAX_RV_EPICARDIAL	7	1.0	20
-21.53424	-22.53238	-108.07829	LAX_RV_EPICARDIAL	7	1.0	20
-18.73468	-22.53238	-107.80884	LAX_RV_EPICARDIAL	7	1.0	20
-15.82436	-23.33303	-108.69014	LAX_RV_EPICARDIAL	7	1.0	20
-12.91404	-24.13367	-109.57145	LAX_RV_EPICARDIAL	7	1.0	20
-10.11448	-24.13367	-109.30200	LAX_RV_EPICARDIAL	7	1.0	20
-7.20416	-24.93432	-110.18331	LAX_RV_EPICARDIAL	7	1.0	20
-4.40459	-24.93432	-109.91386	LAX_RV_EPICARDIAL	7	1.0	20
-1.60503	-24.93432	-109.64441	LAX_RV_EPICARDIAL	7	1.0	20
1.19453	-24.93432	-109.37496	LAX_RV_EPICARDIAL	7	1.0	20
3.99409	-24.93432	-109.10551	LAX_RV_EPICARDIAL	7	1.0	20
6.90441	-25.73497	-109.98681	LAX_RV_EPICARDIAL	7	1.0	20
9.70398	-25.73497	-109.71737	LAX_RV_EPICARDIAL	7	1.0	20
12.61429	-26.53562	-110.59867	LAX_RV_EPICARDIAL	7	1.0	20
15.41386	-26.53562	-110.32922	LAX_RV_EPICARDIAL	7	1.0	20
18.21342	-26.53562	-110.05977	LAX_RV_EPICARDIAL	7	1.0	20
20.90223	-25.73497	-108.63957	LAX_RV_EPICARDIAL	7	1.0	20
23.59103	-24.93433	-107.21936	LAX_RV_EPICARDIAL	7	1.0	20
26.27984	-24.13368	-105.79916	LAX_RV_EPICARDIAL	7	1.0	20
23.03725	-20.93110	-101.46559	LAX_RV_SEPTUM	7	1.0	20
20.01617	-19.32981	-99.43352	LAX_RV_SEPTUM	7	1.0	20
16.99510	-17.72852	-97.40146	LAX_RV_SEPTUM	7	1.0	20
13.97402	-16.12722	-95.36940	LAX_RV_SEPTUM	7	1.0	20
11.06370	-15.32658	-94.48809	LAX_RV_SEPTUM	7	1.0	20
8.04263	-13.72529	-92.45603	LAX_RV_SEPTUM	7	1.0	20
5.02155	-12.12399	-90.42397	LAX_RV_SEPTUM	7	1.0	20
3.40026	-10.52270	-88.25719	LAX_RV_SEPTUM	7	1.0	20
0.37918	-8.92141	-86.22512	LAX_RV_SEPTUM	7	1.0	20
-2.64189	-7.32012	-84.19306	LAX_RV_SEPTUM	7	1.0	20
-4.26319	-5.71883	-82.02628	LAX_RV_SEPTUM	7	1.0	20
-5.88448	-4.11753	-79.85949	LAX_RV_SEPTUM	7	1.0	20
-7.50578	-2.51624	-77.69270	LAX_RV_SEPTUM	7	1.0	20
-9.12707	-0.91495	-75.52592	LAX_RV_SEPTUM	7	1.0	20
-10.74837	0.68634	-73.35913	LAX_RV_SEPTUM	7	1.0	20
-12.36966	2.28763	-71.19234	LAX_RV_SEPTUM	7	1.0	20
-13.99095	3.88892	-69.02556	LAX_RV_SEPTUM	7	1.0	20
-17.01203	5.49022	-66.99350	LAX_RV_SEPTUM	7	1.0	20
-18.63332	7.09151	-64.82671	LAX_RV_SEPTUM	7	1.0	20
-20.25462	8.69280	-62.65992	LAX_RV_SEPTUM	7	1.0	20
-21.87591	10.29409	-60.49314	LAX_RV_SEPTUM	7	1.0	20
-23.49721	11.89538	-58.32635	LAX_RV_SEPTUM	7	1.0	20
-25.11850	13.49667	-56.15957	LAX_RV_SEPTUM	7	1.0	20
19.04061	38.31668	-15.90551	LAX_LV_EPICARDIAL	7	1.0	20
-20.95921	23.90507	-40.66085	LAX_LV_EPICARDIAL	7	1.0	20
-22.13748	22.30378	-43.09708	LAX_LV_EPICARDIAL	7	1.0	20
-23.31575	20.70248	-45.53332	LAX_LV_EPICARDIAL	7	1.0	20
-24.49402	19.10119	-47.96955	LAX_LV_EPICARDIAL	7	1.0	20
-24.27250	17.49990	-50.27106	LAX_LV_EPICARDIAL	7	1.0	20
-24.05099	15.89861	-52.57257	LAX_LV_EPICARDIAL	7	1.0	20
25.83681	-20.93110	-101.19614	LAX_LV_EPICARDIAL	7	1.0	20
28.74713	-21.73175	-102.07744	LAX_LV_EPICARDIAL	7	1.0	20
31.54669	-21.73175	-101.80799	LAX_LV_EPICARDIAL	7	1.0	20
34.45701	-22.53239	-102.68930	LAX_LV_EPICARDIAL	7	1.0	20
37.25657	-22.53239	-102.41985	LAX_LV_EPICARDIAL	7	1.0	20
39.94538	-21.73175	-100.99965	LAX_LV_EPICARDIAL	7	1.0	20
42.52343	-20.13046	-98.42869	LAX_LV_EPICARDIAL	7	1.0	20
43.81245	-19.32981	-97.14321	LAX_LV_EPICARDIAL	7	1.0	20
46.39050	-17.72852	-94.57224	LAX_LV_EPICARDIAL	7	1.0	20
47.56877	-16.12723	-92.13601	LAX_LV_EPICARDIAL	7	1.0	20
48.74704	-14.52594	-89.69977	LAX_LV_EPICARDIAL	7	1.0	20
49.92531	-12.92465	-87.26354	LAX_LV_EPICARDIAL	7	1.0	20
51.10358	-11.32336	-84.82730	LAX_LV_EPICARDIAL	7	1.0	20
52.28184	-9.72207	-82.39107	LAX_LV_EPICARDIAL	7	1.0	20
53.46011	-8.12078	-79.95483	LAX_LV_EPICARDIAL	7	1.0	20
54.63838	-6.51949	-77.51860	LAX_LV_EPICARDIAL	7	1.0	20
54.41687	-4.91820	-75.21708	LAX_LV_EPICARDIAL	7	1.0	20
55.59514	-3.31691	-72.78085	LAX_LV_EPICARDIAL	7	1.0	20
56.77340	-1.71561	-70.34461	LAX_LV_EPICARDIAL	7	1.0	20
56.55189	-0.11432	-68.04310	LAX_LV_EPICARDIAL	7	1.0	20
56.33038	1.48697	-65.74159	LAX_LV_EPICARDIAL	7	1.0	20
56.10886	3.08826	-63.44008	LAX_LV_EPICARDIAL	7	1.0	20
55.88735	4.68955	-61.13857	LAX_LV_EPICARDIAL	7	1.0	20
55.66584	6.29084	-58.83706	LAX_LV_EPICARDIAL	7	1.0	20
55.44433	7.89213	-56.53555	LAX_LV_EPICARDIAL	7	1.0	20
53.82303	9.49342	-54.36876	LAX_LV_EPICARDIAL	7	1.0	20
53.60152	11.09472	-52.06725	LAX_LV_EPICARDIAL	7	1.0	20
53.38001	12.69601	-49.76574	LAX_LV_EPICARDIAL	7	1.0	20
53.15849	14.29730	-47.46423	LAX_LV_EPICARDIAL	7	1.0	20
51.53720	15.89859	-45.29744	LAX_LV_EPICARDIAL	7	1.0	20
51.31568	17.49988	-42.99593	LAX_LV_EPICARDIAL	7	1.0	20
51.09417	19.10117	-40.69442	LAX_LV_EPICARDIAL	7	1.0	20
49.47288	20.70246	-38.52763	LAX_LV_EPICARDIAL	7	1.0	20
49.25136	22.30375	-36.22612	LAX_LV_EPICARDIAL	7	1.0	20
47.63007	23.90505	-34.05934	LAX_LV_EPICARDIAL	7	1.0	20
46.00878	25.50634	-31.89255	LAX_LV_EPICARDIAL	7	1.0	20
44.38748	27.10763	-29.72576	LAX_LV_EPICARDIAL	7	1.0	20
42.76619	28.70892	-27.55898	LAX_LV_EPICARDIAL	7	1.0	20
41.14489	30.31021	-25.39219	LAX_LV_EPICARDIAL	7	1.0	20
39.52360	31.91150	-23.22541	LAX_LV_EPICARDIAL	7	1.0	20
36.50252	33.51280	-21.19334	LAX_LV_EPICARDIAL	7	1.0	20
33.48145	35.11409	-19.16128	LAX_LV_EPICARDIAL	7	1.0	20
30.46037	36.71538	-17.12922	LAX_LV_EPICARDIAL	7	1.0	20
27.55005	37.51603	-16.24791	LAX_LV_EPICARDIAL	7	1.0	20
24.63973	38.31667	-15.36661	LAX_LV_EPICARDIAL	7	1.0	20
21.84017	38.31667	-15.63606	LAX_LV_EPICARDIAL	7	1.0	20
-19.55943	23.90507	-40.52612	LAX_LV_ENDOCARDIAL	7	1.0	20
-19.33792	22.30377	-42.82763	LAX_LV_ENDOCARDIAL	7	1.0	20
-17.71662	20.70248	-44.99442	LAX_LV_ENDOCARDIAL	7	1.0	20
-17.49511	19.10119	-47.29593	LAX_LV_ENDOCARDIAL	7	1.0	20
-17.27360	17.49990	-49.59744	LAX_LV_ENDOCARDIAL	7	1.0	20
-17.05208	15.89861	-51.89895	LAX_LV_ENDOCARDIAL	7	1.0	20
-15.43079	14.29732	-54.06574	LAX_LV_ENDOCARDIAL	7	1.0	20
-13.80949	12.69603	-56.23252	LAX_LV_ENDOCARDIAL	7	1.0	20
-12.18820	11.09473	-58.39931	LAX_LV_ENDOCARDIAL	7	1.0	20
-9.16712	9.49344	-60.43137	LAX_LV_ENDOCARDIAL	7	1.0	20
-7.54583	7.89215	-62.59816	LAX_LV_ENDOCARDIAL	7	1.0	20
-4.52475	6.29086	-64.63022	LAX_LV_ENDOCARDIAL	7	1.0	20
-2.90346	4.68957	-66.79701	LAX_LV_ENDOCARDIAL	7	1.0	20
-1.28217	3.08827	-68.96379	LAX_LV_ENDOCARDIAL	7	1.0	20
0.33913	1.48698	-71.13058	LAX_LV_ENDOCARDIAL	7	1.0	20
1.96042	-0.11431	-73.29736	LAX_LV_ENDOCARDIAL	7	1.0	20
3.58172	-1.71560	-75.46415	LAX_LV_ENDOCARDIAL	7	1.0	20
5.20301	-3.31689	-77.63094	LAX_LV_ENDOCARDIAL	7	1.0	20
6.82431	-4.91818	-79.79772	LAX_LV_ENDOCARDIAL	7	1.0	20
9.84538	-6.51948	-81.82978	LAX_LV_ENDOCARDIAL	7	1.0	20
11.46668	-8.12077	-83.99657	LAX_LV_ENDOCARDIAL	7	1.0	20
14.48775	-9.72206	-86.02863	LAX_LV_ENDOCARDIAL	7	1.0	20
16.10905	-11.32335	-88.19542	LAX_LV_ENDOCARDIAL	7	1.0	20
19.13012	-12.92464	-90.22748	LAX_LV_ENDOCARDIAL	7	1.0	20
22.15120	-14.52593	-92.25954	LAX_LV_ENDOCARDIAL	7	1.0	20
25.17227	-16.12723	-94.29160	LAX_LV_ENDOCARDIAL	7	1.0	20
28.19335	-17.72852	-96.32367	LAX_LV_ENDOCARDIAL	7	1.0	20
31.10367	-18.52917	-97.20497	LAX_LV_ENDOCARDIAL	7	1.0	20
34.12474	-20.13046	-99.23703	LAX_LV_ENDOCARDIAL	7	1.0	20
36.92430	-20.13046	-98.96758	LAX_LV_ENDOCARDIAL	7	1.0	20
39.61311	-19.32981	-97.54738	LAX_LV_ENDOCARDIAL	7	1.0	20
42.19116	-17.72852	-94.97642	LAX_LV_ENDOCARDIAL	7	1.0	20
43.36943	-16.12723	-92.54018	LAX_LV_ENDOCARDIAL	7	1.0	20
43.14791	-14.52594	-90.23867	LAX_LV_ENDOCARDIAL	7	1.0	20
44.32618	-12.92465	-87.80244	LAX_LV_ENDOCARDIAL	7	1.0	20
44.10467	-11.32336	-85.50093	LAX_LV_ENDOCARDIAL	7	1.0	20
45.28294	-9.72207	-83.06469	LAX_LV_ENDOCARDIAL	7	1.0	20
46.46121	-8.12078	-80.62845	LAX_LV_ENDOCARDIAL	7	1.0	20
46.23969	-6.51949	-78.32694	LAX_LV_ENDOCARDIAL	7	1.0	20
47.41796	-4.91819	-75.89071	LAX_LV_ENDOCARDIAL	7	1.0	20
48.59623	-3.31690	-73.45447	LAX_LV_ENDOCARDIAL	7	1.0	20
48.37472	-1.71561	-71.15296	LAX_LV_ENDOCARDIAL	7	1.0	20
48.15320	-0.11432	-68.85145	LAX_LV_ENDOCARDIAL	7	1.0	20
49.33147	1.48697	-66.41522	LAX_LV_ENDOCARDIAL	7	1.0	20
49.10996	3.08826	-64.11370	LAX_LV_ENDOCARDIAL	7	1.0	20
48.88845	4.68955	-61.81219	LAX_LV_ENDOCARDIAL	7	1.0	20
48.66693	6.29084	-59.51068	LAX_LV_ENDOCARDIAL	7	1.0	20
48.44542	7.89213	-57.20917	LAX_LV_ENDOCARDIAL	7	1.0	20
48.22391	9.49343	-54.90766	LAX_LV_ENDOCARDIAL	7	1.0	20
48.00239	11.09472	-52.60615	LAX_LV_ENDOCARDIAL	7	1.0	20
46.38110	12.69601	-50.43936	LAX_LV_ENDOCARDIAL	7	1.0	20
46.15959	14.29730	-48.13785	LAX_LV_ENDOCARDIAL	7	1.0	20
45.93807	15.89859	-45.83634	LAX_LV_ENDOCARDIAL	7	1.0	20
44.31678	17.49988	-43.66956	LAX_LV_ENDOCARDIAL	7	1.0	20
44.09527	19.10117	-41.36804	LAX_LV_ENDOCARDIAL	7	1.0	20
42.47397	20.70247	-39.20126	LAX_LV_ENDOCARDIAL	7	1.0	20
40.85268	22.30376	-37.03447	LAX_LV_ENDOCARDIAL	7	1.0	20
39.23138	23.90505	-34.86769	LAX_LV_ENDOCARDIAL	7	1.0	20
36.21031	25.50634	-32.83562	LAX_LV_ENDOCARDIAL	7	1.0	20
34.58901	27.10763	-30.66884	LAX_LV_ENDOCARDIAL	7	1.0	20
32.96772	28.70892	-28.50205	LAX_LV_ENDOCARDIAL	7	1.0	20
29.94664	30.31022	-26.46999	LAX_LV_ENDOCARDIAL	7	1.0	20
28.43611	31.11086	-25.45396	LAX_LV_ENDOCARDIAL	7	1.0	20
25.41503	32.71215	-23.42190	LAX_LV_ENDOCARDIAL	7	1.0	20
22.50471	33.51280	-22.54059	LAX_LV_ENDOCARDIAL	7	1.0	20
19.48363	35.11409	-20.50853	LAX_LV_ENDOCARDIAL	7	1.0	20
-62.13730	7.89217	-67.85242	LAX_RV_EPICARDIAL	7	1.0	20
-65.04762	8.69281	-66.97111	LAX_RV_EPICARDIAL	7	1.0	20
-67.62567	7.09152	-69.54207	LAX_RV_EPICARDIAL	7	1.0	20
-68.80394	5.49023	-71.97831	LAX_RV_EPICARDIAL	7	1.0	20
-69.98220	3.88894	-74.41454	LAX_RV_EPICARDIAL	7	1.0	20
-69.76069	2.28765	-76.71606	LAX_RV_EPICARDIAL	7	1.0	20
-69.53918	0.68636	-79.01757	LAX_RV_EPICARDIAL	7	1.0	20
-67.91788	-0.91493	-81.18435	LAX_RV_EPICARDIAL	7	1.0	20
-67.69637	-2.51623	-83.48586	LAX_RV_EPICARDIAL	7	1.0	20
-66.07508	-4.11752	-85.65265	LAX_RV_EPICARDIAL	7	1.0	20
-64.45378	-5.71881	-87.81944	LAX_RV_EPICARDIAL	7	1.0	20
-62.83249	-7.32010	-89.98622	LAX_RV_EPICARDIAL	7	1.0	20
-61.21119	-8.92139	-92.15301	LAX_RV_EPICARDIAL	7	1.0	20
-59.58990	-10.52268	-94.31979	LAX_RV_EPICARDIAL	7	1.0	20
-56.67958	-11.32333	-95.20110	LAX_RV_EPICARDIAL	7	1.0	20
-53.65850	-12.92462	-97.23316	LAX_RV_EPICARDIAL	7	1.0	20
-50.74819	-13.72527	-98.11447	LAX_RV_EPICARDIAL	7	1.0	20
-47.72711	-15.32656	-100.14653	LAX_RV_EPICARDIAL	7	1.0	20
-44.70603	-16.92785	-102.17859	LAX_RV_EPICARDIAL	7	1.0	20
-41.79572	-17.72850	-103.05990	LAX_RV_EPICARDIAL	7	1.0	20
-38.88540	-18.52915	-103.94120	LAX_RV_EPICARDIAL	7	1.0	20
-35.97508	-19.32979	-104.82251	LAX_RV_EPICARDIAL	7	1.0	20
-33.06476	-20.13044	-105.70382	LAX_RV_EPICARDIAL	7	1.0	20
-30.26520	-20.13044	-105.43437	LAX_RV_EPICARDIAL	7	1.0	20
-27.35488	-20.93109	-106.31567	LAX_RV_EPICARDIAL	7	1.0	20
-24.44456	-21.73173	-107.19698	LAX_RV_EPICARDIAL	7	1.0	20
-21.53424	-22.53238	-108.07829	LAX_RV_EPICARDIAL	7	1.0	20
-18.73468	-22.53238	-107.80884	LAX_RV_EPICARDIAL	7	1.0	20
-15.82436	-23.33303	-108.69014	LAX_RV_EPICARDIAL	7	1.0	20
-12.91404	-24.13367	-109.57145	LAX_RV_EPICARDIAL	7	1.0	20
-10.11448	-24.13367	-109.30200	LAX_RV_EPICARDIAL	7	1.0	20
-7.20416	-24.93432	-110.18331	LAX_RV_EPICARDIAL	7	1.0	20
-4.40459	-24.93432	-109.91386	LAX_RV_EPICARDIAL	7	1.0	20
-1.60503	-24.93432	-109.64441	LAX_RV_EPICARDIAL	7	1.0	20
1.19453	-24.93432	-109.37496	LAX_RV_EPICARDIAL	7	1.0	20
3.99409	-24.93432	-109.10551	LAX_RV_EPICARDIAL	7	1.0	20
6.90441	-25.73497	-109.98681	LAX_RV_EPICARDIAL	7	1.0	20
9.70398	-25.73497	-109.71737	LAX_RV_EPICARDIAL	7	1.0	20
12.61429	-26.53562	-110.59867	LAX_RV_EPICARDIAL	7	1.0	20
15.41386	-26.53562	-110.32922	LAX_RV_EPICARDIAL	7	1.0	20
18.21342	-26.53562	-110.05977	LAX_RV_EPICARDIAL	7	1.0	20
20.90223	-25.73497	-108.63957	LAX_RV_EPICARDIAL	7	1.0	20
23.59103	-24.93433	-107.21936	LAX_RV_EPICARDIAL	7	1.0	20
26.27984	-24.13368	-105.79916	LAX_RV_EPICARDIAL	7	1.0	20
16.57332	35.91474	-19.62722	MITRAL_VALVE	7	1.0	20
-18.38116	25.50636	-38.08989	MITRAL_VALVE	7	1.0	20
-62.24806	8.69281	-66.70166	TRICUSPID_VALVE	7	1.0	20
-26.73980	15.09797	-53.99278	TRICUSPID_VALVE	7	1.0	20
37.25657	-22.53239	-102.41985	APEX_POINT	7	1.0	20
-11.34903	-15.79741	0.21895	LAX_RV_FREEWALL	11	1.0	20
-10.97072	-15.78753	-2.56797	LAX_RV_FREEWALL	11	1.0	20
-10.50699	-17.18129	-5.34827	LAX_RV_FREEWALL	11	1.0	20
-10.04327	-18.57505	-8.12858	LAX_RV_FREEWALL	11	1.0	20
-9.57954	-19.96881	-10.90888	LAX_RV_FREEWALL	11	1.0	20
-9.20123	-19.95893	-13.69580	LAX_RV_FREEWALL	11	1.0	20
-8.73750	-21.35269	-16.47611	LAX_RV_FREEWALL	11	1.0	20
-8.27377	-22.74645	-19.25641	LAX_RV_FREEWALL	11	1.0	20
-7.89546	-22.73657	-22.04333	LAX_RV_FREEWALL	11	1.0	20
-7.43173	-24.13033	-24.82364	LAX_RV_FREEWALL	11	1.0	20
-7.05342	-24.12045	-27.61056	LAX_RV_FREEWALL	11	1.0	20
-6.67510	-24.11057	-30.39748	LAX_RV_FREEWALL	11	1.0	20
-6.29679	-24.10070	-33.18441	LAX_RV_FREEWALL	11	1.0	20
-5.91848	-24.09082	-35.97133	LAX_RV_FREEWALL	11	1.0	20
-5.54017	-24.08094	-38.75825	LAX_RV_FREEWALL	11	1.0	20
-5.16186	-24.07106	-41.54518	LAX_RV_FREEWALL	11	1.0	20
-4.69813	-25.46482	-44.32548	LAX_RV_FREEWALL	11	1.0	20
-4.31982	-25.45494	-47.11240	LAX_RV_FREEWALL	11	1.0	20
-3.94150	-25.44506	-49.89933	LAX_RV_FREEWALL	11	1.0	20
-3.47778	-26.83882	-52.67963	LAX_RV_FREEWALL	11	1.0	20
-3.09946	-26.82894	-55.46655	LAX_RV_FREEWALL	11	1.0	20
-2.72115	-26.81906	-58.25348	LAX_RV_FREEWALL	11	1.0	20
-2.34284	-26.80918	-61.04040	LAX_RV_FREEWALL	11	1.0	20
-1.87911	-28.20294	-63.82070	LAX_RV_FREEWALL	11	1.0	20
-1.50080	-28.19307	-66.60763	LAX_RV_FREEWALL	11	1.0	20
-1.12249	-28.18319	-69.39455	LAX_RV_FREEWALL	11	1.0	20
-0.74417	-28.17331	-72.18147	LAX_RV_FREEWALL	11	1.0	20
-0.45128	-26.75979	-74.97502	LAX_RV_FREEWALL	11	1.0	20
-0.15838	-25.34627	-77.76856	LAX_RV_FREEWALL	11	1.0	20
0.30535	-26.74003	-80.54886	LAX_RV_FREEWALL	11	1.0	20
0.68366	-26.73015	-83.33579	LAX_RV_FREEWALL	11	1.0	20
1.06197	-26.72028	-86.12271	LAX_RV_FREEWALL	11	1.0	20
1.44028	-26.71040	-88.90963	LAX_RV_FREEWALL	11	1.0	20
1.81859	-26.70052	-91.69655	LAX_RV_FREEWALL	11	1.0	20
2.19691	-26.69064	-94.48348	LAX_RV_FREEWALL	11	1.0	20
2.57522	-26.68076	-97.27040	LAX_RV_FREEWALL	11	1.0	20
2.95353	-26.67088	-100.05732	LAX_RV_FREEWALL	11	1.0	20
3.33184	-26.66100	-102.84425	LAX_RV_FREEWALL	11	1.0	20
3.62474	-25.24749	-105.63779	LAX_RV_FREEWALL	11	1.0	20
3.91764	-23.83397	-108.43133	LAX_RV_FREEWALL	11	1.0	20
3.93596	-21.02175	-109.83803	LAX_RV_FREEWALL	11	1.0	20
3.76513	-18.21447	-109.85127	LAX_RV_FREEWALL	11	1.0	20
3.40514	-15.41214	-108.47105	LAX_RV_FREEWALL	11	1.0	20
3.04515	-12.60980	-107.09083	LAX_RV_FREEWALL	11	1.0	20
2.68517	-9.80746	-105.71060	LAX_RV_FREEWALL	11	1.0	20
2.32518	-7.00512	-104.33038	LAX_RV_FREEWALL	11	1.0	20
1.96519	-4.20279	-102.95016	LAX_RV_FREEWALL	11	1.0	20
1.41605	-1.40539	-100.17647	LAX_RV_FREEWALL	11	1.0	20
1.05606	1.39695	-98.79625	LAX_RV_FREEWALL	11	1.0	20
0.59233	2.79071	-96.01595	LAX_RV_FREEWALL	11	1.0	20
0.12860	4.18447	-93.23564	LAX_RV_FREEWALL	11	1.0	20
-0.42054	6.98187	-90.46196	LAX_RV_FREEWALL	11	1.0	20
-0.71344	5.56835	-87.66842	LAX_RV_FREEWALL	11	1.0	20
-0.54261	2.76107	-87.65518	LAX_RV_SEPTUM	11	1.0	20
-0.56093	-0.05114	-86.24848	LAX_RV_SEPTUM	11	1.0	20
-0.76841	-2.86830	-83.44831	LAX_RV_SEPTUM	11	1.0	20
-0.97589	-5.68545	-80.64815	LAX_RV_SEPTUM	11	1.0	20
-0.99422	-8.49767	-79.24145	LAX_RV_SEPTUM	11	1.0	20
-1.20170	-11.31483	-76.44129	LAX_RV_SEPTUM	11	1.0	20
-1.49459	-12.72834	-73.64775	LAX_RV_SEPTUM	11	1.0	20
-1.87291	-12.73822	-70.86083	LAX_RV_SEPTUM	11	1.0	20
-2.16580	-14.15174	-68.06728	LAX_RV_SEPTUM	11	1.0	20
-2.54411	-14.16162	-65.28036	LAX_RV_SEPTUM	11	1.0	20
-3.00784	-12.76786	-62.50006	LAX_RV_SEPTUM	11	1.0	20
-3.30074	-14.18138	-59.70651	LAX_RV_SEPTUM	11	1.0	20
-3.67905	-14.19126	-56.91959	LAX_RV_SEPTUM	11	1.0	20
-3.97195	-15.60477	-54.12605	LAX_RV_SEPTUM	11	1.0	20
-4.35026	-15.61465	-51.33912	LAX_RV_SEPTUM	11	1.0	20
-4.72857	-15.62453	-48.55220	LAX_RV_SEPTUM	11	1.0	20
-5.10688	-15.63441	-45.76528	LAX_RV_SEPTUM	11	1.0	20
-5.57061	-14.24065	-42.98497	LAX_RV_SEPTUM	11	1.0	20
-5.94892	-14.25053	-40.19805	LAX_RV_SEPTUM	11	1.0	20
-6.41265	-12.85677	-37.41775	LAX_RV_SEPTUM	11	1.0	20
-6.87638	-11.46301	-34.63744	LAX_RV_SEPTUM	11	1.0	20
-7.25469	-11.47289	-31.85052	LAX_RV_SEPTUM	11	1.0	20
-7.71842	-10.07913	-29.07022	LAX_RV_SEPTUM	11	1.0	20
-8.09673	-10.08901	-26.28329	LAX_RV_SEPTUM	11	1.0	20
-8.56046	-8.69525	-23.50299	LAX_RV_SEPTUM	11	1.0	20
-9.02419	-7.30149	-20.72269	LAX_RV_SEPTUM	11	1.0	20
-9.40250	-7.31137	-17.93576	LAX_RV_SEPTUM	11	1.0	20
-9.86623	-5.91761	-15.15546	LAX_RV_SEPTUM	11	1.0	20
-10.32996	-4.52385	-12.37516	LAX_RV_SEPTUM	11	1.0	20
-10.79368	-3.13009	-9.59485	LAX_RV_SEPTUM	11	1.0	20
-11.17820	-18.60469	0.23219	LAX_RV_EPICARDIAL	11	1.0	20
-10.71447	-19.99845	-2.54811	LAX_RV_EPICARDIAL	11	1.0	20
-10.25075	-21.39221	-5.32842	LAX_RV_EPICARDIAL	11	1.0	20
-9.78702	-22.78597	-8.10872	LAX_RV_EPICARDIAL	11	1.0	20
-9.40871	-22.77609	-10.89564	LAX_RV_EPICARDIAL	11	1.0	20
-8.94498	-24.16985	-13.67595	LAX_RV_EPICARDIAL	11	1.0	20
-8.48125	-25.56361	-16.45625	LAX_RV_EPICARDIAL	11	1.0	20
-8.01752	-26.95737	-19.23655	LAX_RV_EPICARDIAL	11	1.0	20
-7.63921	-26.94749	-22.02348	LAX_RV_EPICARDIAL	11	1.0	20
-7.26090	-26.93761	-24.81040	LAX_RV_EPICARDIAL	11	1.0	20
-6.88259	-26.92773	-27.59732	LAX_RV_EPICARDIAL	11	1.0	20
-6.41886	-28.32149	-30.37763	LAX_RV_EPICARDIAL	11	1.0	20
-6.04055	-28.31161	-33.16455	LAX_RV_EPICARDIAL	11	1.0	20
-5.66223	-28.30173	-35.95147	LAX_RV_EPICARDIAL	11	1.0	20
-5.28392	-28.29185	-38.73840	LAX_RV_EPICARDIAL	11	1.0	20
-4.90561	-28.28197	-41.52532	LAX_RV_EPICARDIAL	11	1.0	20
-4.52730	-28.27210	-44.31224	LAX_RV_EPICARDIAL	11	1.0	20
-4.14898	-28.26222	-47.09917	LAX_RV_EPICARDIAL	11	1.0	20
-3.77067	-28.25234	-49.88609	LAX_RV_EPICARDIAL	11	1.0	20
-3.39236	-28.24246	-52.67301	LAX_RV_EPICARDIAL	11	1.0	20
-3.01405	-28.23258	-55.45993	LAX_RV_EPICARDIAL	11	1.0	20
-2.55032	-29.62634	-58.24024	LAX_RV_EPICARDIAL	11	1.0	20
-2.17201	-29.61646	-61.02716	LAX_RV_EPICARDIAL	11	1.0	20
-1.79370	-29.60658	-63.81408	LAX_RV_EPICARDIAL	11	1.0	20
-1.32997	-31.00034	-66.59439	LAX_RV_EPICARDIAL	11	1.0	20
-0.95165	-30.99046	-69.38131	LAX_RV_EPICARDIAL	11	1.0	20
-0.57334	-30.98059	-72.16823	LAX_RV_EPICARDIAL	11	1.0	20
-0.19503	-30.97071	-74.95516	LAX_RV_EPICARDIAL	11	1.0	20
0.09787	-29.55719	-77.74870	LAX_RV_EPICARDIAL	11	1.0	20
0.47618	-29.54731	-80.53562	LAX_RV_EPICARDIAL	11	1.0	20
0.85449	-29.53743	-83.32255	LAX_RV_EPICARDIAL	11	1.0	20
1.23280	-29.52755	-86.10947	LAX_RV_EPICARDIAL	11	1.0	20
1.61111	-29.51767	-88.89639	LAX_RV_EPICARDIAL	11	1.0	20
1.98943	-29.50780	-91.68332	LAX_RV_EPICARDIAL	11	1.0	20
2.36774	-29.49792	-94.47024	LAX_RV_EPICARDIAL	11	1.0	20
2.74605	-29.48804	-97.25716	LAX_RV_EPICARDIAL	11	1.0	20
3.12436	-29.47816	-100.04409	LAX_RV_EPICARDIAL	11	1.0	20
3.50268	-29.46828	-102.83101	LAX_RV_EPICARDIAL	11	1.0	20
3.79557	-28.05476	-105.62455	LAX_RV_EPICARDIAL	11	1.0	20
4.17388	-28.04488	-108.41147	LAX_RV_EPICARDIAL	11	1.0	20
4.38136	-25.22773	-111.21164	LAX_RV_EPICARDIAL	11	1.0	20
4.58884	-22.41057	-114.01180	LAX_RV_EPICARDIAL	11	1.0	20
4.41801	-19.60329	-114.02504	LAX_RV_EPICARDIAL	11	1.0	20
4.05803	-16.80096	-112.64481	LAX_RV_EPICARDIAL	11	1.0	20
3.88719	-13.99368	-112.65805	LAX_RV_EPICARDIAL	11	1.0	20
3.52721	-11.19134	-111.27783	LAX_RV_EPICARDIAL	11	1.0	20
3.16722	-8.38900	-109.89761	LAX_RV_EPICARDIAL	11	1.0	20
2.80723	-5.58667	-108.51738	LAX_RV_EPICARDIAL	11	1.0	20
2.44724	-2.78433	-107.13716	LAX_RV_EPICARDIAL	11	1.0	20
1.89810	0.01307	-104.36348	LAX_RV_EPICARDIAL	11	1.0	20
1.53811	2.81541	-102.98325	LAX_RV_EPICARDIAL	11	1.0	20
0.98897	5.61281	-100.20957	LAX_RV_EPICARDIAL	11	1.0	20
0.52524	7.00657	-97.42927	LAX_RV_EPICARDIAL	11	1.0	20
-0.02391	9.80396	-94.65558	LAX_RV_EPICARDIAL	11	1.0	20
-0.57305	12.60136	-91.88190	LAX_RV_EPICARDIAL	11	1.0	20
-0.95136	12.59148	-89.09497	LAX_RV_EPICARDIAL	11	1.0	20
-0.96969	9.77927	-87.68827	LAX_RV_EPICARDIAL	11	1.0	20
-0.60970	6.97693	-89.06850	LAX_RV_EPICARDIAL	11	1.0	20
-11.70902	-12.99507	1.59918	PULMONARY_VALVE	11	1.0	20
-11.25741	-1.73633	-6.81455	PULMONARY_VALVE	11	1.0	20
