x	y	z	contour type	frameID	weight	time frame
-39.38748	-22.05875	-30.67813	SAX_RV_FREEWALL	2	1.0	18
-41.08405	-20.95398	-33.08413	SAX_RV_FREEWALL	2	1.0	18
-43.31174	-20.95398	-34.80098	SAX_RV_FREEWALL	2	1.0	18
-45.53943	-20.95398	-36.51782	SAX_RV_FREEWALL	2	1.0	18
-47.76711	-20.95399	-38.23467	SAX_RV_FREEWALL	2	1.0	18
-49.99480	-20.95399	-39.95151	SAX_RV_FREEWALL	2	1.0	18
-52.22249	-20.95399	-41.66836	SAX_RV_FREEWALL	2	1.0	18
-53.91906	-19.84922	-44.07436	SAX_RV_FREEWALL	2	1.0	18
-56.14675	-19.84923	-45.79121	SAX_RV_FREEWALL	2	1.0	18
-58.37444	-19.84923	-47.50805	SAX_RV_FREEWALL	2	1.0	18
-60.07100	-18.74446	-49.91406	SAX_RV_FREEWALL	2	1.0	18
-61.76757	-17.63970	-52.32006	SAX_RV_FREEWALL	2	1.0	18
-63.46414	-16.53493	-54.72606	SAX_RV_FREEWALL	2	1.0	18
-65.16071	-15.43016	-57.13206	SAX_RV_FREEWALL	2	1.0	18
-66.32615	-13.22063	-60.22722	SAX_RV_FREEWALL	2	1.0	18
-68.02272	-12.11586	-62.63322	SAX_RV_FREEWALL	2	1.0	18
-68.07432	-9.90633	-64.86996	SAX_RV_FREEWALL	2	1.0	18
-68.12592	-7.69679	-67.10670	SAX_RV_FREEWALL	2	1.0	18
-68.17753	-5.48726	-69.34343	SAX_RV_FREEWALL	2	1.0	18
-67.11529	-3.27772	-70.72175	SAX_RV_FREEWALL	2	1.0	18
-66.05304	-1.06819	-72.10006	SAX_RV_FREEWALL	2	1.0	18
-63.87696	1.14135	-72.61995	SAX_RV_FREEWALL	2	1.0	18
-62.81472	3.35089	-73.99826	SAX_RV_FREEWALL	2	1.0	18
-60.63863	5.56043	-74.51816	SAX_RV_FREEWALL	2	1.0	18
-58.46254	7.76996	-75.03805	SAX_RV_FREEWALL	2	1.0	18
-55.17261	9.97950	-74.69951	SAX_RV_FREEWALL	2	1.0	18
-52.99653	12.18904	-75.21940	SAX_RV_FREEWALL	2	1.0	18
-50.82044	14.39858	-75.73929	SAX_RV_FREEWALL	2	1.0	18
-47.53051	16.60812	-75.40076	SAX_RV_FREEWALL	2	1.0	18
-44.77170	17.71289	-74.37307	SAX_RV_FREEWALL	2	1.0	18
-41.48177	19.92243	-74.03454	SAX_RV_FREEWALL	2	1.0	18
-38.72296	21.02720	-73.00685	SAX_RV_FREEWALL	2	1.0	18
-35.96415	22.13197	-71.97916	SAX_RV_FREEWALL	2	1.0	18
-33.20534	23.23674	-70.95147	SAX_RV_FREEWALL	2	1.0	18
-30.97765	23.23674	-69.23463	SAX_RV_FREEWALL	2	1.0	18
-29.28109	22.13197	-66.82863	SAX_RV_FREEWALL	2	1.0	18
-27.05340	22.13198	-65.11178	SAX_RV_FREEWALL	2	1.0	18
12.49878	-2.17287	-10.46288	SAX_RV_FREEWALL	2	1.0	18
12.55038	-4.38241	-8.22615	SAX_RV_FREEWALL	2	1.0	18
11.48814	-6.59195	-6.84783	SAX_RV_FREEWALL	2	1.0	18
10.42589	-8.80148	-5.46952	SAX_RV_FREEWALL	2	1.0	18
7.13596	-11.01102	-5.80805	SAX_RV_FREEWALL	2	1.0	18
3.84603	-13.22056	-6.14659	SAX_RV_FREEWALL	2	1.0	18
1.08722	-14.32533	-7.17427	SAX_RV_FREEWALL	2	1.0	18
-2.20271	-16.53487	-7.51281	SAX_RV_FREEWALL	2	1.0	18
-4.96152	-17.63964	-8.54050	SAX_RV_FREEWALL	2	1.0	18
-7.72033	-18.74441	-9.56818	SAX_RV_FREEWALL	2	1.0	18
-9.94801	-18.74441	-11.28503	SAX_RV_FREEWALL	2	1.0	18
-12.70682	-19.84918	-12.31272	SAX_RV_FREEWALL	2	1.0	18
-14.93451	-19.84919	-14.02956	SAX_RV_FREEWALL	2	1.0	18
-17.16220	-19.84919	-15.74641	SAX_RV_FREEWALL	2	1.0	18
-19.92101	-20.95396	-16.77410	SAX_RV_FREEWALL	2	1.0	18
-22.67982	-22.05873	-17.80179	SAX_RV_FREEWALL	2	1.0	18
-24.90751	-22.05873	-19.51863	SAX_RV_FREEWALL	2	1.0	18
-27.13520	-22.05873	-21.23548	SAX_RV_FREEWALL	2	1.0	18
-29.36288	-22.05874	-22.95232	SAX_RV_FREEWALL	2	1.0	18
-31.59057	-22.05874	-24.66917	SAX_RV_FREEWALL	2	1.0	18
-33.81826	-22.05874	-26.38602	SAX_RV_FREEWALL	2	1.0	18
-36.04595	-22.05874	-28.10286	SAX_RV_FREEWALL	2	1.0	18
-38.27364	-22.05874	-29.81971	SAX_RV_FREEWALL	2	1.0	18
-48.24663	-24.26829	-35.30878	SAX_RV_EPICARDIAL	2	1.0	18
-49.94320	-23.16352	-37.71478	SAX_RV_EPICARDIAL	2	1.0	18
-52.17089	-23.16353	-39.43162	SAX_RV_EPICARDIAL	2	1.0	18
-54.39858	-23.16353	-41.14847	SAX_RV_EPICARDIAL	2	1.0	18
-56.62627	-23.16353	-42.86532	SAX_RV_EPICARDIAL	2	1.0	18
-58.32283	-22.05876	-45.27132	SAX_RV_EPICARDIAL	2	1.0	18
-60.55052	-22.05877	-46.98816	SAX_RV_EPICARDIAL	2	1.0	18
-62.24709	-20.95400	-49.39417	SAX_RV_EPICARDIAL	2	1.0	18
-63.94366	-19.84923	-51.80017	SAX_RV_EPICARDIAL	2	1.0	18
-65.64022	-18.74447	-54.20617	SAX_RV_EPICARDIAL	2	1.0	18
-66.80567	-16.53493	-57.30133	SAX_RV_EPICARDIAL	2	1.0	18
-68.50224	-15.43017	-59.70733	SAX_RV_EPICARDIAL	2	1.0	18
-69.66769	-13.22063	-62.80249	SAX_RV_EPICARDIAL	2	1.0	18
-70.25041	-12.11587	-64.35007	SAX_RV_EPICARDIAL	2	1.0	18
-70.30201	-9.90633	-66.58681	SAX_RV_EPICARDIAL	2	1.0	18
-70.35361	-7.69680	-68.82354	SAX_RV_EPICARDIAL	2	1.0	18
-70.40522	-5.48726	-71.06028	SAX_RV_EPICARDIAL	2	1.0	18
-69.34297	-3.27772	-72.43859	SAX_RV_EPICARDIAL	2	1.0	18
-67.16689	-1.06819	-72.95848	SAX_RV_EPICARDIAL	2	1.0	18
-66.10465	1.14135	-74.33680	SAX_RV_EPICARDIAL	2	1.0	18
-65.04240	3.35089	-75.71511	SAX_RV_EPICARDIAL	2	1.0	18
-62.86632	5.56042	-76.23500	SAX_RV_EPICARDIAL	2	1.0	18
-60.69023	7.76996	-76.75489	SAX_RV_EPICARDIAL	2	1.0	18
-58.51415	9.97950	-77.27478	SAX_RV_EPICARDIAL	2	1.0	18
-56.33806	12.18904	-77.79467	SAX_RV_EPICARDIAL	2	1.0	18
-54.16197	14.39858	-78.31456	SAX_RV_EPICARDIAL	2	1.0	18
-50.87204	16.60811	-77.97603	SAX_RV_EPICARDIAL	2	1.0	18
-47.58211	18.81765	-77.63750	SAX_RV_EPICARDIAL	2	1.0	18
-44.29218	21.02719	-77.29897	SAX_RV_EPICARDIAL	2	1.0	18
-41.53337	22.13196	-76.27128	SAX_RV_EPICARDIAL	2	1.0	18
-38.77456	23.23673	-75.24359	SAX_RV_EPICARDIAL	2	1.0	18
-36.01575	24.34150	-74.21590	SAX_RV_EPICARDIAL	2	1.0	18
-33.25694	25.44627	-73.18821	SAX_RV_EPICARDIAL	2	1.0	18
-31.02926	25.44628	-71.47137	SAX_RV_EPICARDIAL	2	1.0	18
-28.80157	25.44628	-69.75452	SAX_RV_EPICARDIAL	2	1.0	18
-26.57388	25.44628	-68.03767	SAX_RV_EPICARDIAL	2	1.0	18
-24.34619	25.44628	-66.32083	SAX_RV_EPICARDIAL	2	1.0	18
-25.35683	21.02721	-62.70578	SAX_RV_EPICARDIAL	2	1.0	18
12.55038	-4.38241	-8.22615	SAX_RV_EPICARDIAL	2	1.0	18
13.71582	-6.59194	-5.13099	SAX_RV_EPICARDIAL	2	1.0	18
12.65358	-8.80148	-3.75268	SAX_RV_EPICARDIAL	2	1.0	18
10.47750	-11.01102	-3.23278	SAX_RV_EPICARDIAL	2	1.0	18
8.30141	-13.22056	-2.71289	SAX_RV_EPICARDIAL	2	1.0	18
5.01148	-15.43010	-3.05143	SAX_RV_EPICARDIAL	2	1.0	18
2.25267	-16.53487	-4.07912	SAX_RV_EPICARDIAL	2	1.0	18
-0.50614	-17.63964	-5.10680	SAX_RV_EPICARDIAL	2	1.0	18
-3.26495	-18.74441	-6.13449	SAX_RV_EPICARDIAL	2	1.0	18
-6.02376	-19.84918	-7.16218	SAX_RV_EPICARDIAL	2	1.0	18
-8.78257	-20.95395	-8.18987	SAX_RV_EPICARDIAL	2	1.0	18
-11.01026	-20.95395	-9.90672	SAX_RV_EPICARDIAL	2	1.0	18
-13.76906	-22.05872	-10.93441	SAX_RV_EPICARDIAL	2	1.0	18
-15.99675	-22.05872	-12.65125	SAX_RV_EPICARDIAL	2	1.0	18
-18.75556	-23.16349	-13.67894	SAX_RV_EPICARDIAL	2	1.0	18
-20.98325	-23.16350	-15.39579	SAX_RV_EPICARDIAL	2	1.0	18
-23.74206	-24.26827	-16.42347	SAX_RV_EPICARDIAL	2	1.0	18
-25.96975	-24.26827	-18.14032	SAX_RV_EPICARDIAL	2	1.0	18
-28.19744	-24.26827	-19.85717	SAX_RV_EPICARDIAL	2	1.0	18
-30.42513	-24.26827	-21.57401	SAX_RV_EPICARDIAL	2	1.0	18
-32.65281	-24.26827	-23.29086	SAX_RV_EPICARDIAL	2	1.0	18
-34.88050	-24.26828	-25.00770	SAX_RV_EPICARDIAL	2	1.0	18
-37.10819	-24.26828	-26.72455	SAX_RV_EPICARDIAL	2	1.0	18
-39.33588	-24.26828	-28.44139	SAX_RV_EPICARDIAL	2	1.0	18
-41.56357	-24.26828	-30.15824	SAX_RV_EPICARDIAL	2	1.0	18
-43.79126	-24.26829	-31.87508	SAX_RV_EPICARDIAL	2	1.0	18
-46.01894	-24.26829	-33.59193	SAX_RV_EPICARDIAL	2	1.0	18
-25.35683	21.02721	-62.70578	SAX_RV_SEPTUM	2	1.0	18
-25.30523	18.81767	-60.46904	SAX_RV_SEPTUM	2	1.0	18
-25.25363	16.60814	-58.23231	SAX_RV_SEPTUM	2	1.0	18
-25.20202	14.39860	-55.99557	SAX_RV_SEPTUM	2	1.0	18
-26.26427	12.18907	-54.61726	SAX_RV_SEPTUM	2	1.0	18
-26.21266	9.97953	-52.38052	SAX_RV_SEPTUM	2	1.0	18
-26.16106	7.77000	-50.14378	SAX_RV_SEPTUM	2	1.0	18
-24.99561	5.56046	-47.04863	SAX_RV_SEPTUM	2	1.0	18
-23.83017	3.35093	-43.95347	SAX_RV_SEPTUM	2	1.0	18
-23.77857	1.14139	-41.71673	SAX_RV_SEPTUM	2	1.0	18
-22.61312	-1.06814	-38.62157	SAX_RV_SEPTUM	2	1.0	18
-21.44767	-3.27768	-35.52641	SAX_RV_SEPTUM	2	1.0	18
-20.28223	-5.48721	-32.43125	SAX_RV_SEPTUM	2	1.0	18
-18.58566	-6.59198	-30.02525	SAX_RV_SEPTUM	2	1.0	18
-16.35797	-6.59197	-28.30840	SAX_RV_SEPTUM	2	1.0	18
-14.13028	-6.59197	-26.59156	SAX_RV_SEPTUM	2	1.0	18
-11.90259	-6.59197	-24.87471	SAX_RV_SEPTUM	2	1.0	18
-9.67490	-6.59197	-23.15787	SAX_RV_SEPTUM	2	1.0	18
-7.44722	-6.59197	-21.44102	SAX_RV_SEPTUM	2	1.0	18
-4.68841	-5.48720	-20.41333	SAX_RV_SEPTUM	2	1.0	18
-2.46072	-5.48719	-18.69649	SAX_RV_SEPTUM	2	1.0	18
0.29809	-4.38242	-17.66880	SAX_RV_SEPTUM	2	1.0	18
3.58802	-2.17288	-17.33027	SAX_RV_SEPTUM	2	1.0	18
6.34683	-1.06811	-16.30258	SAX_RV_SEPTUM	2	1.0	18
9.10564	0.03666	-15.27489	SAX_RV_SEPTUM	2	1.0	18
11.86445	1.14143	-14.24720	SAX_RV_SEPTUM	2	1.0	18
12.44717	0.03666	-12.69962	SAX_RV_SEPTUM	2	1.0	18
-22.64962	24.34152	-63.91483	SAX_LV_EPICARDIAL	2	1.0	18
-21.58738	26.55105	-65.29314	SAX_LV_EPICARDIAL	2	1.0	18
-19.41130	28.76059	-65.81303	SAX_LV_EPICARDIAL	2	1.0	18
-18.34905	30.97013	-67.19134	SAX_LV_EPICARDIAL	2	1.0	18
-16.17297	33.17966	-67.71123	SAX_LV_EPICARDIAL	2	1.0	18
-13.99688	35.38920	-68.23113	SAX_LV_EPICARDIAL	2	1.0	18
-11.82080	37.59874	-68.75102	SAX_LV_EPICARDIAL	2	1.0	18
-8.53087	39.80828	-68.41248	SAX_LV_EPICARDIAL	2	1.0	18
-5.24094	42.01782	-68.07395	SAX_LV_EPICARDIAL	2	1.0	18
-2.48213	43.12259	-67.04626	SAX_LV_EPICARDIAL	2	1.0	18
0.80780	45.33213	-66.70773	SAX_LV_EPICARDIAL	2	1.0	18
3.56661	46.43690	-65.68004	SAX_LV_EPICARDIAL	2	1.0	18
6.32542	47.54167	-64.65235	SAX_LV_EPICARDIAL	2	1.0	18
9.08423	48.64644	-63.62466	SAX_LV_EPICARDIAL	2	1.0	18
11.31192	48.64644	-61.90782	SAX_LV_EPICARDIAL	2	1.0	18
14.07073	49.75121	-60.88013	SAX_LV_EPICARDIAL	2	1.0	18
16.29842	49.75121	-59.16328	SAX_LV_EPICARDIAL	2	1.0	18
19.05723	50.85598	-58.13559	SAX_LV_EPICARDIAL	2	1.0	18
21.28492	50.85599	-56.41875	SAX_LV_EPICARDIAL	2	1.0	18
22.98148	49.75122	-54.01275	SAX_LV_EPICARDIAL	2	1.0	18
25.20917	49.75122	-52.29590	SAX_LV_EPICARDIAL	2	1.0	18
27.43686	49.75122	-50.57906	SAX_LV_EPICARDIAL	2	1.0	18
29.13343	48.64646	-48.17305	SAX_LV_EPICARDIAL	2	1.0	18
30.83000	47.54169	-45.76705	SAX_LV_EPICARDIAL	2	1.0	18
32.52656	46.43693	-43.36105	SAX_LV_EPICARDIAL	2	1.0	18
34.22313	45.33216	-40.95505	SAX_LV_EPICARDIAL	2	1.0	18
35.38858	43.12263	-37.85989	SAX_LV_EPICARDIAL	2	1.0	18
36.55402	40.91309	-34.76473	SAX_LV_EPICARDIAL	2	1.0	18
37.71947	38.70356	-31.66957	SAX_LV_EPICARDIAL	2	1.0	18
38.88492	36.49402	-28.57441	SAX_LV_EPICARDIAL	2	1.0	18
38.93652	34.28449	-26.33767	SAX_LV_EPICARDIAL	2	1.0	18
38.98812	32.07495	-24.10094	SAX_LV_EPICARDIAL	2	1.0	18
39.03972	29.86542	-21.86420	SAX_LV_EPICARDIAL	2	1.0	18
39.09133	27.65588	-19.62746	SAX_LV_EPICARDIAL	2	1.0	18
38.02908	25.44634	-18.24915	SAX_LV_EPICARDIAL	2	1.0	18
36.96684	23.23681	-16.87084	SAX_LV_EPICARDIAL	2	1.0	18
35.90460	21.02727	-15.49252	SAX_LV_EPICARDIAL	2	1.0	18
34.84236	18.81773	-14.11421	SAX_LV_EPICARDIAL	2	1.0	18
32.66627	16.60820	-13.59432	SAX_LV_EPICARDIAL	2	1.0	18
31.60403	14.39866	-12.21601	SAX_LV_EPICARDIAL	2	1.0	18
29.42795	12.18912	-11.69612	SAX_LV_EPICARDIAL	2	1.0	18
26.13801	9.97958	-12.03465	SAX_LV_EPICARDIAL	2	1.0	18
23.96193	7.77005	-11.51476	SAX_LV_EPICARDIAL	2	1.0	18
20.67200	5.56051	-11.85329	SAX_LV_EPICARDIAL	2	1.0	18
17.91319	4.45574	-12.88098	SAX_LV_EPICARDIAL	2	1.0	18
-15.45054	2.24617	-36.39693	SAX_LV_ENDOCARDIAL	2	1.0	18
-16.61598	4.45570	-39.49209	SAX_LV_ENDOCARDIAL	2	1.0	18
-17.19870	5.56047	-41.03967	SAX_LV_ENDOCARDIAL	2	1.0	18
-18.36415	7.77000	-44.13482	SAX_LV_ENDOCARDIAL	2	1.0	18
-18.41575	9.97954	-46.37156	SAX_LV_ENDOCARDIAL	2	1.0	18
-18.46736	12.18908	-48.60830	SAX_LV_ENDOCARDIAL	2	1.0	18
-18.51896	14.39861	-50.84503	SAX_LV_ENDOCARDIAL	2	1.0	18
-18.57056	16.60815	-53.08177	SAX_LV_ENDOCARDIAL	2	1.0	18
-17.50832	18.81768	-54.46008	SAX_LV_ENDOCARDIAL	2	1.0	18
-16.44608	21.02722	-55.83840	SAX_LV_ENDOCARDIAL	2	1.0	18
-16.49768	23.23675	-58.07513	SAX_LV_ENDOCARDIAL	2	1.0	18
-15.43544	25.44629	-59.45345	SAX_LV_ENDOCARDIAL	2	1.0	18
-13.25935	27.65583	-59.97334	SAX_LV_ENDOCARDIAL	2	1.0	18
-12.19711	29.86537	-61.35165	SAX_LV_ENDOCARDIAL	2	1.0	18
-8.90718	32.07490	-61.01312	SAX_LV_ENDOCARDIAL	2	1.0	18
-6.73109	34.28444	-61.53301	SAX_LV_ENDOCARDIAL	2	1.0	18
-3.44116	36.49398	-61.19448	SAX_LV_ENDOCARDIAL	2	1.0	18
-0.15123	38.70352	-60.85594	SAX_LV_ENDOCARDIAL	2	1.0	18
2.60758	39.80829	-59.82826	SAX_LV_ENDOCARDIAL	2	1.0	18
5.36639	40.91306	-58.80057	SAX_LV_ENDOCARDIAL	2	1.0	18
8.12520	42.01783	-57.77288	SAX_LV_ENDOCARDIAL	2	1.0	18
10.88401	43.12260	-56.74519	SAX_LV_ENDOCARDIAL	2	1.0	18
13.11169	43.12260	-55.02834	SAX_LV_ENDOCARDIAL	2	1.0	18
15.87050	44.22737	-54.00065	SAX_LV_ENDOCARDIAL	2	1.0	18
18.09819	44.22738	-52.28381	SAX_LV_ENDOCARDIAL	2	1.0	18
20.32588	44.22738	-50.56696	SAX_LV_ENDOCARDIAL	2	1.0	18
22.02245	43.12261	-48.16096	SAX_LV_ENDOCARDIAL	2	1.0	18
24.25014	43.12261	-46.44411	SAX_LV_ENDOCARDIAL	2	1.0	18
25.94670	42.01785	-44.03811	SAX_LV_ENDOCARDIAL	2	1.0	18
27.64327	40.91308	-41.63211	SAX_LV_ENDOCARDIAL	2	1.0	18
28.80872	38.70355	-38.53695	SAX_LV_ENDOCARDIAL	2	1.0	18
29.97416	36.49401	-35.44179	SAX_LV_ENDOCARDIAL	2	1.0	18
31.13961	34.28448	-32.34663	SAX_LV_ENDOCARDIAL	2	1.0	18
32.30506	32.07495	-29.25147	SAX_LV_ENDOCARDIAL	2	1.0	18
33.47050	29.86541	-26.15631	SAX_LV_ENDOCARDIAL	2	1.0	18
33.52211	27.65588	-23.91958	SAX_LV_ENDOCARDIAL	2	1.0	18
32.45986	25.44634	-22.54127	SAX_LV_ENDOCARDIAL	2	1.0	18
32.51147	23.23680	-20.30453	SAX_LV_ENDOCARDIAL	2	1.0	18
30.33538	21.02727	-19.78464	SAX_LV_ENDOCARDIAL	2	1.0	18
28.15929	18.81773	-19.26475	SAX_LV_ENDOCARDIAL	2	1.0	18
27.09705	16.60819	-17.88643	SAX_LV_ENDOCARDIAL	2	1.0	18
23.80712	14.39865	-18.22497	SAX_LV_ENDOCARDIAL	2	1.0	18
20.51719	12.18911	-18.56350	SAX_LV_ENDOCARDIAL	2	1.0	18
17.75838	11.08434	-19.59119	SAX_LV_ENDOCARDIAL	2	1.0	18
14.99957	9.97957	-20.61888	SAX_LV_ENDOCARDIAL	2	1.0	18
12.24076	8.87480	-21.64657	SAX_LV_ENDOCARDIAL	2	1.0	18
9.48195	7.77003	-22.67425	SAX_LV_ENDOCARDIAL	2	1.0	18
6.72314	6.66526	-23.70194	SAX_LV_ENDOCARDIAL	2	1.0	18
3.96434	5.56049	-24.72963	SAX_LV_ENDOCARDIAL	2	1.0	18
1.20553	4.45572	-25.75732	SAX_LV_ENDOCARDIAL	2	1.0	18
-1.55328	3.35095	-26.78501	SAX_LV_ENDOCARDIAL	2	1.0	18
-3.78097	3.35095	-28.50186	SAX_LV_ENDOCARDIAL	2	1.0	18
-6.53978	2.24618	-29.52954	SAX_LV_ENDOCARDIAL	2	1.0	18
-8.76747	2.24618	-31.24639	SAX_LV_ENDOCARDIAL	2	1.0	18
-10.99516	2.24617	-32.96324	SAX_LV_ENDOCARDIAL	2	1.0	18
-13.22285	2.24617	-34.68008	SAX_LV_ENDOCARDIAL	2	1.0	18
12.44717	0.03666	-12.69962	RV_INSERT	2	1.0	18
-27.05340	22.13198	-65.11178	RV_INSERT	2	1.0	18
-47.70935	-28.59119	-59.04194	SAX_RV_FREEWALL	3	1.0	18
-49.40592	-27.48643	-61.44795	SAX_RV_FREEWALL	3	1.0	18
-51.10249	-26.38166	-63.85395	SAX_RV_FREEWALL	3	1.0	18
-52.79905	-25.27689	-66.25995	SAX_RV_FREEWALL	3	1.0	18
-54.49562	-24.17213	-68.66595	SAX_RV_FREEWALL	3	1.0	18
-55.66107	-21.96259	-71.76111	SAX_RV_FREEWALL	3	1.0	18
-57.35763	-20.85783	-74.16712	SAX_RV_FREEWALL	3	1.0	18
-58.52308	-18.64829	-77.26227	SAX_RV_FREEWALL	3	1.0	18
-59.68853	-16.43876	-80.35743	SAX_RV_FREEWALL	3	1.0	18
-59.74013	-14.22922	-82.59417	SAX_RV_FREEWALL	3	1.0	18
-58.67789	-12.01969	-83.97248	SAX_RV_FREEWALL	3	1.0	18
-56.50180	-9.81015	-84.49237	SAX_RV_FREEWALL	3	1.0	18
-54.32572	-7.60061	-85.01226	SAX_RV_FREEWALL	3	1.0	18
-52.14963	-5.39107	-85.53216	SAX_RV_FREEWALL	3	1.0	18
-48.85970	-3.18153	-85.19362	SAX_RV_FREEWALL	3	1.0	18
-45.56977	-0.97200	-84.85509	SAX_RV_FREEWALL	3	1.0	18
-42.27984	1.23754	-84.51656	SAX_RV_FREEWALL	3	1.0	18
-38.98991	3.44708	-84.17803	SAX_RV_FREEWALL	3	1.0	18
-35.69998	5.65662	-83.83949	SAX_RV_FREEWALL	3	1.0	18
-32.41005	7.86616	-83.50096	SAX_RV_FREEWALL	3	1.0	18
-29.12012	10.07570	-83.16243	SAX_RV_FREEWALL	3	1.0	18
-26.36131	11.18047	-82.13474	SAX_RV_FREEWALL	3	1.0	18
-23.60250	12.28524	-81.10705	SAX_RV_FREEWALL	3	1.0	18
-20.84369	13.39001	-80.07936	SAX_RV_FREEWALL	3	1.0	18
-18.08488	14.49478	-79.05167	SAX_RV_FREEWALL	3	1.0	18
6.61101	-17.54346	-28.16291	SAX_RV_FREEWALL	3	1.0	18
4.38332	-17.54346	-29.87975	SAX_RV_FREEWALL	3	1.0	18
1.62451	-18.64823	-30.90744	SAX_RV_FREEWALL	3	1.0	18
-0.60318	-18.64823	-32.62429	SAX_RV_FREEWALL	3	1.0	18
-3.89311	-20.85777	-32.96282	SAX_RV_FREEWALL	3	1.0	18
-6.65192	-21.96254	-33.99051	SAX_RV_FREEWALL	3	1.0	18
-9.94185	-24.17208	-34.32904	SAX_RV_FREEWALL	3	1.0	18
-12.70066	-25.27685	-35.35673	SAX_RV_FREEWALL	3	1.0	18
-15.45947	-26.38162	-36.38442	SAX_RV_FREEWALL	3	1.0	18
-18.21828	-27.48639	-37.41211	SAX_RV_FREEWALL	3	1.0	18
-20.44597	-27.48640	-39.12895	SAX_RV_FREEWALL	3	1.0	18
-23.20478	-28.59117	-40.15664	SAX_RV_FREEWALL	3	1.0	18
-25.43247	-28.59117	-41.87349	SAX_RV_FREEWALL	3	1.0	18
-27.66015	-28.59117	-43.59033	SAX_RV_FREEWALL	3	1.0	18
-29.88784	-28.59117	-45.30718	SAX_RV_FREEWALL	3	1.0	18
-32.11553	-28.59118	-47.02403	SAX_RV_FREEWALL	3	1.0	18
-34.34322	-28.59118	-48.74087	SAX_RV_FREEWALL	3	1.0	18
-36.57091	-28.59118	-50.45772	SAX_RV_FREEWALL	3	1.0	18
-38.79860	-28.59118	-52.17456	SAX_RV_FREEWALL	3	1.0	18
-41.02628	-28.59118	-53.89141	SAX_RV_FREEWALL	3	1.0	18
-43.25397	-28.59119	-55.60825	SAX_RV_FREEWALL	3	1.0	18
-45.48166	-28.59119	-57.32510	SAX_RV_FREEWALL	3	1.0	18
-37.58155	-33.01025	-46.84267	SAX_RV_EPICARDIAL	3	1.0	18
-39.27811	-31.90549	-49.24867	SAX_RV_EPICARDIAL	3	1.0	18
-41.50580	-31.90549	-50.96551	SAX_RV_EPICARDIAL	3	1.0	18
-43.73349	-31.90549	-52.68236	SAX_RV_EPICARDIAL	3	1.0	18
-45.96118	-31.90549	-54.39921	SAX_RV_EPICARDIAL	3	1.0	18
-47.65775	-30.80073	-56.80521	SAX_RV_EPICARDIAL	3	1.0	18
-49.88544	-30.80073	-58.52205	SAX_RV_EPICARDIAL	3	1.0	18
-51.58200	-29.69596	-60.92806	SAX_RV_EPICARDIAL	3	1.0	18
-53.27857	-28.59120	-63.33406	SAX_RV_EPICARDIAL	3	1.0	18
-54.97514	-27.48643	-65.74006	SAX_RV_EPICARDIAL	3	1.0	18
-56.67171	-26.38166	-68.14606	SAX_RV_EPICARDIAL	3	1.0	18
-57.83715	-24.17213	-71.24122	SAX_RV_EPICARDIAL	3	1.0	18
-59.53372	-23.06736	-73.64722	SAX_RV_EPICARDIAL	3	1.0	18
-60.69917	-20.85783	-76.74238	SAX_RV_EPICARDIAL	3	1.0	18
-61.86461	-18.64830	-79.83754	SAX_RV_EPICARDIAL	3	1.0	18
-61.91622	-16.43876	-82.07428	SAX_RV_EPICARDIAL	3	1.0	18
-61.96782	-14.22922	-84.31102	SAX_RV_EPICARDIAL	3	1.0	18
-60.90558	-12.01969	-85.68933	SAX_RV_EPICARDIAL	3	1.0	18
-59.84333	-9.81015	-87.06764	SAX_RV_EPICARDIAL	3	1.0	18
-57.66725	-7.60061	-87.58753	SAX_RV_EPICARDIAL	3	1.0	18
-55.49116	-5.39108	-88.10742	SAX_RV_EPICARDIAL	3	1.0	18
-52.20123	-3.18154	-87.76889	SAX_RV_EPICARDIAL	3	1.0	18
-48.91130	-0.97200	-87.43036	SAX_RV_EPICARDIAL	3	1.0	18
-45.62137	1.23754	-87.09183	SAX_RV_EPICARDIAL	3	1.0	18
-42.33144	3.44708	-86.75329	SAX_RV_EPICARDIAL	3	1.0	18
-40.15535	5.65662	-87.27319	SAX_RV_EPICARDIAL	3	1.0	18
-36.86542	7.86616	-86.93465	SAX_RV_EPICARDIAL	3	1.0	18
-33.57549	10.07569	-86.59612	SAX_RV_EPICARDIAL	3	1.0	18
-30.81668	11.18046	-85.56843	SAX_RV_EPICARDIAL	3	1.0	18
-27.52675	13.39000	-85.22990	SAX_RV_EPICARDIAL	3	1.0	18
-24.76794	14.49477	-84.20221	SAX_RV_EPICARDIAL	3	1.0	18
-22.00914	15.59954	-83.17452	SAX_RV_EPICARDIAL	3	1.0	18
-19.25033	16.70431	-82.14683	SAX_RV_EPICARDIAL	3	1.0	18
-16.49152	17.80909	-81.11914	SAX_RV_EPICARDIAL	3	1.0	18
-13.73271	18.91386	-80.09146	SAX_RV_EPICARDIAL	3	1.0	18
-14.74335	14.49478	-76.47641	SAX_RV_EPICARDIAL	3	1.0	18
11.01478	-15.33392	-26.96595	SAX_RV_EPICARDIAL	3	1.0	18
11.59750	-16.43869	-25.41837	SAX_RV_EPICARDIAL	3	1.0	18
8.30757	-18.64823	-25.75691	SAX_RV_EPICARDIAL	3	1.0	18
5.54876	-19.75300	-26.78459	SAX_RV_EPICARDIAL	3	1.0	18
2.78995	-20.85777	-27.81228	SAX_RV_EPICARDIAL	3	1.0	18
0.56227	-20.85777	-29.52913	SAX_RV_EPICARDIAL	3	1.0	18
-2.19654	-21.96254	-30.55682	SAX_RV_EPICARDIAL	3	1.0	18
-5.48647	-24.17208	-30.89535	SAX_RV_EPICARDIAL	3	1.0	18
-8.77640	-26.38162	-31.23388	SAX_RV_EPICARDIAL	3	1.0	18
-11.53521	-27.48639	-32.26157	SAX_RV_EPICARDIAL	3	1.0	18
-14.82514	-29.69593	-32.60010	SAX_RV_EPICARDIAL	3	1.0	18
-17.05283	-29.69593	-34.31695	SAX_RV_EPICARDIAL	3	1.0	18
-19.81164	-30.80070	-35.34464	SAX_RV_EPICARDIAL	3	1.0	18
-22.57045	-31.90547	-36.37233	SAX_RV_EPICARDIAL	3	1.0	18
-24.79814	-31.90547	-38.08917	SAX_RV_EPICARDIAL	3	1.0	18
-27.02583	-31.90547	-39.80602	SAX_RV_EPICARDIAL	3	1.0	18
-29.25352	-31.90548	-41.52286	SAX_RV_EPICARDIAL	3	1.0	18
-31.48121	-31.90548	-43.23971	SAX_RV_EPICARDIAL	3	1.0	18
-33.70889	-31.90548	-44.95656	SAX_RV_EPICARDIAL	3	1.0	18
-35.93658	-31.90548	-46.67340	SAX_RV_EPICARDIAL	3	1.0	18
-15.85719	14.49478	-77.33483	SAX_RV_SEPTUM	3	1.0	18
-15.27447	13.39002	-75.78725	SAX_RV_SEPTUM	3	1.0	18
-15.22287	11.18048	-73.55051	SAX_RV_SEPTUM	3	1.0	18
-15.17126	8.97094	-71.31378	SAX_RV_SEPTUM	3	1.0	18
-15.11966	6.76141	-69.07704	SAX_RV_SEPTUM	3	1.0	18
-15.06806	4.55187	-66.84030	SAX_RV_SEPTUM	3	1.0	18
-15.01646	2.34234	-64.60357	SAX_RV_SEPTUM	3	1.0	18
-14.96485	0.13280	-62.36683	SAX_RV_SEPTUM	3	1.0	18
-14.91325	-2.07673	-60.13010	SAX_RV_SEPTUM	3	1.0	18
-13.74780	-4.28627	-57.03494	SAX_RV_SEPTUM	3	1.0	18
-12.58236	-6.49580	-53.93978	SAX_RV_SEPTUM	3	1.0	18
-11.41691	-8.70534	-50.84462	SAX_RV_SEPTUM	3	1.0	18
-10.25147	-10.91487	-47.74946	SAX_RV_SEPTUM	3	1.0	18
-8.55490	-12.01964	-45.34346	SAX_RV_SEPTUM	3	1.0	18
-6.85833	-13.12440	-42.93745	SAX_RV_SEPTUM	3	1.0	18
-4.63064	-13.12440	-41.22061	SAX_RV_SEPTUM	3	1.0	18
-2.93407	-14.22917	-38.81461	SAX_RV_SEPTUM	3	1.0	18
-0.70639	-14.22916	-37.09776	SAX_RV_SEPTUM	3	1.0	18
1.52130	-14.22916	-35.38092	SAX_RV_SEPTUM	3	1.0	18
3.74899	-14.22916	-33.66407	SAX_RV_SEPTUM	3	1.0	18
5.44556	-15.33393	-31.25807	SAX_RV_SEPTUM	3	1.0	18
7.67325	-15.33392	-29.54122	SAX_RV_SEPTUM	3	1.0	18
9.90094	-15.33392	-27.82438	SAX_RV_SEPTUM	3	1.0	18
-10.92230	17.80909	-76.82703	SAX_LV_EPICARDIAL	3	1.0	18
-9.86005	20.01863	-78.20534	SAX_LV_EPICARDIAL	3	1.0	18
-7.68397	22.22816	-78.72523	SAX_LV_EPICARDIAL	3	1.0	18
-5.50788	24.43770	-79.24512	SAX_LV_EPICARDIAL	3	1.0	18
-3.33180	26.64724	-79.76502	SAX_LV_EPICARDIAL	3	1.0	18
-0.04187	28.85678	-79.42648	SAX_LV_EPICARDIAL	3	1.0	18
3.24806	31.06632	-79.08795	SAX_LV_EPICARDIAL	3	1.0	18
6.53800	33.27586	-78.74942	SAX_LV_EPICARDIAL	3	1.0	18
9.29680	34.38063	-77.72173	SAX_LV_EPICARDIAL	3	1.0	18
12.05561	35.48540	-76.69404	SAX_LV_EPICARDIAL	3	1.0	18
15.34554	37.69494	-76.35551	SAX_LV_EPICARDIAL	3	1.0	18
18.10435	38.79971	-75.32782	SAX_LV_EPICARDIAL	3	1.0	18
20.86316	39.90448	-74.30013	SAX_LV_EPICARDIAL	3	1.0	18
23.09085	39.90448	-72.58329	SAX_LV_EPICARDIAL	3	1.0	18
25.84966	41.00925	-71.55560	SAX_LV_EPICARDIAL	3	1.0	18
28.07735	41.00925	-69.83875	SAX_LV_EPICARDIAL	3	1.0	18
30.30504	41.00925	-68.12191	SAX_LV_EPICARDIAL	3	1.0	18
32.53273	41.00926	-66.40506	SAX_LV_EPICARDIAL	3	1.0	18
34.76041	41.00926	-64.68821	SAX_LV_EPICARDIAL	3	1.0	18
36.98810	41.00926	-62.97137	SAX_LV_EPICARDIAL	3	1.0	18
38.68467	39.90449	-60.56537	SAX_LV_EPICARDIAL	3	1.0	18
40.91236	39.90450	-58.84852	SAX_LV_EPICARDIAL	3	1.0	18
42.60893	38.79973	-56.44252	SAX_LV_EPICARDIAL	3	1.0	18
44.30549	37.69497	-54.03652	SAX_LV_EPICARDIAL	3	1.0	18
46.00206	36.59020	-51.63051	SAX_LV_EPICARDIAL	3	1.0	18
47.16751	34.38066	-48.53535	SAX_LV_EPICARDIAL	3	1.0	18
48.33295	32.17113	-45.44020	SAX_LV_EPICARDIAL	3	1.0	18
49.49840	29.96160	-42.34504	SAX_LV_EPICARDIAL	3	1.0	18
49.55000	27.75206	-40.10830	SAX_LV_EPICARDIAL	3	1.0	18
50.71545	25.54253	-37.01314	SAX_LV_EPICARDIAL	3	1.0	18
50.76705	23.33299	-34.77640	SAX_LV_EPICARDIAL	3	1.0	18
50.81865	21.12346	-32.53967	SAX_LV_EPICARDIAL	3	1.0	18
49.75641	18.91392	-31.16136	SAX_LV_EPICARDIAL	3	1.0	18
49.80802	16.70438	-28.92462	SAX_LV_EPICARDIAL	3	1.0	18
48.74577	14.49485	-27.54631	SAX_LV_EPICARDIAL	3	1.0	18
47.68353	12.28531	-26.16799	SAX_LV_EPICARDIAL	3	1.0	18
46.62129	10.07577	-24.78968	SAX_LV_EPICARDIAL	3	1.0	18
45.55905	7.86624	-23.41137	SAX_LV_EPICARDIAL	3	1.0	18
43.38296	5.65670	-22.89147	SAX_LV_EPICARDIAL	3	1.0	18
42.32072	3.44716	-21.51316	SAX_LV_EPICARDIAL	3	1.0	18
40.14463	1.23763	-20.99327	SAX_LV_EPICARDIAL	3	1.0	18
39.08239	-0.97191	-19.61496	SAX_LV_EPICARDIAL	3	1.0	18
35.79246	-3.18145	-19.95349	SAX_LV_EPICARDIAL	3	1.0	18
33.61638	-5.39099	-19.43360	SAX_LV_EPICARDIAL	3	1.0	18
30.32645	-7.60053	-19.77213	SAX_LV_EPICARDIAL	3	1.0	18
27.03651	-9.81007	-20.11066	SAX_LV_EPICARDIAL	3	1.0	18
24.27771	-10.91484	-21.13835	SAX_LV_EPICARDIAL	3	1.0	18
21.51890	-12.01961	-22.16604	SAX_LV_EPICARDIAL	3	1.0	18
18.76009	-13.12438	-23.19373	SAX_LV_EPICARDIAL	3	1.0	18
16.00128	-14.22915	-24.22142	SAX_LV_EPICARDIAL	3	1.0	18
13.77359	-14.22915	-25.93826	SAX_LV_EPICARDIAL	3	1.0	18
12.50494	-7.60054	-33.50690	SAX_LV_ENDOCARDIAL	3	1.0	18
10.80837	-6.49578	-35.91290	SAX_LV_ENDOCARDIAL	3	1.0	18
8.58068	-6.49578	-37.62974	SAX_LV_ENDOCARDIAL	3	1.0	18
6.88411	-5.39101	-40.03575	SAX_LV_ENDOCARDIAL	3	1.0	18
4.65643	-5.39102	-41.75259	SAX_LV_ENDOCARDIAL	3	1.0	18
2.95986	-4.28625	-44.15859	SAX_LV_ENDOCARDIAL	3	1.0	18
0.73217	-4.28625	-45.87544	SAX_LV_ENDOCARDIAL	3	1.0	18
-0.43328	-2.07672	-48.97060	SAX_LV_ENDOCARDIAL	3	1.0	18
-2.12984	-0.97195	-51.37660	SAX_LV_ENDOCARDIAL	3	1.0	18
-3.29529	1.23758	-54.47176	SAX_LV_ENDOCARDIAL	3	1.0	18
-4.46074	3.44712	-57.56692	SAX_LV_ENDOCARDIAL	3	1.0	18
-5.62618	5.65665	-60.66208	SAX_LV_ENDOCARDIAL	3	1.0	18
-5.67779	7.86619	-62.89881	SAX_LV_ENDOCARDIAL	3	1.0	18
-5.72939	10.07572	-65.13555	SAX_LV_ENDOCARDIAL	3	1.0	18
-5.78099	12.28526	-67.37229	SAX_LV_ENDOCARDIAL	3	1.0	18
-4.71875	14.49479	-68.75060	SAX_LV_ENDOCARDIAL	3	1.0	18
-3.65651	16.70433	-70.12891	SAX_LV_ENDOCARDIAL	3	1.0	18
-2.59427	18.91387	-71.50723	SAX_LV_ENDOCARDIAL	3	1.0	18
-0.41818	21.12340	-72.02712	SAX_LV_ENDOCARDIAL	3	1.0	18
1.75791	23.33294	-72.54701	SAX_LV_ENDOCARDIAL	3	1.0	18
3.93399	25.54248	-73.06690	SAX_LV_ENDOCARDIAL	3	1.0	18
7.22392	27.75202	-72.72837	SAX_LV_ENDOCARDIAL	3	1.0	18
10.51385	29.96156	-72.38983	SAX_LV_ENDOCARDIAL	3	1.0	18
13.27266	31.06633	-71.36215	SAX_LV_ENDOCARDIAL	3	1.0	18
16.03147	32.17110	-70.33446	SAX_LV_ENDOCARDIAL	3	1.0	18
18.79028	33.27587	-69.30677	SAX_LV_ENDOCARDIAL	3	1.0	18
21.01797	33.27587	-67.58992	SAX_LV_ENDOCARDIAL	3	1.0	18
23.24566	33.27587	-65.87308	SAX_LV_ENDOCARDIAL	3	1.0	18
26.00447	34.38064	-64.84539	SAX_LV_ENDOCARDIAL	3	1.0	18
28.23216	34.38065	-63.12854	SAX_LV_ENDOCARDIAL	3	1.0	18
30.45984	34.38065	-61.41170	SAX_LV_ENDOCARDIAL	3	1.0	18
32.68753	34.38065	-59.69485	SAX_LV_ENDOCARDIAL	3	1.0	18
34.91522	34.38065	-57.97801	SAX_LV_ENDOCARDIAL	3	1.0	18
36.61179	33.27589	-55.57200	SAX_LV_ENDOCARDIAL	3	1.0	18
38.30836	32.17112	-53.16600	SAX_LV_ENDOCARDIAL	3	1.0	18
40.00492	31.06635	-50.76000	SAX_LV_ENDOCARDIAL	3	1.0	18
41.70149	29.96159	-48.35400	SAX_LV_ENDOCARDIAL	3	1.0	18
42.86694	27.75205	-45.25884	SAX_LV_ENDOCARDIAL	3	1.0	18
44.03238	25.54252	-42.16368	SAX_LV_ENDOCARDIAL	3	1.0	18
44.08399	23.33298	-39.92694	SAX_LV_ENDOCARDIAL	3	1.0	18
44.13559	21.12345	-37.69021	SAX_LV_ENDOCARDIAL	3	1.0	18
44.18719	18.91391	-35.45347	SAX_LV_ENDOCARDIAL	3	1.0	18
44.23879	16.70438	-33.21673	SAX_LV_ENDOCARDIAL	3	1.0	18
43.17655	14.49484	-31.83842	SAX_LV_ENDOCARDIAL	3	1.0	18
43.22815	12.28531	-29.60168	SAX_LV_ENDOCARDIAL	3	1.0	18
42.16591	10.07577	-28.22337	SAX_LV_ENDOCARDIAL	3	1.0	18
39.98983	7.86623	-27.70348	SAX_LV_ENDOCARDIAL	3	1.0	18
38.92758	5.65669	-26.32517	SAX_LV_ENDOCARDIAL	3	1.0	18
36.75150	3.44716	-25.80528	SAX_LV_ENDOCARDIAL	3	1.0	18
35.68926	1.23762	-24.42696	SAX_LV_ENDOCARDIAL	3	1.0	18
33.51317	-0.97192	-23.90707	SAX_LV_ENDOCARDIAL	3	1.0	18
30.22324	-3.18146	-24.24560	SAX_LV_ENDOCARDIAL	3	1.0	18
27.46443	-4.28623	-25.27329	SAX_LV_ENDOCARDIAL	3	1.0	18
24.70562	-5.39100	-26.30098	SAX_LV_ENDOCARDIAL	3	1.0	18
21.94681	-6.49577	-27.32867	SAX_LV_ENDOCARDIAL	3	1.0	18
19.71912	-6.49577	-29.04552	SAX_LV_ENDOCARDIAL	3	1.0	18
17.49144	-6.49577	-30.76236	SAX_LV_ENDOCARDIAL	3	1.0	18
14.73263	-7.60054	-31.79005	SAX_LV_ENDOCARDIAL	3	1.0	18
9.90094	-15.33392	-27.82438	RV_INSERT	3	1.0	18
-15.85719	14.49478	-77.33483	RV_INSERT	3	1.0	18
-38.84504	-31.80882	-77.45481	SAX_RV_FREEWALL	4	1.0	18
-40.54160	-30.70405	-79.86081	SAX_RV_FREEWALL	4	1.0	18
-42.23817	-29.59928	-82.26681	SAX_RV_FREEWALL	4	1.0	18
-43.93474	-28.49452	-84.67282	SAX_RV_FREEWALL	4	1.0	18
-45.10019	-26.28498	-87.76798	SAX_RV_FREEWALL	4	1.0	18
-46.26563	-24.07545	-90.86314	SAX_RV_FREEWALL	4	1.0	18
-46.31723	-21.86591	-93.09987	SAX_RV_FREEWALL	4	1.0	18
-45.25499	-19.65638	-94.47818	SAX_RV_FREEWALL	4	1.0	18
-43.07891	-17.44684	-94.99808	SAX_RV_FREEWALL	4	1.0	18
-39.78898	-15.23730	-94.65954	SAX_RV_FREEWALL	4	1.0	18
-37.03017	-14.13253	-93.63185	SAX_RV_FREEWALL	4	1.0	18
-33.74024	-11.92299	-93.29332	SAX_RV_FREEWALL	4	1.0	18
-30.45031	-9.71345	-92.95479	SAX_RV_FREEWALL	4	1.0	18
-27.69150	-8.60868	-91.92710	SAX_RV_FREEWALL	4	1.0	18
-24.40157	-6.39914	-91.58857	SAX_RV_FREEWALL	4	1.0	18
-21.64276	-5.29437	-90.56088	SAX_RV_FREEWALL	4	1.0	18
-18.35283	-3.08483	-90.22235	SAX_RV_FREEWALL	4	1.0	18
-15.06290	-0.87530	-89.88382	SAX_RV_FREEWALL	4	1.0	18
-11.77297	1.33424	-89.54528	SAX_RV_FREEWALL	4	1.0	18
-9.01416	2.43901	-88.51759	SAX_RV_FREEWALL	4	1.0	18
-6.25535	3.54378	-87.48991	SAX_RV_FREEWALL	4	1.0	18
1.09855	-25.18017	-53.26180	SAX_RV_FREEWALL	4	1.0	18
-1.66026	-26.28494	-54.28949	SAX_RV_FREEWALL	4	1.0	18
-3.88795	-26.28494	-56.00633	SAX_RV_FREEWALL	4	1.0	18
-6.64676	-27.38971	-57.03402	SAX_RV_FREEWALL	4	1.0	18
-8.87445	-27.38972	-58.75087	SAX_RV_FREEWALL	4	1.0	18
-11.63326	-28.49449	-59.77856	SAX_RV_FREEWALL	4	1.0	18
-14.39207	-29.59926	-60.80624	SAX_RV_FREEWALL	4	1.0	18
-17.15088	-30.70403	-61.83393	SAX_RV_FREEWALL	4	1.0	18
-19.37856	-30.70403	-63.55078	SAX_RV_FREEWALL	4	1.0	18
-22.13737	-31.80880	-64.57847	SAX_RV_FREEWALL	4	1.0	18
-24.36506	-31.80880	-66.29531	SAX_RV_FREEWALL	4	1.0	18
-26.59275	-31.80880	-68.01216	SAX_RV_FREEWALL	4	1.0	18
-28.82044	-31.80881	-69.72900	SAX_RV_FREEWALL	4	1.0	18
-31.04813	-31.80881	-71.44585	SAX_RV_FREEWALL	4	1.0	18
-33.27581	-31.80881	-73.16270	SAX_RV_FREEWALL	4	1.0	18
-35.50350	-31.80881	-74.87954	SAX_RV_FREEWALL	4	1.0	18
-37.73119	-31.80882	-76.59639	SAX_RV_FREEWALL	4	1.0	18
-37.09687	-35.12312	-72.81207	SAX_RV_EPICARDIAL	4	1.0	18
-38.79343	-34.01835	-75.21807	SAX_RV_EPICARDIAL	4	1.0	18
-41.02112	-34.01835	-76.93492	SAX_RV_EPICARDIAL	4	1.0	18
-42.71769	-32.91359	-79.34092	SAX_RV_EPICARDIAL	4	1.0	18
-44.41426	-31.80882	-81.74692	SAX_RV_EPICARDIAL	4	1.0	18
-46.11082	-30.70406	-84.15293	SAX_RV_EPICARDIAL	4	1.0	18
-47.27627	-28.49452	-87.24809	SAX_RV_EPICARDIAL	4	1.0	18
-48.44172	-26.28499	-90.34324	SAX_RV_EPICARDIAL	4	1.0	18
-49.60716	-24.07545	-93.43840	SAX_RV_EPICARDIAL	4	1.0	18
-48.54492	-21.86592	-94.81672	SAX_RV_EPICARDIAL	4	1.0	18
-47.48268	-19.65638	-96.19503	SAX_RV_EPICARDIAL	4	1.0	18
-46.42044	-17.44684	-97.57334	SAX_RV_EPICARDIAL	4	1.0	18
-43.13051	-15.23730	-97.23481	SAX_RV_EPICARDIAL	4	1.0	18
-39.84058	-13.02777	-96.89628	SAX_RV_EPICARDIAL	4	1.0	18
-37.08177	-11.92300	-95.86859	SAX_RV_EPICARDIAL	4	1.0	18
-33.79184	-9.71346	-95.53006	SAX_RV_EPICARDIAL	4	1.0	18
-30.50191	-7.50392	-95.19153	SAX_RV_EPICARDIAL	4	1.0	18
-27.21198	-5.29438	-94.85299	SAX_RV_EPICARDIAL	4	1.0	18
-23.92205	-3.08484	-94.51446	SAX_RV_EPICARDIAL	4	1.0	18
-21.16324	-1.98007	-93.48677	SAX_RV_EPICARDIAL	4	1.0	18
-17.87331	0.22947	-93.14824	SAX_RV_EPICARDIAL	4	1.0	18
-15.11450	1.33424	-92.12055	SAX_RV_EPICARDIAL	4	1.0	18
-11.82457	3.54378	-91.78202	SAX_RV_EPICARDIAL	4	1.0	18
-9.06576	4.64855	-90.75433	SAX_RV_EPICARDIAL	4	1.0	18
-6.30695	5.75332	-89.72664	SAX_RV_EPICARDIAL	4	1.0	18
-3.01702	7.96286	-89.38811	SAX_RV_EPICARDIAL	4	1.0	18
-0.78933	7.96286	-87.67126	SAX_RV_EPICARDIAL	4	1.0	18
-2.38269	4.64856	-85.60379	SAX_RV_EPICARDIAL	4	1.0	18
6.03344	-21.86586	-52.75400	SAX_RV_EPICARDIAL	4	1.0	18
7.19889	-24.07540	-49.65884	SAX_RV_EPICARDIAL	4	1.0	18
3.90896	-26.28494	-49.99737	SAX_RV_EPICARDIAL	4	1.0	18
1.15015	-27.38971	-51.02506	SAX_RV_EPICARDIAL	4	1.0	18
-1.60866	-28.49448	-52.05275	SAX_RV_EPICARDIAL	4	1.0	18
-3.83635	-28.49448	-53.76960	SAX_RV_EPICARDIAL	4	1.0	18
-6.59516	-29.59925	-54.79728	SAX_RV_EPICARDIAL	4	1.0	18
-8.82284	-29.59925	-56.51413	SAX_RV_EPICARDIAL	4	1.0	18
-11.58165	-30.70402	-57.54182	SAX_RV_EPICARDIAL	4	1.0	18
-14.34046	-31.80879	-58.56951	SAX_RV_EPICARDIAL	4	1.0	18
-17.09927	-32.91356	-59.59720	SAX_RV_EPICARDIAL	4	1.0	18
-19.85808	-34.01833	-60.62489	SAX_RV_EPICARDIAL	4	1.0	18
-22.08577	-34.01834	-62.34173	SAX_RV_EPICARDIAL	4	1.0	18
-24.84458	-35.12311	-63.36942	SAX_RV_EPICARDIAL	4	1.0	18
-27.07227	-35.12311	-65.08627	SAX_RV_EPICARDIAL	4	1.0	18
-29.29996	-35.12311	-66.80311	SAX_RV_EPICARDIAL	4	1.0	18
-31.52765	-35.12311	-68.51996	SAX_RV_EPICARDIAL	4	1.0	18
-33.75533	-35.12312	-70.23680	SAX_RV_EPICARDIAL	4	1.0	18
-35.98302	-35.12312	-71.95365	SAX_RV_EPICARDIAL	4	1.0	18
-3.49654	4.64855	-86.46222	SAX_RV_SEPTUM	4	1.0	18
-2.91381	3.54379	-84.91464	SAX_RV_SEPTUM	4	1.0	18
-2.86221	1.33425	-82.67790	SAX_RV_SEPTUM	4	1.0	18
-3.92445	-0.87529	-81.29959	SAX_RV_SEPTUM	4	1.0	18
-4.98670	-3.08482	-79.92127	SAX_RV_SEPTUM	4	1.0	18
-6.04894	-5.29436	-78.54296	SAX_RV_SEPTUM	4	1.0	18
-5.99734	-7.50389	-76.30622	SAX_RV_SEPTUM	4	1.0	18
-5.94573	-9.71343	-74.06949	SAX_RV_SEPTUM	4	1.0	18
-5.89413	-11.92296	-71.83275	SAX_RV_SEPTUM	4	1.0	18
-4.72868	-14.13250	-68.73759	SAX_RV_SEPTUM	4	1.0	18
-3.03212	-15.23727	-66.33159	SAX_RV_SEPTUM	4	1.0	18
-1.86667	-17.44680	-63.23643	SAX_RV_SEPTUM	4	1.0	18
-0.17010	-18.55157	-60.83043	SAX_RV_SEPTUM	4	1.0	18
1.52647	-19.65633	-58.42443	SAX_RV_SEPTUM	4	1.0	18
3.22303	-20.76110	-56.01842	SAX_RV_SEPTUM	4	1.0	18
4.91960	-21.86586	-53.61242	SAX_RV_SEPTUM	4	1.0	18
4.38848	-22.97063	-52.92327	SAX_RV_SEPTUM	4	1.0	18
0.90724	6.85809	-85.26526	SAX_LV_EPICARDIAL	4	1.0	18
1.96948	9.06763	-86.64358	SAX_LV_EPICARDIAL	4	1.0	18
4.14556	11.27717	-87.16347	SAX_LV_EPICARDIAL	4	1.0	18
6.32165	13.48671	-87.68336	SAX_LV_EPICARDIAL	4	1.0	18
8.49774	15.69624	-88.20325	SAX_LV_EPICARDIAL	4	1.0	18
11.78767	17.90578	-87.86471	SAX_LV_EPICARDIAL	4	1.0	18
15.07760	20.11532	-87.52618	SAX_LV_EPICARDIAL	4	1.0	18
18.36753	22.32486	-87.18765	SAX_LV_EPICARDIAL	4	1.0	18
21.65746	24.53440	-86.84912	SAX_LV_EPICARDIAL	4	1.0	18
24.41627	25.63917	-85.82143	SAX_LV_EPICARDIAL	4	1.0	18
27.17508	26.74394	-84.79374	SAX_LV_EPICARDIAL	4	1.0	18
29.40277	26.74394	-83.07689	SAX_LV_EPICARDIAL	4	1.0	18
32.16157	27.84871	-82.04921	SAX_LV_EPICARDIAL	4	1.0	18
34.38926	27.84871	-80.33236	SAX_LV_EPICARDIAL	4	1.0	18
36.61695	27.84872	-78.61551	SAX_LV_EPICARDIAL	4	1.0	18
38.84464	27.84872	-76.89867	SAX_LV_EPICARDIAL	4	1.0	18
41.07233	27.84872	-75.18182	SAX_LV_EPICARDIAL	4	1.0	18
42.76890	26.74396	-72.77582	SAX_LV_EPICARDIAL	4	1.0	18
44.99658	26.74396	-71.05898	SAX_LV_EPICARDIAL	4	1.0	18
46.69315	25.63919	-68.65297	SAX_LV_EPICARDIAL	4	1.0	18
48.38972	24.53443	-66.24697	SAX_LV_EPICARDIAL	4	1.0	18
50.08629	23.42966	-63.84097	SAX_LV_EPICARDIAL	4	1.0	18
51.78285	22.32489	-61.43497	SAX_LV_EPICARDIAL	4	1.0	18
53.47942	21.22013	-59.02896	SAX_LV_EPICARDIAL	4	1.0	18
53.53102	19.01059	-56.79223	SAX_LV_EPICARDIAL	4	1.0	18
54.69647	16.80106	-53.69707	SAX_LV_EPICARDIAL	4	1.0	18
54.74807	14.59152	-51.46033	SAX_LV_EPICARDIAL	4	1.0	18
54.79968	12.38199	-49.22360	SAX_LV_EPICARDIAL	4	1.0	18
54.85128	10.17245	-46.98686	SAX_LV_EPICARDIAL	4	1.0	18
53.78904	7.96291	-45.60855	SAX_LV_EPICARDIAL	4	1.0	18
53.84064	5.75338	-43.37181	SAX_LV_EPICARDIAL	4	1.0	18
52.77840	3.54384	-41.99350	SAX_LV_EPICARDIAL	4	1.0	18
50.60231	1.33430	-41.47361	SAX_LV_EPICARDIAL	4	1.0	18
49.54007	-0.87523	-40.09529	SAX_LV_EPICARDIAL	4	1.0	18
48.47783	-3.08477	-38.71698	SAX_LV_EPICARDIAL	4	1.0	18
47.41558	-5.29431	-37.33867	SAX_LV_EPICARDIAL	4	1.0	18
45.23950	-7.50384	-36.81878	SAX_LV_EPICARDIAL	4	1.0	18
43.06341	-9.71338	-36.29888	SAX_LV_EPICARDIAL	4	1.0	18
40.88733	-11.92292	-35.77899	SAX_LV_EPICARDIAL	4	1.0	18
37.59740	-14.13246	-36.11753	SAX_LV_EPICARDIAL	4	1.0	18
34.30747	-16.34200	-36.45606	SAX_LV_EPICARDIAL	4	1.0	18
31.54866	-17.44677	-37.48375	SAX_LV_EPICARDIAL	4	1.0	18
28.78985	-18.55154	-38.51144	SAX_LV_EPICARDIAL	4	1.0	18
26.03104	-19.65631	-39.53912	SAX_LV_EPICARDIAL	4	1.0	18
23.27223	-20.76108	-40.56681	SAX_LV_EPICARDIAL	4	1.0	18
20.51342	-21.86585	-41.59450	SAX_LV_EPICARDIAL	4	1.0	18
18.28573	-21.86585	-43.31135	SAX_LV_EPICARDIAL	4	1.0	18
16.05804	-21.86585	-45.02819	SAX_LV_EPICARDIAL	4	1.0	18
13.83035	-21.86585	-46.74504	SAX_LV_EPICARDIAL	4	1.0	18
11.60267	-21.86586	-48.46189	SAX_LV_EPICARDIAL	4	1.0	18
9.37498	-21.86586	-50.17873	SAX_LV_EPICARDIAL	4	1.0	18
14.78939	-15.23725	-52.59683	SAX_LV_ENDOCARDIAL	4	1.0	18
13.09282	-14.13248	-55.00283	SAX_LV_ENDOCARDIAL	4	1.0	18
10.86514	-14.13248	-56.71967	SAX_LV_ENDOCARDIAL	4	1.0	18
9.16857	-13.02772	-59.12568	SAX_LV_ENDOCARDIAL	4	1.0	18
7.47200	-11.92295	-61.53168	SAX_LV_ENDOCARDIAL	4	1.0	18
5.77543	-10.81819	-63.93768	SAX_LV_ENDOCARDIAL	4	1.0	18
4.07886	-9.71342	-66.34368	SAX_LV_ENDOCARDIAL	4	1.0	18
2.91342	-7.50388	-69.43884	SAX_LV_ENDOCARDIAL	4	1.0	18
2.86182	-5.29435	-71.67558	SAX_LV_ENDOCARDIAL	4	1.0	18
2.81021	-3.08481	-73.91231	SAX_LV_ENDOCARDIAL	4	1.0	18
3.87246	-0.87528	-75.29063	SAX_LV_ENDOCARDIAL	4	1.0	18
3.82085	1.33426	-77.52736	SAX_LV_ENDOCARDIAL	4	1.0	18
4.88310	3.54379	-78.90568	SAX_LV_ENDOCARDIAL	4	1.0	18
5.94534	5.75333	-80.28399	SAX_LV_ENDOCARDIAL	4	1.0	18
8.12142	7.96287	-80.80388	SAX_LV_ENDOCARDIAL	4	1.0	18
9.18367	10.17241	-82.18220	SAX_LV_ENDOCARDIAL	4	1.0	18
11.35975	12.38194	-82.70209	SAX_LV_ENDOCARDIAL	4	1.0	18
13.53584	14.59148	-83.22198	SAX_LV_ENDOCARDIAL	4	1.0	18
16.82577	16.80102	-82.88344	SAX_LV_ENDOCARDIAL	4	1.0	18
19.58458	17.90579	-81.85576	SAX_LV_ENDOCARDIAL	4	1.0	18
22.34339	19.01056	-80.82807	SAX_LV_ENDOCARDIAL	4	1.0	18
25.10220	20.11533	-79.80038	SAX_LV_ENDOCARDIAL	4	1.0	18
27.32988	20.11533	-78.08353	SAX_LV_ENDOCARDIAL	4	1.0	18
30.08869	21.22010	-77.05584	SAX_LV_ENDOCARDIAL	4	1.0	18
32.31638	21.22011	-75.33900	SAX_LV_ENDOCARDIAL	4	1.0	18
34.54407	21.22011	-73.62215	SAX_LV_ENDOCARDIAL	4	1.0	18
36.77176	21.22011	-71.90531	SAX_LV_ENDOCARDIAL	4	1.0	18
38.99945	21.22011	-70.18846	SAX_LV_ENDOCARDIAL	4	1.0	18
41.22714	21.22011	-68.47161	SAX_LV_ENDOCARDIAL	4	1.0	18
42.92370	20.11535	-66.06561	SAX_LV_ENDOCARDIAL	4	1.0	18
45.15139	20.11535	-64.34877	SAX_LV_ENDOCARDIAL	4	1.0	18
46.31684	17.90582	-61.25361	SAX_LV_ENDOCARDIAL	4	1.0	18
48.01341	16.80105	-58.84761	SAX_LV_ENDOCARDIAL	4	1.0	18
49.17885	14.59152	-55.75245	SAX_LV_ENDOCARDIAL	4	1.0	18
49.23045	12.38198	-53.51571	SAX_LV_ENDOCARDIAL	4	1.0	18
49.28206	10.17245	-51.27897	SAX_LV_ENDOCARDIAL	4	1.0	18
49.33366	7.96291	-49.04224	SAX_LV_ENDOCARDIAL	4	1.0	18
48.27142	5.75337	-47.66392	SAX_LV_ENDOCARDIAL	4	1.0	18
47.20918	3.54384	-46.28561	SAX_LV_ENDOCARDIAL	4	1.0	18
46.14693	1.33430	-44.90730	SAX_LV_ENDOCARDIAL	4	1.0	18
43.97085	-0.87524	-44.38741	SAX_LV_ENDOCARDIAL	4	1.0	18
42.90861	-3.08477	-43.00909	SAX_LV_ENDOCARDIAL	4	1.0	18
40.73252	-5.29431	-42.48920	SAX_LV_ENDOCARDIAL	4	1.0	18
38.55643	-7.50385	-41.96931	SAX_LV_ENDOCARDIAL	4	1.0	18
35.26650	-9.71339	-42.30784	SAX_LV_ENDOCARDIAL	4	1.0	18
32.50769	-10.81816	-43.33553	SAX_LV_ENDOCARDIAL	4	1.0	18
29.21776	-13.02770	-43.67407	SAX_LV_ENDOCARDIAL	4	1.0	18
26.45895	-14.13247	-44.70175	SAX_LV_ENDOCARDIAL	4	1.0	18
24.23127	-14.13247	-46.41860	SAX_LV_ENDOCARDIAL	4	1.0	18
21.47246	-15.23724	-47.44629	SAX_LV_ENDOCARDIAL	4	1.0	18
19.24477	-15.23724	-49.16313	SAX_LV_ENDOCARDIAL	4	1.0	18
17.01708	-15.23725	-50.87998	SAX_LV_ENDOCARDIAL	4	1.0	18
-3.49654	4.64855	-86.46222	RV_INSERT	4	1.0	18
4.38848	-22.97063	-52.92327	RV_INSERT	4	1.0	18
-20.05933	-30.60736	-92.61584	SAX_RV_FREEWALL	5	1.0	18
-21.75590	-29.50260	-95.02185	SAX_RV_FREEWALL	5	1.0	18
-23.98358	-29.50260	-96.73869	SAX_RV_FREEWALL	5	1.0	18
-24.03519	-27.29306	-98.97543	SAX_RV_FREEWALL	5	1.0	18
-21.85910	-25.08352	-99.49532	SAX_RV_FREEWALL	5	1.0	18
-19.68301	-22.87399	-100.01521	SAX_RV_FREEWALL	5	1.0	18
-16.39308	-20.66445	-99.67668	SAX_RV_FREEWALL	5	1.0	18
-14.21700	-18.45491	-100.19657	SAX_RV_FREEWALL	5	1.0	18
-11.45819	-17.35014	-99.16888	SAX_RV_FREEWALL	5	1.0	18
-8.16826	-15.14060	-98.83035	SAX_RV_FREEWALL	5	1.0	18
-4.87833	-12.93106	-98.49181	SAX_RV_FREEWALL	5	1.0	18
-1.58840	-10.72152	-98.15328	SAX_RV_FREEWALL	5	1.0	18
1.70153	-8.51198	-97.81475	SAX_RV_FREEWALL	5	1.0	18
4.99146	-6.30245	-97.47622	SAX_RV_FREEWALL	5	1.0	18
7.75027	-5.19768	-96.44853	SAX_RV_FREEWALL	5	1.0	18
9.97796	-5.19767	-94.73168	SAX_RV_FREEWALL	5	1.0	18
9.32854	-25.08349	-75.45948	SAX_RV_FREEWALL	5	1.0	18
7.10085	-25.08350	-77.17632	SAX_RV_FREEWALL	5	1.0	18
4.87316	-25.08350	-78.89317	SAX_RV_FREEWALL	5	1.0	18
2.11435	-26.18827	-79.92086	SAX_RV_FREEWALL	5	1.0	18
-0.11334	-26.18827	-81.63770	SAX_RV_FREEWALL	5	1.0	18
-2.87215	-27.29304	-82.66539	SAX_RV_FREEWALL	5	1.0	18
-5.09984	-27.29304	-84.38224	SAX_RV_FREEWALL	5	1.0	18
-7.85864	-28.39781	-85.40993	SAX_RV_FREEWALL	5	1.0	18
-10.61745	-29.50258	-86.43762	SAX_RV_FREEWALL	5	1.0	18
-13.37626	-30.60735	-87.46531	SAX_RV_FREEWALL	5	1.0	18
-15.60395	-30.60736	-89.18215	SAX_RV_FREEWALL	5	1.0	18
-17.83164	-30.60736	-90.89900	SAX_RV_FREEWALL	5	1.0	18
-22.76654	-33.92167	-91.40680	SAX_RV_EPICARDIAL	5	1.0	18
-24.46310	-32.81690	-93.81280	SAX_RV_EPICARDIAL	5	1.0	18
-26.15967	-31.71214	-96.21880	SAX_RV_EPICARDIAL	5	1.0	18
-27.85624	-30.60737	-98.62480	SAX_RV_EPICARDIAL	5	1.0	18
-26.79400	-28.39783	-100.00312	SAX_RV_EPICARDIAL	5	1.0	18
-25.73175	-26.18830	-101.38143	SAX_RV_EPICARDIAL	5	1.0	18
-23.55567	-23.97876	-101.90132	SAX_RV_EPICARDIAL	5	1.0	18
-21.37958	-21.76922	-102.42121	SAX_RV_EPICARDIAL	5	1.0	18
-18.08965	-19.55968	-102.08268	SAX_RV_EPICARDIAL	5	1.0	18
-14.79972	-17.35014	-101.74415	SAX_RV_EPICARDIAL	5	1.0	18
-11.50979	-15.14060	-101.40561	SAX_RV_EPICARDIAL	5	1.0	18
-8.21986	-12.93107	-101.06708	SAX_RV_EPICARDIAL	5	1.0	18
-4.92993	-10.72153	-100.72855	SAX_RV_EPICARDIAL	5	1.0	18
-1.64000	-8.51199	-100.39002	SAX_RV_EPICARDIAL	5	1.0	18
1.64993	-6.30245	-100.05149	SAX_RV_EPICARDIAL	5	1.0	18
4.40874	-5.19768	-99.02380	SAX_RV_EPICARDIAL	5	1.0	18
7.16755	-4.09291	-97.99611	SAX_RV_EPICARDIAL	5	1.0	18
9.92636	-2.98814	-96.96842	SAX_RV_EPICARDIAL	5	1.0	18
12.15405	-2.98814	-95.25157	SAX_RV_EPICARDIAL	5	1.0	18
14.91286	-1.88337	-94.22388	SAX_RV_EPICARDIAL	5	1.0	18
13.85061	-4.09290	-92.84557	SAX_RV_EPICARDIAL	5	1.0	18
13.20119	-23.97872	-73.57337	SAX_RV_EPICARDIAL	5	1.0	18
12.13895	-26.18826	-72.19505	SAX_RV_EPICARDIAL	5	1.0	18
9.38014	-27.29303	-73.22274	SAX_RV_EPICARDIAL	5	1.0	18
7.15245	-27.29303	-74.93959	SAX_RV_EPICARDIAL	5	1.0	18
4.92476	-27.29303	-76.65643	SAX_RV_EPICARDIAL	5	1.0	18
2.16595	-28.39780	-77.68412	SAX_RV_EPICARDIAL	5	1.0	18
-0.06174	-28.39781	-79.40097	SAX_RV_EPICARDIAL	5	1.0	18
-2.82054	-29.50258	-80.42866	SAX_RV_EPICARDIAL	5	1.0	18
-5.57935	-30.60735	-81.45635	SAX_RV_EPICARDIAL	5	1.0	18
-8.33816	-31.71212	-82.48404	SAX_RV_EPICARDIAL	5	1.0	18
-10.56585	-31.71212	-84.20088	SAX_RV_EPICARDIAL	5	1.0	18
-13.32466	-32.81689	-85.22857	SAX_RV_EPICARDIAL	5	1.0	18
-15.55235	-32.81689	-86.94542	SAX_RV_EPICARDIAL	5	1.0	18
-17.78004	-32.81689	-88.66226	SAX_RV_EPICARDIAL	5	1.0	18
-20.53885	-33.92167	-89.68995	SAX_RV_EPICARDIAL	5	1.0	18
12.20565	-5.19767	-93.01484	SAX_RV_SEPTUM	5	1.0	18
11.14341	-7.40721	-91.63652	SAX_RV_SEPTUM	5	1.0	18
10.08116	-9.61674	-90.25821	SAX_RV_SEPTUM	5	1.0	18
9.01892	-11.82628	-88.87990	SAX_RV_SEPTUM	5	1.0	18
9.07053	-14.03582	-86.64316	SAX_RV_SEPTUM	5	1.0	18
9.12213	-16.24535	-84.40642	SAX_RV_SEPTUM	5	1.0	18
10.28757	-18.45489	-81.31126	SAX_RV_SEPTUM	5	1.0	18
11.45302	-20.66442	-78.21611	SAX_RV_SEPTUM	5	1.0	18
12.61847	-22.87395	-75.12095	SAX_RV_SEPTUM	5	1.0	18
12.08735	-23.97872	-74.43179	SAX_RV_SEPTUM	5	1.0	18
24.39124	-26.18825	-62.75240	SAX_LV_EPICARDIAL	5	1.0	18
22.69467	-25.08348	-65.15841	SAX_LV_EPICARDIAL	5	1.0	18
20.46698	-25.08348	-66.87525	SAX_LV_EPICARDIAL	5	1.0	18
18.23929	-25.08348	-68.59210	SAX_LV_EPICARDIAL	5	1.0	18
16.54272	-23.97872	-70.99810	SAX_LV_EPICARDIAL	5	1.0	18
17.14054	-1.88336	-92.50704	SAX_LV_EPICARDIAL	5	1.0	18
19.31663	0.32617	-93.02693	SAX_LV_EPICARDIAL	5	1.0	18
21.49272	2.53571	-93.54682	SAX_LV_EPICARDIAL	5	1.0	18
24.78265	4.74525	-93.20829	SAX_LV_EPICARDIAL	5	1.0	18
27.54146	5.85002	-92.18060	SAX_LV_EPICARDIAL	5	1.0	18
30.30027	6.95479	-91.15291	SAX_LV_EPICARDIAL	5	1.0	18
33.05907	8.05956	-90.12522	SAX_LV_EPICARDIAL	5	1.0	18
35.28676	8.05956	-88.40838	SAX_LV_EPICARDIAL	5	1.0	18
38.04557	9.16434	-87.38069	SAX_LV_EPICARDIAL	5	1.0	18
40.27326	9.16434	-85.66384	SAX_LV_EPICARDIAL	5	1.0	18
42.50095	9.16434	-83.94699	SAX_LV_EPICARDIAL	5	1.0	18
44.72864	9.16434	-82.23015	SAX_LV_EPICARDIAL	5	1.0	18
46.95633	9.16434	-80.51330	SAX_LV_EPICARDIAL	5	1.0	18
48.65289	8.05958	-78.10730	SAX_LV_EPICARDIAL	5	1.0	18
50.34946	6.95481	-75.70130	SAX_LV_EPICARDIAL	5	1.0	18
52.57715	6.95481	-73.98445	SAX_LV_EPICARDIAL	5	1.0	18
53.74260	4.74528	-70.88929	SAX_LV_EPICARDIAL	5	1.0	18
54.90804	2.53575	-67.79414	SAX_LV_EPICARDIAL	5	1.0	18
56.07349	0.32621	-64.69898	SAX_LV_EPICARDIAL	5	1.0	18
56.12509	-1.88332	-62.46224	SAX_LV_EPICARDIAL	5	1.0	18
55.06285	-4.09286	-61.08393	SAX_LV_EPICARDIAL	5	1.0	18
54.00061	-6.30240	-59.70561	SAX_LV_EPICARDIAL	5	1.0	18
52.93837	-8.51193	-58.32730	SAX_LV_EPICARDIAL	5	1.0	18
51.87612	-10.72147	-56.94899	SAX_LV_EPICARDIAL	5	1.0	18
50.81388	-12.93101	-55.57067	SAX_LV_EPICARDIAL	5	1.0	18
48.63780	-15.14054	-55.05078	SAX_LV_EPICARDIAL	5	1.0	18
46.46171	-17.35008	-54.53089	SAX_LV_EPICARDIAL	5	1.0	18
44.28562	-19.55962	-54.01100	SAX_LV_EPICARDIAL	5	1.0	18
41.52681	-20.66439	-55.03869	SAX_LV_EPICARDIAL	5	1.0	18
38.23688	-22.87393	-55.37722	SAX_LV_EPICARDIAL	5	1.0	18
35.47808	-23.97870	-56.40491	SAX_LV_EPICARDIAL	5	1.0	18
32.71927	-25.08347	-57.43260	SAX_LV_EPICARDIAL	5	1.0	18
30.49158	-25.08347	-59.14945	SAX_LV_EPICARDIAL	5	1.0	18
28.26389	-25.08347	-60.86629	SAX_LV_EPICARDIAL	5	1.0	18
26.03620	-25.08348	-62.58314	SAX_LV_EPICARDIAL	5	1.0	18
23.12258	-19.55964	-70.32103	SAX_LV_ENDOCARDIAL	5	1.0	18
21.42602	-18.45487	-72.72704	SAX_LV_ENDOCARDIAL	5	1.0	18
19.72945	-17.35011	-75.13304	SAX_LV_ENDOCARDIAL	5	1.0	18
18.03288	-16.24534	-77.53904	SAX_LV_ENDOCARDIAL	5	1.0	18
16.86743	-14.03581	-80.63420	SAX_LV_ENDOCARDIAL	5	1.0	18
16.81583	-11.82627	-82.87094	SAX_LV_ENDOCARDIAL	5	1.0	18
16.76423	-9.61674	-85.10767	SAX_LV_ENDOCARDIAL	5	1.0	18
17.82647	-7.40720	-86.48599	SAX_LV_ENDOCARDIAL	5	1.0	18
18.88871	-5.19766	-87.86430	SAX_LV_ENDOCARDIAL	5	1.0	18
21.06480	-2.98813	-88.38419	SAX_LV_ENDOCARDIAL	5	1.0	18
24.35473	-0.77859	-88.04566	SAX_LV_ENDOCARDIAL	5	1.0	18
27.64466	1.43095	-87.70713	SAX_LV_ENDOCARDIAL	5	1.0	18
30.40347	2.53572	-86.67944	SAX_LV_ENDOCARDIAL	5	1.0	18
33.16228	3.64049	-85.65175	SAX_LV_ENDOCARDIAL	5	1.0	18
35.38997	3.64049	-83.93490	SAX_LV_ENDOCARDIAL	5	1.0	18
37.61766	3.64050	-82.21806	SAX_LV_ENDOCARDIAL	5	1.0	18
39.84534	3.64050	-80.50121	SAX_LV_ENDOCARDIAL	5	1.0	18
42.07303	3.64050	-78.78437	SAX_LV_ENDOCARDIAL	5	1.0	18
44.30072	3.64050	-77.06752	SAX_LV_ENDOCARDIAL	5	1.0	18
45.99729	2.53574	-74.66152	SAX_LV_ENDOCARDIAL	5	1.0	18
47.69386	1.43097	-72.25552	SAX_LV_ENDOCARDIAL	5	1.0	18
49.39042	0.32620	-69.84951	SAX_LV_ENDOCARDIAL	5	1.0	18
49.44203	-1.88333	-67.61278	SAX_LV_ENDOCARDIAL	5	1.0	18
49.49363	-4.09287	-65.37604	SAX_LV_ENDOCARDIAL	5	1.0	18
48.43139	-6.30240	-63.99773	SAX_LV_ENDOCARDIAL	5	1.0	18
47.36914	-8.51194	-62.61941	SAX_LV_ENDOCARDIAL	5	1.0	18
46.30690	-10.72148	-61.24110	SAX_LV_ENDOCARDIAL	5	1.0	18
44.13082	-12.93101	-60.72121	SAX_LV_ENDOCARDIAL	5	1.0	18
40.84089	-15.14055	-61.05974	SAX_LV_ENDOCARDIAL	5	1.0	18
37.55096	-17.35009	-61.39827	SAX_LV_ENDOCARDIAL	5	1.0	18
34.79215	-18.45486	-62.42596	SAX_LV_ENDOCARDIAL	5	1.0	18
32.03334	-19.55963	-63.45365	SAX_LV_ENDOCARDIAL	5	1.0	18
29.80565	-19.55963	-65.17050	SAX_LV_ENDOCARDIAL	5	1.0	18
27.57796	-19.55964	-66.88734	SAX_LV_ENDOCARDIAL	5	1.0	18
25.35027	-19.55964	-68.60419	SAX_LV_ENDOCARDIAL	5	1.0	18
9.97796	-5.19767	-94.73168	RV_INSERT	5	1.0	18
12.08735	-23.97872	-74.43179	RV_INSERT	5	1.0	18
7.58653	-27.19736	-103.14623	SAX_RV_FREEWALL	6	1.0	18
6.42108	-24.98783	-106.24139	SAX_RV_FREEWALL	6	1.0	18
6.36948	-22.77829	-108.47812	SAX_RV_FREEWALL	6	1.0	18
9.65941	-20.56875	-108.13959	SAX_RV_FREEWALL	6	1.0	18
12.94934	-18.35921	-107.80106	SAX_RV_FREEWALL	6	1.0	18
15.70815	-17.25444	-106.77337	SAX_RV_FREEWALL	6	1.0	18
17.93584	-17.25444	-105.05653	SAX_RV_FREEWALL	6	1.0	18
16.49728	-27.19735	-96.27885	SAX_RV_FREEWALL	6	1.0	18
14.26960	-27.19735	-97.99569	SAX_RV_FREEWALL	6	1.0	18
12.04191	-27.19736	-99.71254	SAX_RV_FREEWALL	6	1.0	18
9.81422	-27.19736	-101.42938	SAX_RV_FREEWALL	6	1.0	18
5.41044	-29.40690	-102.62634	SAX_RV_EPICARDIAL	6	1.0	18
3.71388	-28.30213	-105.03234	SAX_RV_EPICARDIAL	6	1.0	18
3.66227	-26.09260	-107.26908	SAX_RV_EPICARDIAL	6	1.0	18
3.61067	-23.88306	-109.50581	SAX_RV_EPICARDIAL	6	1.0	18
5.78676	-21.67352	-110.02570	SAX_RV_EPICARDIAL	6	1.0	18
7.96284	-19.46399	-110.54559	SAX_RV_EPICARDIAL	6	1.0	18
10.72165	-18.35922	-109.51791	SAX_RV_EPICARDIAL	6	1.0	18
14.01158	-16.14968	-109.17937	SAX_RV_EPICARDIAL	6	1.0	18
16.23927	-16.14968	-107.46253	SAX_RV_EPICARDIAL	6	1.0	18
18.46696	-16.14967	-105.74568	SAX_RV_EPICARDIAL	6	1.0	18
21.22577	-15.04490	-104.71799	SAX_RV_EPICARDIAL	6	1.0	18
21.48378	-26.09258	-93.53431	SAX_RV_EPICARDIAL	6	1.0	18
20.42154	-28.30212	-92.15600	SAX_RV_EPICARDIAL	6	1.0	18
18.19385	-28.30212	-93.87284	SAX_RV_EPICARDIAL	6	1.0	18
15.43504	-29.40689	-94.90053	SAX_RV_EPICARDIAL	6	1.0	18
13.20735	-29.40689	-96.61738	SAX_RV_EPICARDIAL	6	1.0	18
10.97966	-29.40689	-98.33422	SAX_RV_EPICARDIAL	6	1.0	18
8.75198	-29.40690	-100.05107	SAX_RV_EPICARDIAL	6	1.0	18
6.52429	-29.40690	-101.76792	SAX_RV_EPICARDIAL	6	1.0	18
20.69465	-16.14967	-104.02884	SAX_RV_SEPTUM	6	1.0	18
23.45346	-15.04490	-103.00115	SAX_RV_SEPTUM	6	1.0	18
21.27737	-17.25444	-102.48126	SAX_RV_SEPTUM	6	1.0	18
21.32897	-19.46397	-100.24452	SAX_RV_SEPTUM	6	1.0	18
21.38058	-21.67351	-98.00778	SAX_RV_SEPTUM	6	1.0	18
20.31833	-23.88305	-96.62947	SAX_RV_SEPTUM	6	1.0	18
19.25609	-26.09258	-95.25116	SAX_RV_SEPTUM	6	1.0	18
28.27005	-30.51164	-83.91030	SAX_LV_EPICARDIAL	6	1.0	18
26.57348	-29.40688	-86.31631	SAX_LV_EPICARDIAL	6	1.0	18
24.87692	-28.30211	-88.72231	SAX_LV_EPICARDIAL	6	1.0	18
23.18035	-27.19735	-91.12831	SAX_LV_EPICARDIAL	6	1.0	18
28.38835	-11.73059	-102.49335	SAX_LV_EPICARDIAL	6	1.0	18
31.67828	-9.52105	-102.15482	SAX_LV_EPICARDIAL	6	1.0	18
34.43709	-8.41628	-101.12713	SAX_LV_EPICARDIAL	6	1.0	18
37.19590	-7.31151	-100.09944	SAX_LV_EPICARDIAL	6	1.0	18
39.95471	-6.20674	-99.07175	SAX_LV_EPICARDIAL	6	1.0	18
42.18240	-6.20674	-97.35490	SAX_LV_EPICARDIAL	6	1.0	18
44.41009	-6.20674	-95.63806	SAX_LV_EPICARDIAL	6	1.0	18
46.10666	-7.31150	-93.23206	SAX_LV_EPICARDIAL	6	1.0	18
48.33434	-7.31150	-91.51521	SAX_LV_EPICARDIAL	6	1.0	18
50.03091	-8.41627	-89.10921	SAX_LV_EPICARDIAL	6	1.0	18
51.19636	-10.62580	-86.01405	SAX_LV_EPICARDIAL	6	1.0	18
51.24796	-12.83534	-83.77731	SAX_LV_EPICARDIAL	6	1.0	18
50.18572	-15.04487	-82.39900	SAX_LV_EPICARDIAL	6	1.0	18
50.23732	-17.25441	-80.16226	SAX_LV_EPICARDIAL	6	1.0	18
49.17508	-19.46395	-78.78395	SAX_LV_EPICARDIAL	6	1.0	18
48.11284	-21.67348	-77.40564	SAX_LV_EPICARDIAL	6	1.0	18
45.93675	-23.88302	-76.88575	SAX_LV_EPICARDIAL	6	1.0	18
43.76067	-26.09256	-76.36586	SAX_LV_EPICARDIAL	6	1.0	18
41.00186	-27.19733	-77.39354	SAX_LV_EPICARDIAL	6	1.0	18
37.71193	-29.40687	-77.73208	SAX_LV_EPICARDIAL	6	1.0	18
35.48424	-29.40687	-79.44892	SAX_LV_EPICARDIAL	6	1.0	18
32.72543	-30.51164	-80.47661	SAX_LV_EPICARDIAL	6	1.0	18
30.49774	-30.51164	-82.19346	SAX_LV_EPICARDIAL	6	1.0	18
32.62222	-26.09257	-84.95008	SAX_LV_ENDOCARDIAL	6	1.0	18
30.92566	-24.98780	-87.35609	SAX_LV_ENDOCARDIAL	6	1.0	18
28.69797	-24.98781	-89.07293	SAX_LV_ENDOCARDIAL	6	1.0	18
27.53252	-22.77827	-92.16809	SAX_LV_ENDOCARDIAL	6	1.0	18
27.48092	-20.56874	-94.40483	SAX_LV_ENDOCARDIAL	6	1.0	18
27.42932	-18.35920	-96.64156	SAX_LV_ENDOCARDIAL	6	1.0	18
28.49156	-16.14966	-98.01988	SAX_LV_ENDOCARDIAL	6	1.0	18
29.55380	-13.94013	-99.39819	SAX_LV_ENDOCARDIAL	6	1.0	18
32.84373	-11.73059	-99.05966	SAX_LV_ENDOCARDIAL	6	1.0	18
35.60254	-10.62582	-98.03197	SAX_LV_ENDOCARDIAL	6	1.0	18
38.36135	-9.52105	-97.00428	SAX_LV_ENDOCARDIAL	6	1.0	18
40.58904	-9.52104	-95.28743	SAX_LV_ENDOCARDIAL	6	1.0	18
42.28560	-10.62581	-92.88143	SAX_LV_ENDOCARDIAL	6	1.0	18
44.51329	-10.62581	-91.16459	SAX_LV_ENDOCARDIAL	6	1.0	18
45.67874	-12.83534	-88.06943	SAX_LV_ENDOCARDIAL	6	1.0	18
45.73034	-15.04488	-85.83269	SAX_LV_ENDOCARDIAL	6	1.0	18
44.66810	-17.25441	-84.45438	SAX_LV_ENDOCARDIAL	6	1.0	18
43.60586	-19.46395	-83.07606	SAX_LV_ENDOCARDIAL	6	1.0	18
42.54362	-21.67349	-81.69775	SAX_LV_ENDOCARDIAL	6	1.0	18
40.36753	-23.88303	-81.17786	SAX_LV_ENDOCARDIAL	6	1.0	18
37.60872	-24.98780	-82.20555	SAX_LV_ENDOCARDIAL	6	1.0	18
34.84991	-26.09257	-83.23324	SAX_LV_ENDOCARDIAL	6	1.0	18
23.45346	-15.04490	-103.00115	RV_INSERT	6	1.0	18
19.25609	-26.09258	-95.25116	RV_INSERT	6	1.0	18
10.19282	17.04881	-19.90304	LAX_LV_ENDOCARDIAL	9	1.0	18
11.99561	14.88047	-21.29443	LAX_LV_ENDOCARDIAL	9	1.0	18
13.79840	12.71214	-22.68582	LAX_LV_ENDOCARDIAL	9	1.0	18
15.54615	10.50865	-22.67247	LAX_LV_ENDOCARDIAL	9	1.0	18
17.34894	8.34032	-24.06386	LAX_LV_ENDOCARDIAL	9	1.0	18
19.09669	6.13683	-24.05051	LAX_LV_ENDOCARDIAL	9	1.0	18
20.84443	3.93334	-24.03716	LAX_LV_ENDOCARDIAL	9	1.0	18
22.59218	1.72986	-24.02382	LAX_LV_ENDOCARDIAL	9	1.0	18
24.39497	-0.43848	-25.41521	LAX_LV_ENDOCARDIAL	9	1.0	18
26.14272	-2.64197	-25.40186	LAX_LV_ENDOCARDIAL	9	1.0	18
28.00055	-4.77515	-28.19798	LAX_LV_ENDOCARDIAL	9	1.0	18
29.85839	-6.90833	-30.99410	LAX_LV_ENDOCARDIAL	9	1.0	18
31.71622	-9.04151	-33.79022	LAX_LV_ENDOCARDIAL	9	1.0	18
31.82631	-8.97121	-36.59968	LAX_LV_ENDOCARDIAL	9	1.0	18
32.81028	-10.00265	-39.40248	LAX_LV_ENDOCARDIAL	9	1.0	18
33.79424	-11.03409	-42.20527	LAX_LV_ENDOCARDIAL	9	1.0	18
34.77820	-12.06553	-45.00806	LAX_LV_ENDOCARDIAL	9	1.0	18
34.88829	-11.99523	-47.81753	LAX_LV_ENDOCARDIAL	9	1.0	18
35.87225	-13.02667	-50.62032	LAX_LV_ENDOCARDIAL	9	1.0	18
36.85621	-14.05811	-53.42311	LAX_LV_ENDOCARDIAL	9	1.0	18
37.84018	-15.08954	-56.22590	LAX_LV_ENDOCARDIAL	9	1.0	18
38.82414	-16.12098	-59.02870	LAX_LV_ENDOCARDIAL	9	1.0	18
38.93423	-16.05068	-61.83816	LAX_LV_ENDOCARDIAL	9	1.0	18
39.91819	-17.08212	-64.64095	LAX_LV_ENDOCARDIAL	9	1.0	18
40.90215	-18.11356	-67.44375	LAX_LV_ENDOCARDIAL	9	1.0	18
41.01224	-18.04326	-70.25321	LAX_LV_ENDOCARDIAL	9	1.0	18
41.99620	-19.07470	-73.05600	LAX_LV_ENDOCARDIAL	9	1.0	18
42.10629	-19.00439	-75.86547	LAX_LV_ENDOCARDIAL	9	1.0	18
42.21638	-18.93409	-78.67493	LAX_LV_ENDOCARDIAL	9	1.0	18
43.20035	-19.96553	-81.47773	LAX_LV_ENDOCARDIAL	9	1.0	18
43.31043	-19.89522	-84.28719	LAX_LV_ENDOCARDIAL	9	1.0	18
42.54665	-18.72318	-87.10333	LAX_LV_ENDOCARDIAL	9	1.0	18
42.65674	-18.65287	-89.91280	LAX_LV_ENDOCARDIAL	9	1.0	18
42.76683	-18.58257	-92.72226	LAX_LV_ENDOCARDIAL	9	1.0	18
42.00304	-17.41052	-95.53840	LAX_LV_ENDOCARDIAL	9	1.0	18
41.23926	-16.23848	-98.35454	LAX_LV_ENDOCARDIAL	9	1.0	18
39.54656	-13.99984	-99.77262	LAX_LV_ENDOCARDIAL	9	1.0	18
37.79881	-11.79635	-99.78596	LAX_LV_ENDOCARDIAL	9	1.0	18
35.99602	-9.62801	-98.39458	LAX_LV_ENDOCARDIAL	9	1.0	18
34.19323	-7.45968	-97.00319	LAX_LV_ENDOCARDIAL	9	1.0	18
32.39044	-5.29134	-95.61180	LAX_LV_ENDOCARDIAL	9	1.0	18
30.58765	-3.12301	-94.22041	LAX_LV_ENDOCARDIAL	9	1.0	18
28.78486	-0.95467	-92.82903	LAX_LV_ENDOCARDIAL	9	1.0	18
26.98206	1.21366	-91.43764	LAX_LV_ENDOCARDIAL	9	1.0	18
25.23432	3.41715	-91.45099	LAX_LV_ENDOCARDIAL	9	1.0	18
23.43153	5.58548	-90.05960	LAX_LV_ENDOCARDIAL	9	1.0	18
21.62874	7.75382	-88.66821	LAX_LV_ENDOCARDIAL	9	1.0	18
19.82594	9.92215	-87.27683	LAX_LV_ENDOCARDIAL	9	1.0	18
18.07820	12.12564	-87.29017	LAX_LV_ENDOCARDIAL	9	1.0	18
16.27541	14.29397	-85.89879	LAX_LV_ENDOCARDIAL	9	1.0	18
14.47262	16.46231	-84.50740	LAX_LV_ENDOCARDIAL	9	1.0	18
12.66982	18.63064	-83.11601	LAX_LV_ENDOCARDIAL	9	1.0	18
10.86703	20.79898	-81.72462	LAX_LV_ENDOCARDIAL	9	1.0	18
9.06424	22.96731	-80.33324	LAX_LV_ENDOCARDIAL	9	1.0	18
7.20641	25.10050	-77.53712	LAX_LV_ENDOCARDIAL	9	1.0	18
5.40362	27.26883	-76.14573	LAX_LV_ENDOCARDIAL	9	1.0	18
3.60082	29.43717	-74.75434	LAX_LV_ENDOCARDIAL	9	1.0	18
1.74299	31.57035	-71.95822	LAX_LV_ENDOCARDIAL	9	1.0	18
0.75903	32.60179	-69.15543	LAX_LV_ENDOCARDIAL	9	1.0	18
-0.22494	33.63323	-66.35264	LAX_LV_ENDOCARDIAL	9	1.0	18
-1.20890	34.66467	-63.54985	LAX_LV_ENDOCARDIAL	9	1.0	18
-3.06673	36.79785	-60.75373	LAX_LV_ENDOCARDIAL	9	1.0	18
-4.05070	37.82929	-57.95094	LAX_LV_ENDOCARDIAL	9	1.0	18
7.57120	20.35404	-19.92306	LAX_LV_ENDOCARDIAL	9	1.0	18
9.31895	18.15055	-19.90971	LAX_LV_ENDOCARDIAL	9	1.0	18
18.71137	5.89077	-14.21738	LAX_LV_EPICARDIAL	9	1.0	18
20.51417	3.72243	-15.60877	LAX_LV_EPICARDIAL	9	1.0	18
22.31696	1.55410	-17.00016	LAX_LV_EPICARDIAL	9	1.0	18
24.06470	-0.64939	-16.98681	LAX_LV_EPICARDIAL	9	1.0	18
25.86749	-2.81772	-18.37820	LAX_LV_EPICARDIAL	9	1.0	18
27.67029	-4.98606	-19.76958	LAX_LV_EPICARDIAL	9	1.0	18
29.47308	-7.15439	-21.16097	LAX_LV_EPICARDIAL	9	1.0	18
31.33091	-9.28758	-23.95709	LAX_LV_EPICARDIAL	9	1.0	18
33.18875	-11.42076	-26.75321	LAX_LV_EPICARDIAL	9	1.0	18
34.17271	-12.45220	-29.55600	LAX_LV_EPICARDIAL	9	1.0	18
35.15667	-13.48364	-32.35879	LAX_LV_EPICARDIAL	9	1.0	18
37.01451	-15.61682	-35.15491	LAX_LV_EPICARDIAL	9	1.0	18
37.99847	-16.64826	-37.95771	LAX_LV_EPICARDIAL	9	1.0	18
38.98243	-17.67970	-40.76050	LAX_LV_EPICARDIAL	9	1.0	18
39.09252	-17.60940	-43.56996	LAX_LV_EPICARDIAL	9	1.0	18
40.07648	-18.64084	-46.37276	LAX_LV_EPICARDIAL	9	1.0	18
41.06045	-19.67228	-49.17555	LAX_LV_EPICARDIAL	9	1.0	18
42.04441	-20.70372	-51.97834	LAX_LV_EPICARDIAL	9	1.0	18
43.02837	-21.73516	-54.78113	LAX_LV_EPICARDIAL	9	1.0	18
43.13846	-21.66485	-57.59060	LAX_LV_EPICARDIAL	9	1.0	18
44.12242	-22.69629	-60.39339	LAX_LV_EPICARDIAL	9	1.0	18
44.23251	-22.62599	-63.20286	LAX_LV_EPICARDIAL	9	1.0	18
45.21647	-23.65743	-66.00565	LAX_LV_EPICARDIAL	9	1.0	18
45.32656	-23.58713	-68.81511	LAX_LV_EPICARDIAL	9	1.0	18
46.31053	-24.61857	-71.61791	LAX_LV_EPICARDIAL	9	1.0	18
46.42062	-24.54826	-74.42737	LAX_LV_EPICARDIAL	9	1.0	18
46.53070	-24.47796	-77.23684	LAX_LV_EPICARDIAL	9	1.0	18
46.64079	-24.40765	-80.04630	LAX_LV_EPICARDIAL	9	1.0	18
46.75088	-24.33735	-82.85577	LAX_LV_EPICARDIAL	9	1.0	18
45.98710	-23.16530	-85.67191	LAX_LV_EPICARDIAL	9	1.0	18
46.09719	-23.09500	-88.48137	LAX_LV_EPICARDIAL	9	1.0	18
45.33340	-21.92295	-91.29751	LAX_LV_EPICARDIAL	9	1.0	18
45.44349	-21.85265	-94.10698	LAX_LV_EPICARDIAL	9	1.0	18
44.67971	-20.68060	-96.92311	LAX_LV_EPICARDIAL	9	1.0	18
43.91592	-19.50855	-99.73925	LAX_LV_EPICARDIAL	9	1.0	18
43.15214	-18.33651	-102.55539	LAX_LV_EPICARDIAL	9	1.0	18
41.45944	-16.09787	-103.97347	LAX_LV_EPICARDIAL	9	1.0	18
39.76674	-13.85923	-105.39155	LAX_LV_EPICARDIAL	9	1.0	18
38.01899	-11.65574	-105.40489	LAX_LV_EPICARDIAL	9	1.0	18
36.21620	-9.48741	-104.01351	LAX_LV_EPICARDIAL	9	1.0	18
34.46845	-7.28392	-104.02685	LAX_LV_EPICARDIAL	9	1.0	18
32.66566	-5.11558	-102.63546	LAX_LV_EPICARDIAL	9	1.0	18
30.86287	-2.94725	-101.24408	LAX_LV_EPICARDIAL	9	1.0	18
29.06008	-0.77892	-99.85269	LAX_LV_EPICARDIAL	9	1.0	18
27.25729	1.38942	-98.46130	LAX_LV_EPICARDIAL	9	1.0	18
25.50954	3.59291	-98.47465	LAX_LV_EPICARDIAL	9	1.0	18
23.70675	5.76124	-97.08326	LAX_LV_EPICARDIAL	9	1.0	18
21.95900	7.96473	-97.09661	LAX_LV_EPICARDIAL	9	1.0	18
20.15621	10.13306	-95.70522	LAX_LV_EPICARDIAL	9	1.0	18
18.40847	12.33655	-95.71857	LAX_LV_EPICARDIAL	9	1.0	18
16.60567	14.50489	-94.32718	LAX_LV_EPICARDIAL	9	1.0	18
14.80288	16.67322	-92.93579	LAX_LV_EPICARDIAL	9	1.0	18
13.00009	18.84156	-91.54441	LAX_LV_EPICARDIAL	9	1.0	18
11.19730	21.00989	-90.15302	LAX_LV_EPICARDIAL	9	1.0	18
9.39451	23.17823	-88.76163	LAX_LV_EPICARDIAL	9	1.0	18
7.59172	25.34656	-87.37025	LAX_LV_EPICARDIAL	9	1.0	18
5.78893	27.51490	-85.97886	LAX_LV_EPICARDIAL	9	1.0	18
3.98614	29.68323	-84.58747	LAX_LV_EPICARDIAL	9	1.0	18
2.18335	31.85157	-83.19609	LAX_LV_EPICARDIAL	9	1.0	18
0.38055	34.01990	-81.80470	LAX_LV_EPICARDIAL	9	1.0	18
-1.47728	36.15308	-79.00858	LAX_LV_EPICARDIAL	9	1.0	18
-3.33512	38.28627	-76.21246	LAX_LV_EPICARDIAL	9	1.0	18
-5.19295	40.41945	-73.41634	LAX_LV_EPICARDIAL	9	1.0	18
-6.17692	41.45089	-70.61355	LAX_LV_EPICARDIAL	9	1.0	18
-7.16088	42.48233	-67.81076	LAX_LV_EPICARDIAL	9	1.0	18
-8.14484	43.51377	-65.00796	LAX_LV_EPICARDIAL	9	1.0	18
-8.25493	43.44346	-62.19850	LAX_LV_EPICARDIAL	9	1.0	18
-7.49114	42.27142	-59.38236	LAX_LV_EPICARDIAL	9	1.0	18
-6.72736	41.09937	-56.56622	LAX_LV_EPICARDIAL	9	1.0	18
-4.97961	38.89588	-56.55288	LAX_LV_EPICARDIAL	9	1.0	18
8.27994	19.14684	-15.70219	LAX_LV_EPICARDIAL	9	1.0	18
9.97264	16.90820	-14.28411	LAX_LV_EPICARDIAL	9	1.0	18
11.72039	14.70471	-14.27077	LAX_LV_EPICARDIAL	9	1.0	18
13.46813	12.50123	-14.25742	LAX_LV_EPICARDIAL	9	1.0	18
15.21588	10.29774	-14.24407	LAX_LV_EPICARDIAL	9	1.0	18
16.96363	8.09425	-14.23073	LAX_LV_EPICARDIAL	9	1.0	18
-5.08970	38.82558	-53.74341	MITRAL_VALVE	9	1.0	18
5.87850	22.59268	-21.34114	MITRAL_VALVE	9	1.0	18
-31.31874	-11.88040	-2.28795	LAX_RV_FREEWALL	8	1.0	1.0
-29.79377	-13.23885	-4.67893	LAX_RV_FREEWALL	8	1.0	1.0
-28.26880	-14.59730	-7.06991	LAX_RV_FREEWALL	8	1.0	1.0
-26.74383	-15.95575	-9.46089	LAX_RV_FREEWALL	8	1.0	1.0
-25.21886	-17.31420	-11.85187	LAX_RV_FREEWALL	8	1.0	1.0
-23.69389	-18.67265	-14.24284	LAX_RV_FREEWALL	8	1.0	1.0
-22.16893	-20.03110	-16.63382	LAX_RV_FREEWALL	8	1.0	1.0
-20.64396	-21.38955	-19.02480	LAX_RV_FREEWALL	8	1.0	1.0
-19.11899	-22.74800	-21.41578	LAX_RV_FREEWALL	8	1.0	1.0
-17.59402	-24.10645	-23.80676	LAX_RV_FREEWALL	8	1.0	1.0
-15.79014	-24.10646	-25.96458	LAX_RV_FREEWALL	8	1.0	1.0
-13.98626	-24.10646	-28.12240	LAX_RV_FREEWALL	8	1.0	1.0
-12.18238	-24.10646	-30.28021	LAX_RV_FREEWALL	8	1.0	1.0
-10.37850	-24.10646	-32.43803	LAX_RV_FREEWALL	8	1.0	1.0
-8.57461	-24.10646	-34.59585	LAX_RV_FREEWALL	8	1.0	1.0
-6.77073	-24.10646	-36.75367	LAX_RV_FREEWALL	8	1.0	1.0
-4.68794	-22.74802	-38.67832	LAX_RV_FREEWALL	8	1.0	1.0
-3.16297	-24.10647	-41.06930	LAX_RV_FREEWALL	8	1.0	1.0
-1.35909	-24.10647	-43.22712	LAX_RV_FREEWALL	8	1.0	1.0
0.16588	-25.46492	-45.61810	LAX_RV_FREEWALL	8	1.0	1.0
1.96976	-25.46492	-47.77592	LAX_RV_FREEWALL	8	1.0	1.0
3.77364	-25.46492	-49.93373	LAX_RV_FREEWALL	8	1.0	1.0
5.85644	-24.10648	-51.85839	LAX_RV_FREEWALL	8	1.0	1.0
-12.44319	-7.80507	-23.16664	LAX_RV_FREEWALL	8	1.0	1.0
-14.24707	-7.80507	-21.00882	LAX_RV_FREEWALL	8	1.0	1.0
-16.05095	-7.80507	-18.85100	LAX_RV_FREEWALL	8	1.0	1.0
-17.85483	-7.80506	-16.69318	LAX_RV_FREEWALL	8	1.0	1.0
-19.65871	-7.80506	-14.53537	LAX_RV_FREEWALL	8	1.0	1.0
-21.18368	-6.44661	-12.14439	LAX_RV_FREEWALL	8	1.0	1.0
-22.98756	-6.44661	-9.98657	LAX_RV_FREEWALL	8	1.0	1.0
-24.79144	-6.44661	-7.82875	LAX_RV_FREEWALL	8	1.0	1.0
-26.59532	-6.44661	-5.67094	LAX_RV_FREEWALL	8	1.0	1.0
-28.67812	-7.80505	-3.74628	LAX_RV_FREEWALL	8	1.0	1.0
-29.85897	-9.16350	-2.90053	LAX_RV_FREEWALL	8	1.0	1.0
-33.12262	-11.88040	-0.13013	LAX_RV_EPICARDIAL	8	1.0	1.0
-32.77850	-14.59730	-1.67536	LAX_RV_EPICARDIAL	8	1.0	1.0
-31.25353	-15.95575	-4.06634	LAX_RV_EPICARDIAL	8	1.0	1.0
-29.72857	-17.31420	-6.45732	LAX_RV_EPICARDIAL	8	1.0	1.0
-28.20360	-18.67265	-8.84830	LAX_RV_EPICARDIAL	8	1.0	1.0
-26.67863	-20.03110	-11.23928	LAX_RV_EPICARDIAL	8	1.0	1.0
-25.15366	-21.38955	-13.63026	LAX_RV_EPICARDIAL	8	1.0	1.0
-23.62869	-22.74800	-16.02124	LAX_RV_EPICARDIAL	8	1.0	1.0
-22.38264	-25.46490	-18.64538	LAX_RV_EPICARDIAL	8	1.0	1.0
-20.85767	-26.82335	-21.03636	LAX_RV_EPICARDIAL	8	1.0	1.0
-19.05379	-26.82335	-23.19418	LAX_RV_EPICARDIAL	8	1.0	1.0
-17.52882	-28.18180	-25.58516	LAX_RV_EPICARDIAL	8	1.0	1.0
-15.72494	-28.18180	-27.74297	LAX_RV_EPICARDIAL	8	1.0	1.0
-13.92106	-28.18180	-29.90079	LAX_RV_EPICARDIAL	8	1.0	1.0
-11.83826	-26.82336	-31.82545	LAX_RV_EPICARDIAL	8	1.0	1.0
-10.03438	-26.82336	-33.98326	LAX_RV_EPICARDIAL	8	1.0	1.0
-8.23050	-26.82336	-36.14108	LAX_RV_EPICARDIAL	8	1.0	1.0
-6.42662	-26.82336	-38.29890	LAX_RV_EPICARDIAL	8	1.0	1.0
-4.62274	-26.82336	-40.45672	LAX_RV_EPICARDIAL	8	1.0	1.0
-2.81886	-26.82337	-42.61453	LAX_RV_EPICARDIAL	8	1.0	1.0
-1.01497	-26.82337	-44.77235	LAX_RV_EPICARDIAL	8	1.0	1.0
0.78891	-26.82337	-46.93017	LAX_RV_EPICARDIAL	8	1.0	1.0
2.59279	-26.82337	-49.08799	LAX_RV_EPICARDIAL	8	1.0	1.0
4.39667	-26.82337	-51.24580	LAX_RV_EPICARDIAL	8	1.0	1.0
6.47946	-25.46493	-53.17046	LAX_RV_EPICARDIAL	8	1.0	1.0
8.28334	-25.46493	-55.32828	LAX_RV_EPICARDIAL	8	1.0	1.0
10.08723	-25.46493	-57.48610	LAX_RV_EPICARDIAL	8	1.0	1.0
7.93923	-22.74803	-53.78304	LAX_RV_EPICARDIAL	8	1.0	1.0
-15.49312	-5.08817	-18.38468	LAX_RV_EPICARDIAL	8	1.0	1.0
-17.29700	-5.08817	-16.22686	LAX_RV_EPICARDIAL	8	1.0	1.0
-18.82197	-3.72972	-13.83588	LAX_RV_EPICARDIAL	8	1.0	1.0
-20.62585	-3.72972	-11.67806	LAX_RV_EPICARDIAL	8	1.0	1.0
-22.42973	-3.72971	-9.52025	LAX_RV_EPICARDIAL	8	1.0	1.0
-24.23362	-3.72971	-7.36243	LAX_RV_EPICARDIAL	8	1.0	1.0
-26.31641	-5.08816	-5.43777	LAX_RV_EPICARDIAL	8	1.0	1.0
-28.12029	-5.08816	-3.27996	LAX_RV_EPICARDIAL	8	1.0	1.0
-30.20309	-6.44660	-1.35530	LAX_RV_EPICARDIAL	8	1.0	1.0
-32.56479	-9.16350	0.33619	LAX_RV_EPICARDIAL	8	1.0	1.0
7.93923	-22.74803	-53.78304	LAX_RV_SEPTUM	8	1.0	1.0
6.41426	-21.38958	-51.39207	LAX_RV_SEPTUM	8	1.0	1.0
4.88929	-20.03113	-49.00109	LAX_RV_SEPTUM	8	1.0	1.0
3.36432	-18.67268	-46.61011	LAX_RV_SEPTUM	8	1.0	1.0
1.83936	-17.31423	-44.21913	LAX_RV_SEPTUM	8	1.0	1.0
0.31439	-15.95578	-41.82815	LAX_RV_SEPTUM	8	1.0	1.0
-1.21058	-14.59733	-39.43717	LAX_RV_SEPTUM	8	1.0	1.0
-2.73555	-13.23888	-37.04619	LAX_RV_SEPTUM	8	1.0	1.0
-4.26052	-11.88043	-34.65521	LAX_RV_SEPTUM	8	1.0	1.0
-5.78549	-10.52197	-32.26423	LAX_RV_SEPTUM	8	1.0	1.0
-7.31045	-9.16352	-29.87325	LAX_RV_SEPTUM	8	1.0	1.0
-9.11434	-9.16352	-27.71543	LAX_RV_SEPTUM	8	1.0	1.0
-10.63930	-7.80507	-25.32445	LAX_RV_SEPTUM	8	1.0	1.0
-12.22947	-2.37127	-21.15508	LAX_LV_EPICARDIAL	8	1.0	1.0
-10.98342	-5.08817	-23.77922	LAX_LV_EPICARDIAL	8	1.0	1.0
10.64505	-22.74803	-57.01977	LAX_LV_EPICARDIAL	8	1.0	1.0
12.17002	-24.10648	-59.41075	LAX_LV_EPICARDIAL	8	1.0	1.0
13.97390	-24.10648	-61.56857	LAX_LV_EPICARDIAL	8	1.0	1.0
15.77778	-24.10649	-63.72639	LAX_LV_EPICARDIAL	8	1.0	1.0
17.30275	-25.46494	-66.11737	LAX_LV_EPICARDIAL	8	1.0	1.0
19.10663	-25.46494	-68.27518	LAX_LV_EPICARDIAL	8	1.0	1.0
20.63160	-26.82339	-70.66616	LAX_LV_EPICARDIAL	8	1.0	1.0
22.43548	-26.82339	-72.82398	LAX_LV_EPICARDIAL	8	1.0	1.0
24.23936	-26.82339	-74.98180	LAX_LV_EPICARDIAL	8	1.0	1.0
25.76433	-28.18184	-77.37278	LAX_LV_EPICARDIAL	8	1.0	1.0
27.56821	-28.18184	-79.53059	LAX_LV_EPICARDIAL	8	1.0	1.0
29.37209	-28.18185	-81.68841	LAX_LV_EPICARDIAL	8	1.0	1.0
31.17598	-28.18185	-83.84623	LAX_LV_EPICARDIAL	8	1.0	1.0
32.97986	-28.18185	-86.00405	LAX_LV_EPICARDIAL	8	1.0	1.0
34.78374	-28.18185	-88.16186	LAX_LV_EPICARDIAL	8	1.0	1.0
36.86653	-26.82340	-90.08652	LAX_LV_EPICARDIAL	8	1.0	1.0
38.94933	-25.46496	-92.01118	LAX_LV_EPICARDIAL	8	1.0	1.0
41.03212	-24.10651	-93.93583	LAX_LV_EPICARDIAL	8	1.0	1.0
43.39383	-21.38961	-95.62732	LAX_LV_EPICARDIAL	8	1.0	1.0
44.85359	-18.67272	-96.23991	LAX_LV_EPICARDIAL	8	1.0	1.0
45.41142	-15.95582	-95.77359	LAX_LV_EPICARDIAL	8	1.0	1.0
46.87119	-13.23892	-96.38617	LAX_LV_EPICARDIAL	8	1.0	1.0
47.42901	-10.52203	-95.91985	LAX_LV_EPICARDIAL	8	1.0	1.0
47.08490	-7.80513	-94.37461	LAX_LV_EPICARDIAL	8	1.0	1.0
46.74078	-5.08823	-92.82938	LAX_LV_EPICARDIAL	8	1.0	1.0
46.39667	-2.37133	-91.28415	LAX_LV_EPICARDIAL	8	1.0	1.0
46.05255	0.34557	-89.73892	LAX_LV_EPICARDIAL	8	1.0	1.0
45.70844	3.06247	-88.19368	LAX_LV_EPICARDIAL	8	1.0	1.0
45.36432	5.77936	-86.64845	LAX_LV_EPICARDIAL	8	1.0	1.0
45.02021	8.49626	-85.10322	LAX_LV_EPICARDIAL	8	1.0	1.0
44.67609	11.21316	-83.55799	LAX_LV_EPICARDIAL	8	1.0	1.0
44.33198	13.93006	-82.01275	LAX_LV_EPICARDIAL	8	1.0	1.0
43.98786	16.64696	-80.46752	LAX_LV_EPICARDIAL	8	1.0	1.0
42.74181	19.36386	-77.84338	LAX_LV_EPICARDIAL	8	1.0	1.0
42.39769	22.08076	-76.29815	LAX_LV_EPICARDIAL	8	1.0	1.0
42.05358	24.79765	-74.75292	LAX_LV_EPICARDIAL	8	1.0	1.0
41.70946	27.51455	-73.20768	LAX_LV_EPICARDIAL	8	1.0	1.0
41.36535	30.23145	-71.66245	LAX_LV_EPICARDIAL	8	1.0	1.0
40.11929	32.94835	-69.03831	LAX_LV_EPICARDIAL	8	1.0	1.0
39.77517	35.66525	-67.49308	LAX_LV_EPICARDIAL	8	1.0	1.0
38.52912	38.38215	-64.86894	LAX_LV_EPICARDIAL	8	1.0	1.0
37.90609	39.74060	-63.55686	LAX_LV_EPICARDIAL	8	1.0	1.0
36.66004	42.45750	-60.93272	LAX_LV_EPICARDIAL	8	1.0	1.0
35.41398	45.17440	-58.30858	LAX_LV_EPICARDIAL	8	1.0	1.0
33.88901	46.53285	-55.91760	LAX_LV_EPICARDIAL	8	1.0	1.0
32.36404	47.89130	-53.52662	LAX_LV_EPICARDIAL	8	1.0	1.0
30.83907	49.24975	-51.13564	LAX_LV_EPICARDIAL	8	1.0	1.0
29.31411	50.60820	-48.74467	LAX_LV_EPICARDIAL	8	1.0	1.0
27.51022	50.60820	-46.58685	LAX_LV_EPICARDIAL	8	1.0	1.0
25.98526	51.96665	-44.19587	LAX_LV_EPICARDIAL	8	1.0	1.0
24.18138	51.96665	-42.03805	LAX_LV_EPICARDIAL	8	1.0	1.0
22.37749	51.96665	-39.88023	LAX_LV_EPICARDIAL	8	1.0	1.0
20.57361	51.96665	-37.72242	LAX_LV_EPICARDIAL	8	1.0	1.0
18.49082	50.60821	-35.79776	LAX_LV_EPICARDIAL	8	1.0	1.0
16.12911	47.89131	-34.10627	LAX_LV_EPICARDIAL	8	1.0	1.0
-3.60128	22.08080	-21.27380	LAX_LV_EPICARDIAL	8	1.0	1.0
-5.40516	22.08080	-19.11598	LAX_LV_EPICARDIAL	8	1.0	1.0
-8.68691	1.70407	-23.69232	LAX_LV_ENDOCARDIAL	8	1.0	1.0
-6.88303	1.70407	-25.85014	LAX_LV_ENDOCARDIAL	8	1.0	1.0
-4.80024	3.06251	-27.77479	LAX_LV_ENDOCARDIAL	8	1.0	1.0
-2.99636	3.06251	-29.93261	LAX_LV_ENDOCARDIAL	8	1.0	1.0
-1.19248	3.06251	-32.09043	LAX_LV_ENDOCARDIAL	8	1.0	1.0
0.33249	1.70406	-34.48141	LAX_LV_ENDOCARDIAL	8	1.0	1.0
1.85746	0.34561	-36.87239	LAX_LV_ENDOCARDIAL	8	1.0	1.0
3.38243	-1.01284	-39.26337	LAX_LV_ENDOCARDIAL	8	1.0	1.0
4.62848	-3.72974	-41.88751	LAX_LV_ENDOCARDIAL	8	1.0	1.0
6.15345	-5.08819	-44.27849	LAX_LV_ENDOCARDIAL	8	1.0	1.0
7.39951	-7.80509	-46.90263	LAX_LV_ENDOCARDIAL	8	1.0	1.0
8.92448	-9.16354	-49.29361	LAX_LV_ENDOCARDIAL	8	1.0	1.0
10.44945	-10.52199	-51.68459	LAX_LV_ENDOCARDIAL	8	1.0	1.0
11.97441	-11.88044	-54.07557	LAX_LV_ENDOCARDIAL	8	1.0	1.0
13.49938	-13.23889	-56.46655	LAX_LV_ENDOCARDIAL	8	1.0	1.0
15.02435	-14.59734	-58.85753	LAX_LV_ENDOCARDIAL	8	1.0	1.0
16.54932	-15.95579	-61.24851	LAX_LV_ENDOCARDIAL	8	1.0	1.0
18.35320	-15.95579	-63.40632	LAX_LV_ENDOCARDIAL	8	1.0	1.0
19.87817	-17.31424	-65.79730	LAX_LV_ENDOCARDIAL	8	1.0	1.0
21.40314	-18.67269	-68.18828	LAX_LV_ENDOCARDIAL	8	1.0	1.0
23.20702	-18.67270	-70.34610	LAX_LV_ENDOCARDIAL	8	1.0	1.0
24.73199	-20.03115	-72.73708	LAX_LV_ENDOCARDIAL	8	1.0	1.0
26.25696	-21.38960	-75.12806	LAX_LV_ENDOCARDIAL	8	1.0	1.0
28.06084	-21.38960	-77.28588	LAX_LV_ENDOCARDIAL	8	1.0	1.0
29.86472	-21.38960	-79.44369	LAX_LV_ENDOCARDIAL	8	1.0	1.0
31.38969	-22.74805	-81.83467	LAX_LV_ENDOCARDIAL	8	1.0	1.0
33.19357	-22.74805	-83.99249	LAX_LV_ENDOCARDIAL	8	1.0	1.0
34.99745	-22.74806	-86.15031	LAX_LV_ENDOCARDIAL	8	1.0	1.0
36.80133	-22.74806	-88.30812	LAX_LV_ENDOCARDIAL	8	1.0	1.0
38.60521	-22.74806	-90.46594	LAX_LV_ENDOCARDIAL	8	1.0	1.0
40.68801	-21.38961	-92.39060	LAX_LV_ENDOCARDIAL	8	1.0	1.0
42.14777	-18.67271	-93.00318	LAX_LV_ENDOCARDIAL	8	1.0	1.0
43.60754	-15.95582	-93.61577	LAX_LV_ENDOCARDIAL	8	1.0	1.0
44.16536	-13.23892	-93.14944	LAX_LV_ENDOCARDIAL	8	1.0	1.0
43.82125	-10.52202	-91.60421	LAX_LV_ENDOCARDIAL	8	1.0	1.0
43.47713	-7.80512	-90.05898	LAX_LV_ENDOCARDIAL	8	1.0	1.0
42.23108	-5.08822	-87.43484	LAX_LV_ENDOCARDIAL	8	1.0	1.0
41.88696	-2.37133	-85.88961	LAX_LV_ENDOCARDIAL	8	1.0	1.0
41.54285	0.34557	-84.34437	LAX_LV_ENDOCARDIAL	8	1.0	1.0
41.19873	3.06247	-82.79914	LAX_LV_ENDOCARDIAL	8	1.0	1.0
39.95268	5.77937	-80.17500	LAX_LV_ENDOCARDIAL	8	1.0	1.0
39.60856	8.49627	-78.62977	LAX_LV_ENDOCARDIAL	8	1.0	1.0
38.36251	11.21317	-76.00563	LAX_LV_ENDOCARDIAL	8	1.0	1.0
38.01839	13.93007	-74.46039	LAX_LV_ENDOCARDIAL	8	1.0	1.0
37.67428	16.64696	-72.91516	LAX_LV_ENDOCARDIAL	8	1.0	1.0
37.33016	19.36386	-71.36993	LAX_LV_ENDOCARDIAL	8	1.0	1.0
36.98605	22.08076	-69.82470	LAX_LV_ENDOCARDIAL	8	1.0	1.0
35.73999	24.79766	-67.20055	LAX_LV_ENDOCARDIAL	8	1.0	1.0
35.39588	27.51456	-65.65532	LAX_LV_ENDOCARDIAL	8	1.0	1.0
34.14982	30.23146	-63.03118	LAX_LV_ENDOCARDIAL	8	1.0	1.0
32.90376	32.94836	-60.40704	LAX_LV_ENDOCARDIAL	8	1.0	1.0
31.37880	34.30681	-58.01606	LAX_LV_ENDOCARDIAL	8	1.0	1.0
29.85383	35.66526	-55.62508	LAX_LV_ENDOCARDIAL	8	1.0	1.0
28.60777	38.38216	-53.00094	LAX_LV_ENDOCARDIAL	8	1.0	1.0
27.08280	39.74061	-50.60996	LAX_LV_ENDOCARDIAL	8	1.0	1.0
25.55784	41.09906	-48.21898	LAX_LV_ENDOCARDIAL	8	1.0	1.0
24.31178	43.81596	-45.59484	LAX_LV_ENDOCARDIAL	8	1.0	1.0
22.50790	43.81596	-43.43702	LAX_LV_ENDOCARDIAL	8	1.0	1.0
20.70402	43.81596	-41.27920	LAX_LV_ENDOCARDIAL	8	1.0	1.0
18.90014	43.81596	-39.12139	LAX_LV_ENDOCARDIAL	8	1.0	1.0
-4.50322	22.08080	-20.19489	LAX_LV_ENDOCARDIAL	8	1.0	1.0
-6.30710	22.08080	-18.03708	LAX_LV_ENDOCARDIAL	8	1.0	1.0
-33.12262	-11.88040	-0.13013	LAX_RV_EPICARDIAL	8	1.0	1.0
-32.77850	-14.59730	-1.67536	LAX_RV_EPICARDIAL	8	1.0	1.0
-31.25353	-15.95575	-4.06634	LAX_RV_EPICARDIAL	8	1.0	1.0
-29.72857	-17.31420	-6.45732	LAX_RV_EPICARDIAL	8	1.0	1.0
-28.20360	-18.67265	-8.84830	LAX_RV_EPICARDIAL	8	1.0	1.0
-26.67863	-20.03110	-11.23928	LAX_RV_EPICARDIAL	8	1.0	1.0
-25.15366	-21.38955	-13.63026	LAX_RV_EPICARDIAL	8	1.0	1.0
-23.62869	-22.74800	-16.02124	LAX_RV_EPICARDIAL	8	1.0	1.0
-22.38264	-25.46490	-18.64538	LAX_RV_EPICARDIAL	8	1.0	1.0
-20.85767	-26.82335	-21.03636	LAX_RV_EPICARDIAL	8	1.0	1.0
-19.05379	-26.82335	-23.19418	LAX_RV_EPICARDIAL	8	1.0	1.0
-17.52882	-28.18180	-25.58516	LAX_RV_EPICARDIAL	8	1.0	1.0
-15.72494	-28.18180	-27.74297	LAX_RV_EPICARDIAL	8	1.0	1.0
-13.92106	-28.18180	-29.90079	LAX_RV_EPICARDIAL	8	1.0	1.0
-11.83826	-26.82336	-31.82545	LAX_RV_EPICARDIAL	8	1.0	1.0
-10.03438	-26.82336	-33.98326	LAX_RV_EPICARDIAL	8	1.0	1.0
-8.23050	-26.82336	-36.14108	LAX_RV_EPICARDIAL	8	1.0	1.0
-6.42662	-26.82336	-38.29890	LAX_RV_EPICARDIAL	8	1.0	1.0
-4.62274	-26.82336	-40.45672	LAX_RV_EPICARDIAL	8	1.0	1.0
-2.81886	-26.82337	-42.61453	LAX_RV_EPICARDIAL	8	1.0	1.0
-1.01497	-26.82337	-44.77235	LAX_RV_EPICARDIAL	8	1.0	1.0
0.78891	-26.82337	-46.93017	LAX_RV_EPICARDIAL	8	1.0	1.0
2.59279	-26.82337	-49.08799	LAX_RV_EPICARDIAL	8	1.0	1.0
4.39667	-26.82337	-51.24580	LAX_RV_EPICARDIAL	8	1.0	1.0
6.47946	-25.46493	-53.17046	LAX_RV_EPICARDIAL	8	1.0	1.0
8.28334	-25.46493	-55.32828	LAX_RV_EPICARDIAL	8	1.0	1.0
10.08723	-25.46493	-57.48610	LAX_RV_EPICARDIAL	8	1.0	1.0
7.93923	-22.74803	-53.78304	LAX_RV_EPICARDIAL	8	1.0	1.0
-15.49312	-5.08817	-18.38468	LAX_RV_EPICARDIAL	8	1.0	1.0
-17.29700	-5.08817	-16.22686	LAX_RV_EPICARDIAL	8	1.0	1.0
-18.82197	-3.72972	-13.83588	LAX_RV_EPICARDIAL	8	1.0	1.0
-20.62585	-3.72972	-11.67806	LAX_RV_EPICARDIAL	8	1.0	1.0
-22.42973	-3.72971	-9.52025	LAX_RV_EPICARDIAL	8	1.0	1.0
-24.23362	-3.72971	-7.36243	LAX_RV_EPICARDIAL	8	1.0	1.0
-26.31641	-5.08816	-5.43777	LAX_RV_EPICARDIAL	8	1.0	1.0
-28.12029	-5.08816	-3.27996	LAX_RV_EPICARDIAL	8	1.0	1.0
-30.20309	-6.44660	-1.35530	LAX_RV_EPICARDIAL	8	1.0	1.0
-32.56479	-9.16350	0.33619	LAX_RV_EPICARDIAL	8	1.0	1.0
-1.51849	23.43925	-23.19846	MITRAL_VALVE	8	1.0	1.0
16.19431	43.81596	-35.88466	MITRAL_VALVE	8	1.0	1.0
-11.67165	0.34562	-20.68876	AORTA_VALVE	8	1.0	1.0
-8.66881	19.36391	-16.34558	AORTA_VALVE	8	1.0	1.0
-61.80503	5.49023	-71.30469	LAX_RV_FREEWALL	7	1.0	18
-64.38308	3.88894	-73.87565	LAX_RV_FREEWALL	7	1.0	18
-64.16157	2.28765	-76.17716	LAX_RV_FREEWALL	7	1.0	18
-63.94005	0.68636	-78.47867	LAX_RV_FREEWALL	7	1.0	18
-62.31876	-0.91494	-80.64545	LAX_RV_FREEWALL	7	1.0	18
-62.09725	-2.51623	-82.94696	LAX_RV_FREEWALL	7	1.0	18
-60.47595	-4.11752	-85.11375	LAX_RV_FREEWALL	7	1.0	18
-58.85466	-5.71881	-87.28054	LAX_RV_FREEWALL	7	1.0	18
-57.23336	-7.32010	-89.44732	LAX_RV_FREEWALL	7	1.0	18
-54.32304	-8.12075	-90.32863	LAX_RV_FREEWALL	7	1.0	18
-51.30197	-9.72204	-92.36069	LAX_RV_FREEWALL	7	1.0	18
-48.28089	-11.32333	-94.39275	LAX_RV_FREEWALL	7	1.0	18
-45.37057	-12.12398	-95.27406	LAX_RV_FREEWALL	7	1.0	18
-42.34950	-13.72527	-97.30612	LAX_RV_FREEWALL	7	1.0	18
-39.43918	-14.52592	-98.18743	LAX_RV_FREEWALL	7	1.0	18
-36.52886	-15.32656	-99.06873	LAX_RV_FREEWALL	7	1.0	18
-33.50778	-16.92786	-101.10079	LAX_RV_FREEWALL	7	1.0	18
-30.70822	-16.92786	-100.83135	LAX_RV_FREEWALL	7	1.0	18
-27.79790	-17.72850	-101.71265	LAX_RV_FREEWALL	7	1.0	18
-24.88758	-18.52915	-102.59396	LAX_RV_FREEWALL	7	1.0	18
-21.97726	-19.32980	-103.47526	LAX_RV_FREEWALL	7	1.0	18
-19.06695	-20.13044	-104.35657	LAX_RV_FREEWALL	7	1.0	18
-16.26738	-20.13044	-104.08712	LAX_RV_FREEWALL	7	1.0	18
-13.35706	-20.93109	-104.96843	LAX_RV_FREEWALL	7	1.0	18
-10.44675	-21.73174	-105.84973	LAX_RV_FREEWALL	7	1.0	18
-7.64718	-21.73174	-105.58028	LAX_RV_FREEWALL	7	1.0	18
-4.73686	-22.53238	-106.46159	LAX_RV_FREEWALL	7	1.0	18
-1.93730	-22.53238	-106.19214	LAX_RV_FREEWALL	7	1.0	18
0.86226	-22.53238	-105.92269	LAX_RV_FREEWALL	7	1.0	18
3.77258	-23.33303	-106.80400	LAX_RV_FREEWALL	7	1.0	18
6.68290	-24.13368	-107.68530	LAX_RV_FREEWALL	7	1.0	18
9.48246	-24.13368	-107.41585	LAX_RV_FREEWALL	7	1.0	18
12.39278	-24.93432	-108.29716	LAX_RV_FREEWALL	7	1.0	18
15.19234	-24.93433	-108.02771	LAX_RV_FREEWALL	7	1.0	18
17.99191	-24.93433	-107.75826	LAX_RV_FREEWALL	7	1.0	18
20.68071	-24.13368	-106.33806	LAX_RV_FREEWALL	7	1.0	18
23.36952	-23.33304	-104.91785	LAX_RV_FREEWALL	7	1.0	18
-62.13730	7.89217	-67.85242	LAX_RV_EPICARDIAL	7	1.0	18
-64.82611	7.09152	-69.27262	LAX_RV_EPICARDIAL	7	1.0	18
-67.40415	5.49023	-71.84358	LAX_RV_EPICARDIAL	7	1.0	18
-68.58242	3.88894	-74.27982	LAX_RV_EPICARDIAL	7	1.0	18
-68.36091	2.28765	-76.58133	LAX_RV_EPICARDIAL	7	1.0	18
-68.13940	0.68636	-78.88284	LAX_RV_EPICARDIAL	7	1.0	18
-67.91788	-0.91493	-81.18435	LAX_RV_EPICARDIAL	7	1.0	18
-66.29659	-2.51623	-83.35114	LAX_RV_EPICARDIAL	7	1.0	18
-66.07508	-4.11752	-85.65265	LAX_RV_EPICARDIAL	7	1.0	18
-64.45378	-5.71881	-87.81944	LAX_RV_EPICARDIAL	7	1.0	18
-62.83249	-7.32010	-89.98622	LAX_RV_EPICARDIAL	7	1.0	18
-61.21119	-8.92139	-92.15301	LAX_RV_EPICARDIAL	7	1.0	18
-58.19012	-10.52268	-94.18507	LAX_RV_EPICARDIAL	7	1.0	18
-55.27980	-11.32333	-95.06638	LAX_RV_EPICARDIAL	7	1.0	18
-52.25872	-12.92462	-97.09844	LAX_RV_EPICARDIAL	7	1.0	18
-49.34840	-13.72527	-97.97974	LAX_RV_EPICARDIAL	7	1.0	18
-46.32733	-15.32656	-100.01181	LAX_RV_EPICARDIAL	7	1.0	18
-43.41701	-16.12721	-100.89311	LAX_RV_EPICARDIAL	7	1.0	18
-40.50669	-16.92785	-101.77442	LAX_RV_EPICARDIAL	7	1.0	18
-37.59637	-17.72850	-102.65572	LAX_RV_EPICARDIAL	7	1.0	18
-34.68605	-18.52915	-103.53703	LAX_RV_EPICARDIAL	7	1.0	18
-31.77573	-19.32979	-104.41834	LAX_RV_EPICARDIAL	7	1.0	18
-28.86541	-20.13044	-105.29964	LAX_RV_EPICARDIAL	7	1.0	18
-26.06585	-20.13044	-105.03019	LAX_RV_EPICARDIAL	7	1.0	18
-23.15553	-20.93109	-105.91150	LAX_RV_EPICARDIAL	7	1.0	18
-20.24521	-21.73173	-106.79281	LAX_RV_EPICARDIAL	7	1.0	18
-17.33489	-22.53238	-107.67411	LAX_RV_EPICARDIAL	7	1.0	18
-14.42458	-23.33303	-108.55542	LAX_RV_EPICARDIAL	7	1.0	18
-11.51426	-24.13367	-109.43672	LAX_RV_EPICARDIAL	7	1.0	18
-8.71469	-24.13367	-109.16727	LAX_RV_EPICARDIAL	7	1.0	18
-5.91513	-24.13367	-108.89783	LAX_RV_EPICARDIAL	7	1.0	18
-3.00481	-24.93432	-109.77913	LAX_RV_EPICARDIAL	7	1.0	18
-0.20525	-24.93432	-109.50968	LAX_RV_EPICARDIAL	7	1.0	18
2.59431	-24.93432	-109.24023	LAX_RV_EPICARDIAL	7	1.0	18
5.39387	-24.93432	-108.97078	LAX_RV_EPICARDIAL	7	1.0	18
8.30419	-25.73497	-109.85209	LAX_RV_EPICARDIAL	7	1.0	18
11.10376	-25.73497	-109.58264	LAX_RV_EPICARDIAL	7	1.0	18
14.01408	-26.53562	-110.46395	LAX_RV_EPICARDIAL	7	1.0	18
16.81364	-26.53562	-110.19450	LAX_RV_EPICARDIAL	7	1.0	18
19.61320	-26.53562	-109.92505	LAX_RV_EPICARDIAL	7	1.0	18
22.30201	-25.73497	-108.50484	LAX_RV_EPICARDIAL	7	1.0	18
24.99081	-24.93433	-107.08464	LAX_RV_EPICARDIAL	7	1.0	18
27.56886	-23.33304	-104.51368	LAX_RV_EPICARDIAL	7	1.0	18
25.94757	-21.73175	-102.34689	LAX_RV_EPICARDIAL	7	1.0	18
-26.62904	14.29732	-55.14353	LAX_RV_SEPTUM	7	1.0	18
24.54779	-21.73175	-102.48162	LAX_RV_SEPTUM	7	1.0	18
21.52671	-20.13045	-100.44956	LAX_RV_SEPTUM	7	1.0	18
18.61639	-19.32981	-99.56825	LAX_RV_SEPTUM	7	1.0	18
15.59532	-17.72852	-97.53619	LAX_RV_SEPTUM	7	1.0	18
12.57424	-16.12722	-95.50413	LAX_RV_SEPTUM	7	1.0	18
9.55316	-14.52593	-93.47206	LAX_RV_SEPTUM	7	1.0	18
6.53209	-12.92464	-91.44000	LAX_RV_SEPTUM	7	1.0	18
3.51101	-11.32335	-89.40794	LAX_RV_SEPTUM	7	1.0	18
0.48994	-9.72206	-87.37588	LAX_RV_SEPTUM	7	1.0	18
-1.13136	-8.12076	-85.20909	LAX_RV_SEPTUM	7	1.0	18
-4.15243	-6.51947	-83.17703	LAX_RV_SEPTUM	7	1.0	18
-5.77373	-4.91818	-81.01025	LAX_RV_SEPTUM	7	1.0	18
-7.39502	-3.31689	-78.84346	LAX_RV_SEPTUM	7	1.0	18
-9.01631	-1.71560	-76.67667	LAX_RV_SEPTUM	7	1.0	18
-10.63761	-0.11430	-74.50989	LAX_RV_SEPTUM	7	1.0	18
-12.25890	1.48699	-72.34310	LAX_RV_SEPTUM	7	1.0	18
-13.88020	3.08828	-70.17631	LAX_RV_SEPTUM	7	1.0	18
-16.90127	4.68957	-68.14425	LAX_RV_SEPTUM	7	1.0	18
-18.52257	6.29086	-65.97747	LAX_RV_SEPTUM	7	1.0	18
-20.14386	7.89215	-63.81068	LAX_RV_SEPTUM	7	1.0	18
-21.76516	9.49345	-61.64389	LAX_RV_SEPTUM	7	1.0	18
-23.38645	11.09474	-59.47711	LAX_RV_SEPTUM	7	1.0	18
-25.00774	12.69603	-57.31032	LAX_RV_SEPTUM	7	1.0	18
19.04061	38.31668	-15.90551	LAX_LV_EPICARDIAL	7	1.0	18
-22.35899	23.90507	-40.79557	LAX_LV_EPICARDIAL	7	1.0	18
-23.53726	22.30378	-43.23181	LAX_LV_EPICARDIAL	7	1.0	18
-23.31575	20.70248	-45.53332	LAX_LV_EPICARDIAL	7	1.0	18
-24.49402	19.10119	-47.96955	LAX_LV_EPICARDIAL	7	1.0	18
-25.67228	17.49990	-50.40579	LAX_LV_EPICARDIAL	7	1.0	18
-25.45077	15.89861	-52.70730	LAX_LV_EPICARDIAL	7	1.0	18
28.74713	-21.73175	-102.07744	LAX_LV_EPICARDIAL	7	1.0	18
31.65745	-22.53239	-102.95875	LAX_LV_EPICARDIAL	7	1.0	18
34.45701	-22.53239	-102.68930	LAX_LV_EPICARDIAL	7	1.0	18
37.25657	-22.53239	-102.41985	LAX_LV_EPICARDIAL	7	1.0	18
39.94538	-21.73175	-100.99965	LAX_LV_EPICARDIAL	7	1.0	18
42.63419	-20.93111	-99.57944	LAX_LV_EPICARDIAL	7	1.0	18
45.21224	-19.32981	-97.00848	LAX_LV_EPICARDIAL	7	1.0	18
46.39050	-17.72852	-94.57224	LAX_LV_EPICARDIAL	7	1.0	18
47.56877	-16.12723	-92.13601	LAX_LV_EPICARDIAL	7	1.0	18
48.74704	-14.52594	-89.69977	LAX_LV_EPICARDIAL	7	1.0	18
49.92531	-12.92465	-87.26354	LAX_LV_EPICARDIAL	7	1.0	18
51.10358	-11.32336	-84.82730	LAX_LV_EPICARDIAL	7	1.0	18
52.28184	-9.72207	-82.39107	LAX_LV_EPICARDIAL	7	1.0	18
53.46011	-8.12078	-79.95483	LAX_LV_EPICARDIAL	7	1.0	18
54.63838	-6.51949	-77.51860	LAX_LV_EPICARDIAL	7	1.0	18
55.81665	-4.91820	-75.08236	LAX_LV_EPICARDIAL	7	1.0	18
55.59514	-3.31691	-72.78085	LAX_LV_EPICARDIAL	7	1.0	18
56.77340	-1.71561	-70.34461	LAX_LV_EPICARDIAL	7	1.0	18
56.55189	-0.11432	-68.04310	LAX_LV_EPICARDIAL	7	1.0	18
56.33038	1.48697	-65.74159	LAX_LV_EPICARDIAL	7	1.0	18
56.10886	3.08826	-63.44008	LAX_LV_EPICARDIAL	7	1.0	18
55.88735	4.68955	-61.13857	LAX_LV_EPICARDIAL	7	1.0	18
55.66584	6.29084	-58.83706	LAX_LV_EPICARDIAL	7	1.0	18
55.44433	7.89213	-56.53555	LAX_LV_EPICARDIAL	7	1.0	18
55.22281	9.49342	-54.23404	LAX_LV_EPICARDIAL	7	1.0	18
53.60152	11.09472	-52.06725	LAX_LV_EPICARDIAL	7	1.0	18
53.38001	12.69601	-49.76574	LAX_LV_EPICARDIAL	7	1.0	18
53.15849	14.29730	-47.46423	LAX_LV_EPICARDIAL	7	1.0	18
51.53720	15.89859	-45.29744	LAX_LV_EPICARDIAL	7	1.0	18
51.31568	17.49988	-42.99593	LAX_LV_EPICARDIAL	7	1.0	18
51.09417	19.10117	-40.69442	LAX_LV_EPICARDIAL	7	1.0	18
49.47288	20.70246	-38.52763	LAX_LV_EPICARDIAL	7	1.0	18
47.85158	22.30376	-36.36085	LAX_LV_EPICARDIAL	7	1.0	18
47.63007	23.90505	-34.05934	LAX_LV_EPICARDIAL	7	1.0	18
46.00878	25.50634	-31.89255	LAX_LV_EPICARDIAL	7	1.0	18
44.38748	27.10763	-29.72576	LAX_LV_EPICARDIAL	7	1.0	18
42.76619	28.70892	-27.55898	LAX_LV_EPICARDIAL	7	1.0	18
41.14489	30.31021	-25.39219	LAX_LV_EPICARDIAL	7	1.0	18
38.12382	31.91151	-23.36013	LAX_LV_EPICARDIAL	7	1.0	18
36.50252	33.51280	-21.19334	LAX_LV_EPICARDIAL	7	1.0	18
33.48145	35.11409	-19.16128	LAX_LV_EPICARDIAL	7	1.0	18
30.57113	35.91474	-18.27998	LAX_LV_EPICARDIAL	7	1.0	18
27.55005	37.51603	-16.24791	LAX_LV_EPICARDIAL	7	1.0	18
24.63973	38.31667	-15.36661	LAX_LV_EPICARDIAL	7	1.0	18
21.84017	38.31667	-15.63606	LAX_LV_EPICARDIAL	7	1.0	18
-19.44867	23.10442	-41.67688	LAX_LV_ENDOCARDIAL	7	1.0	18
-19.22716	21.50313	-43.97839	LAX_LV_ENDOCARDIAL	7	1.0	18
-19.00565	19.90184	-46.27990	LAX_LV_ENDOCARDIAL	7	1.0	18
-18.78413	18.30055	-48.58141	LAX_LV_ENDOCARDIAL	7	1.0	18
-18.56262	16.69925	-50.88292	LAX_LV_ENDOCARDIAL	7	1.0	18
-16.94133	15.09796	-53.04971	LAX_LV_ENDOCARDIAL	7	1.0	18
-15.32003	13.49667	-55.21649	LAX_LV_ENDOCARDIAL	7	1.0	18
-13.69874	11.89538	-57.38328	LAX_LV_ENDOCARDIAL	7	1.0	18
-12.07744	10.29409	-59.55007	LAX_LV_ENDOCARDIAL	7	1.0	18
-9.05637	8.69280	-61.58213	LAX_LV_ENDOCARDIAL	7	1.0	18
-6.03529	7.09150	-63.61419	LAX_LV_ENDOCARDIAL	7	1.0	18
-4.41400	5.49021	-65.78097	LAX_LV_ENDOCARDIAL	7	1.0	18
-2.79270	3.88892	-67.94776	LAX_LV_ENDOCARDIAL	7	1.0	18
-1.17141	2.28763	-70.11455	LAX_LV_ENDOCARDIAL	7	1.0	18
0.44988	0.68634	-72.28133	LAX_LV_ENDOCARDIAL	7	1.0	18
2.07118	-0.91495	-74.44812	LAX_LV_ENDOCARDIAL	7	1.0	18
3.69247	-2.51625	-76.61491	LAX_LV_ENDOCARDIAL	7	1.0	18
5.31377	-4.11754	-78.78169	LAX_LV_ENDOCARDIAL	7	1.0	18
8.33484	-5.71883	-80.81375	LAX_LV_ENDOCARDIAL	7	1.0	18
9.95614	-7.32012	-82.98054	LAX_LV_ENDOCARDIAL	7	1.0	18
11.57743	-8.92141	-85.14733	LAX_LV_ENDOCARDIAL	7	1.0	18
14.59851	-10.52270	-87.17939	LAX_LV_ENDOCARDIAL	7	1.0	18
17.61958	-12.12400	-89.21145	LAX_LV_ENDOCARDIAL	7	1.0	18
19.24088	-13.72529	-91.37824	LAX_LV_ENDOCARDIAL	7	1.0	18
22.26195	-15.32658	-93.41030	LAX_LV_ENDOCARDIAL	7	1.0	18
25.17227	-16.12723	-94.29160	LAX_LV_ENDOCARDIAL	7	1.0	18
28.19335	-17.72852	-96.32367	LAX_LV_ENDOCARDIAL	7	1.0	18
31.10367	-18.52917	-97.20497	LAX_LV_ENDOCARDIAL	7	1.0	18
34.12474	-20.13046	-99.23703	LAX_LV_ENDOCARDIAL	7	1.0	18
36.92430	-20.13046	-98.96758	LAX_LV_ENDOCARDIAL	7	1.0	18
39.61311	-19.32981	-97.54738	LAX_LV_ENDOCARDIAL	7	1.0	18
42.19116	-17.72852	-94.97642	LAX_LV_ENDOCARDIAL	7	1.0	18
43.36943	-16.12723	-92.54018	LAX_LV_ENDOCARDIAL	7	1.0	18
43.14791	-14.52594	-90.23867	LAX_LV_ENDOCARDIAL	7	1.0	18
44.32618	-12.92465	-87.80244	LAX_LV_ENDOCARDIAL	7	1.0	18
45.50445	-11.32336	-85.36620	LAX_LV_ENDOCARDIAL	7	1.0	18
45.28294	-9.72207	-83.06469	LAX_LV_ENDOCARDIAL	7	1.0	18
46.46121	-8.12078	-80.62845	LAX_LV_ENDOCARDIAL	7	1.0	18
46.23969	-6.51949	-78.32694	LAX_LV_ENDOCARDIAL	7	1.0	18
47.41796	-4.91819	-75.89071	LAX_LV_ENDOCARDIAL	7	1.0	18
48.59623	-3.31690	-73.45447	LAX_LV_ENDOCARDIAL	7	1.0	18
48.37472	-1.71561	-71.15296	LAX_LV_ENDOCARDIAL	7	1.0	18
49.55298	-0.11432	-68.71673	LAX_LV_ENDOCARDIAL	7	1.0	18
49.33147	1.48697	-66.41522	LAX_LV_ENDOCARDIAL	7	1.0	18
49.10996	3.08826	-64.11370	LAX_LV_ENDOCARDIAL	7	1.0	18
48.88845	4.68955	-61.81219	LAX_LV_ENDOCARDIAL	7	1.0	18
48.66693	6.29084	-59.51068	LAX_LV_ENDOCARDIAL	7	1.0	18
48.44542	7.89213	-57.20917	LAX_LV_ENDOCARDIAL	7	1.0	18
48.22391	9.49343	-54.90766	LAX_LV_ENDOCARDIAL	7	1.0	18
48.00239	11.09472	-52.60615	LAX_LV_ENDOCARDIAL	7	1.0	18
47.78088	12.69601	-50.30464	LAX_LV_ENDOCARDIAL	7	1.0	18
47.55937	14.29730	-48.00313	LAX_LV_ENDOCARDIAL	7	1.0	18
45.93807	15.89859	-45.83634	LAX_LV_ENDOCARDIAL	7	1.0	18
44.31678	17.49988	-43.66956	LAX_LV_ENDOCARDIAL	7	1.0	18
44.09527	19.10117	-41.36804	LAX_LV_ENDOCARDIAL	7	1.0	18
42.47397	20.70247	-39.20126	LAX_LV_ENDOCARDIAL	7	1.0	18
40.85268	22.30376	-37.03447	LAX_LV_ENDOCARDIAL	7	1.0	18
39.23138	23.90505	-34.86769	LAX_LV_ENDOCARDIAL	7	1.0	18
36.21031	25.50634	-32.83562	LAX_LV_ENDOCARDIAL	7	1.0	18
34.58901	27.10763	-30.66884	LAX_LV_ENDOCARDIAL	7	1.0	18
32.96772	28.70892	-28.50205	LAX_LV_ENDOCARDIAL	7	1.0	18
31.34642	30.31022	-26.33526	LAX_LV_ENDOCARDIAL	7	1.0	18
28.43611	31.11086	-25.45396	LAX_LV_ENDOCARDIAL	7	1.0	18
25.41503	32.71215	-23.42190	LAX_LV_ENDOCARDIAL	7	1.0	18
22.50471	33.51280	-22.54059	LAX_LV_ENDOCARDIAL	7	1.0	18
19.48363	35.11409	-20.50853	LAX_LV_ENDOCARDIAL	7	1.0	18
-62.13730	7.89217	-67.85242	LAX_RV_EPICARDIAL	7	1.0	18
-64.82611	7.09152	-69.27262	LAX_RV_EPICARDIAL	7	1.0	18
-67.40415	5.49023	-71.84358	LAX_RV_EPICARDIAL	7	1.0	18
-68.58242	3.88894	-74.27982	LAX_RV_EPICARDIAL	7	1.0	18
-68.36091	2.28765	-76.58133	LAX_RV_EPICARDIAL	7	1.0	18
-68.13940	0.68636	-78.88284	LAX_RV_EPICARDIAL	7	1.0	18
-67.91788	-0.91493	-81.18435	LAX_RV_EPICARDIAL	7	1.0	18
-66.29659	-2.51623	-83.35114	LAX_RV_EPICARDIAL	7	1.0	18
-66.07508	-4.11752	-85.65265	LAX_RV_EPICARDIAL	7	1.0	18
-64.45378	-5.71881	-87.81944	LAX_RV_EPICARDIAL	7	1.0	18
-62.83249	-7.32010	-89.98622	LAX_RV_EPICARDIAL	7	1.0	18
-61.21119	-8.92139	-92.15301	LAX_RV_EPICARDIAL	7	1.0	18
-58.19012	-10.52268	-94.18507	LAX_RV_EPICARDIAL	7	1.0	18
-55.27980	-11.32333	-95.06638	LAX_RV_EPICARDIAL	7	1.0	18
-52.25872	-12.92462	-97.09844	LAX_RV_EPICARDIAL	7	1.0	18
-49.34840	-13.72527	-97.97974	LAX_RV_EPICARDIAL	7	1.0	18
-46.32733	-15.32656	-100.01181	LAX_RV_EPICARDIAL	7	1.0	18
-43.41701	-16.12721	-100.89311	LAX_RV_EPICARDIAL	7	1.0	18
-40.50669	-16.92785	-101.77442	LAX_RV_EPICARDIAL	7	1.0	18
-37.59637	-17.72850	-102.65572	LAX_RV_EPICARDIAL	7	1.0	18
-34.68605	-18.52915	-103.53703	LAX_RV_EPICARDIAL	7	1.0	18
-31.77573	-19.32979	-104.41834	LAX_RV_EPICARDIAL	7	1.0	18
-28.86541	-20.13044	-105.29964	LAX_RV_EPICARDIAL	7	1.0	18
-26.06585	-20.13044	-105.03019	LAX_RV_EPICARDIAL	7	1.0	18
-23.15553	-20.93109	-105.91150	LAX_RV_EPICARDIAL	7	1.0	18
-20.24521	-21.73173	-106.79281	LAX_RV_EPICARDIAL	7	1.0	18
-17.33489	-22.53238	-107.67411	LAX_RV_EPICARDIAL	7	1.0	18
-14.42458	-23.33303	-108.55542	LAX_RV_EPICARDIAL	7	1.0	18
-11.51426	-24.13367	-109.43672	LAX_RV_EPICARDIAL	7	1.0	18
-8.71469	-24.13367	-109.16727	LAX_RV_EPICARDIAL	7	1.0	18
-5.91513	-24.13367	-108.89783	LAX_RV_EPICARDIAL	7	1.0	18
-3.00481	-24.93432	-109.77913	LAX_RV_EPICARDIAL	7	1.0	18
-0.20525	-24.93432	-109.50968	LAX_RV_EPICARDIAL	7	1.0	18
2.59431	-24.93432	-109.24023	LAX_RV_EPICARDIAL	7	1.0	18
5.39387	-24.93432	-108.97078	LAX_RV_EPICARDIAL	7	1.0	18
8.30419	-25.73497	-109.85209	LAX_RV_EPICARDIAL	7	1.0	18
11.10376	-25.73497	-109.58264	LAX_RV_EPICARDIAL	7	1.0	18
14.01408	-26.53562	-110.46395	LAX_RV_EPICARDIAL	7	1.0	18
16.81364	-26.53562	-110.19450	LAX_RV_EPICARDIAL	7	1.0	18
19.61320	-26.53562	-109.92505	LAX_RV_EPICARDIAL	7	1.0	18
22.30201	-25.73497	-108.50484	LAX_RV_EPICARDIAL	7	1.0	18
24.99081	-24.93433	-107.08464	LAX_RV_EPICARDIAL	7	1.0	18
27.56886	-23.33304	-104.51368	LAX_RV_EPICARDIAL	7	1.0	18
25.94757	-21.73175	-102.34689	LAX_RV_EPICARDIAL	7	1.0	18
16.57332	35.91474	-19.62722	MITRAL_VALVE	7	1.0	18
-19.78094	25.50636	-38.22461	MITRAL_VALVE	7	1.0	18
-59.33774	7.89216	-67.58297	TRICUSPID_VALVE	7	1.0	18
-26.73980	15.09797	-53.99278	TRICUSPID_VALVE	7	1.0	18
37.25657	-22.53239	-102.41985	APEX_POINT	7	1.0	18
-10.97072	-15.78753	-2.56797	LAX_RV_FREEWALL	11	1.0	18
-10.50699	-17.18129	-5.34827	LAX_RV_FREEWALL	11	1.0	18
-10.04327	-18.57505	-8.12858	LAX_RV_FREEWALL	11	1.0	18
-9.57954	-19.96881	-10.90888	LAX_RV_FREEWALL	11	1.0	18
-9.20123	-19.95893	-13.69580	LAX_RV_FREEWALL	11	1.0	18
-8.73750	-21.35269	-16.47611	LAX_RV_FREEWALL	11	1.0	18
-8.27377	-22.74645	-19.25641	LAX_RV_FREEWALL	11	1.0	18
-7.89546	-22.73657	-22.04333	LAX_RV_FREEWALL	11	1.0	18
-7.43173	-24.13033	-24.82364	LAX_RV_FREEWALL	11	1.0	18
-7.05342	-24.12045	-27.61056	LAX_RV_FREEWALL	11	1.0	18
-6.67510	-24.11057	-30.39748	LAX_RV_FREEWALL	11	1.0	18
-6.29679	-24.10070	-33.18441	LAX_RV_FREEWALL	11	1.0	18
-5.91848	-24.09082	-35.97133	LAX_RV_FREEWALL	11	1.0	18
-5.54017	-24.08094	-38.75825	LAX_RV_FREEWALL	11	1.0	18
-5.16186	-24.07106	-41.54518	LAX_RV_FREEWALL	11	1.0	18
-4.69813	-25.46482	-44.32548	LAX_RV_FREEWALL	11	1.0	18
-4.31982	-25.45494	-47.11240	LAX_RV_FREEWALL	11	1.0	18
-3.94150	-25.44506	-49.89933	LAX_RV_FREEWALL	11	1.0	18
-3.47778	-26.83882	-52.67963	LAX_RV_FREEWALL	11	1.0	18
-3.09946	-26.82894	-55.46655	LAX_RV_FREEWALL	11	1.0	18
-2.72115	-26.81906	-58.25348	LAX_RV_FREEWALL	11	1.0	18
-2.34284	-26.80918	-61.04040	LAX_RV_FREEWALL	11	1.0	18
-1.87911	-28.20294	-63.82070	LAX_RV_FREEWALL	11	1.0	18
-1.50080	-28.19307	-66.60763	LAX_RV_FREEWALL	11	1.0	18
-1.12249	-28.18319	-69.39455	LAX_RV_FREEWALL	11	1.0	18
-0.74417	-28.17331	-72.18147	LAX_RV_FREEWALL	11	1.0	18
-0.45128	-26.75979	-74.97502	LAX_RV_FREEWALL	11	1.0	18
-0.15838	-25.34627	-77.76856	LAX_RV_FREEWALL	11	1.0	18
0.30535	-26.74003	-80.54886	LAX_RV_FREEWALL	11	1.0	18
0.68366	-26.73015	-83.33579	LAX_RV_FREEWALL	11	1.0	18
1.06197	-26.72028	-86.12271	LAX_RV_FREEWALL	11	1.0	18
1.44028	-26.71040	-88.90963	LAX_RV_FREEWALL	11	1.0	18
1.81859	-26.70052	-91.69655	LAX_RV_FREEWALL	11	1.0	18
2.19691	-26.69064	-94.48348	LAX_RV_FREEWALL	11	1.0	18
2.57522	-26.68076	-97.27040	LAX_RV_FREEWALL	11	1.0	18
2.95353	-26.67088	-100.05732	LAX_RV_FREEWALL	11	1.0	18
3.33184	-26.66100	-102.84425	LAX_RV_FREEWALL	11	1.0	18
3.62474	-25.24749	-105.63779	LAX_RV_FREEWALL	11	1.0	18
3.91764	-23.83397	-108.43133	LAX_RV_FREEWALL	11	1.0	18
3.93596	-21.02175	-109.83803	LAX_RV_FREEWALL	11	1.0	18
3.76513	-18.21447	-109.85127	LAX_RV_FREEWALL	11	1.0	18
3.40514	-15.41214	-108.47105	LAX_RV_FREEWALL	11	1.0	18
3.04515	-12.60980	-107.09083	LAX_RV_FREEWALL	11	1.0	18
2.68517	-9.80746	-105.71060	LAX_RV_FREEWALL	11	1.0	18
2.32518	-7.00512	-104.33038	LAX_RV_FREEWALL	11	1.0	18
1.77603	-4.20772	-101.55670	LAX_RV_FREEWALL	11	1.0	18
1.41605	-1.40539	-100.17647	LAX_RV_FREEWALL	11	1.0	18
0.86690	1.39201	-97.40279	LAX_RV_FREEWALL	11	1.0	18
0.40317	2.78577	-94.62248	LAX_RV_FREEWALL	11	1.0	18
-0.14597	5.58317	-91.84880	LAX_RV_FREEWALL	11	1.0	18
-0.60970	6.97693	-89.06850	LAX_RV_FREEWALL	11	1.0	18
-0.62802	4.16471	-87.66180	LAX_RV_SEPTUM	11	1.0	18
-0.64635	1.35250	-86.25510	LAX_RV_SEPTUM	11	1.0	18
-0.66467	-1.45972	-84.84840	LAX_RV_SEPTUM	11	1.0	18
-0.68300	-4.27194	-83.44170	LAX_RV_SEPTUM	11	1.0	18
-0.89048	-7.08909	-80.64153	LAX_RV_SEPTUM	11	1.0	18
-1.09796	-9.90625	-77.84137	LAX_RV_SEPTUM	11	1.0	18
-1.30544	-12.72340	-75.04121	LAX_RV_SEPTUM	11	1.0	18
-1.59833	-14.13692	-72.24767	LAX_RV_SEPTUM	11	1.0	18
-1.97665	-14.14680	-69.46074	LAX_RV_SEPTUM	11	1.0	18
-2.35496	-14.15668	-66.67382	LAX_RV_SEPTUM	11	1.0	18
-2.73327	-14.16656	-63.88690	LAX_RV_SEPTUM	11	1.0	18
-3.11158	-14.17644	-61.09997	LAX_RV_SEPTUM	11	1.0	18
-3.48989	-14.18632	-58.31305	LAX_RV_SEPTUM	11	1.0	18
-3.78279	-15.59983	-55.51951	LAX_RV_SEPTUM	11	1.0	18
-4.16110	-15.60971	-52.73259	LAX_RV_SEPTUM	11	1.0	18
-4.53942	-15.61959	-49.94566	LAX_RV_SEPTUM	11	1.0	18
-4.91773	-15.62947	-47.15874	LAX_RV_SEPTUM	11	1.0	18
-5.38146	-14.23571	-44.37844	LAX_RV_SEPTUM	11	1.0	18
-5.75977	-14.24559	-41.59151	LAX_RV_SEPTUM	11	1.0	18
-6.22350	-12.85183	-38.81121	LAX_RV_SEPTUM	11	1.0	18
-6.68722	-11.45807	-36.03091	LAX_RV_SEPTUM	11	1.0	18
-7.06554	-11.46795	-33.24398	LAX_RV_SEPTUM	11	1.0	18
-7.52926	-10.07419	-30.46368	LAX_RV_SEPTUM	11	1.0	18
-7.90758	-10.08407	-27.67676	LAX_RV_SEPTUM	11	1.0	18
-8.37130	-8.69031	-24.89645	LAX_RV_SEPTUM	11	1.0	18
-8.83503	-7.29655	-22.11615	LAX_RV_SEPTUM	11	1.0	18
-9.29876	-5.90279	-19.33584	LAX_RV_SEPTUM	11	1.0	18
-9.67707	-5.91267	-16.54892	LAX_RV_SEPTUM	11	1.0	18
-10.14080	-4.51891	-13.76862	LAX_RV_SEPTUM	11	1.0	18
-10.60453	-3.12515	-10.98831	LAX_RV_SEPTUM	11	1.0	18
-11.45277	-17.20599	1.61903	LAX_RV_EPICARDIAL	11	1.0	18
-10.98905	-18.59975	-1.16127	LAX_RV_EPICARDIAL	11	1.0	18
-10.52532	-19.99351	-3.94157	LAX_RV_EPICARDIAL	11	1.0	18
-10.06159	-21.38727	-6.72188	LAX_RV_EPICARDIAL	11	1.0	18
-9.59786	-22.78103	-9.50218	LAX_RV_EPICARDIAL	11	1.0	18
-9.13413	-24.17479	-12.28248	LAX_RV_EPICARDIAL	11	1.0	18
-8.67041	-25.56855	-15.06279	LAX_RV_EPICARDIAL	11	1.0	18
-8.29209	-25.55867	-17.84971	LAX_RV_EPICARDIAL	11	1.0	18
-7.82837	-26.95243	-20.63002	LAX_RV_EPICARDIAL	11	1.0	18
-7.45005	-26.94255	-23.41694	LAX_RV_EPICARDIAL	11	1.0	18
-7.07174	-26.93267	-26.20386	LAX_RV_EPICARDIAL	11	1.0	18
-6.69343	-26.92279	-28.99078	LAX_RV_EPICARDIAL	11	1.0	18
-6.22970	-28.31655	-31.77109	LAX_RV_EPICARDIAL	11	1.0	18
-5.93680	-26.90303	-34.56463	LAX_RV_EPICARDIAL	11	1.0	18
-5.55849	-26.89315	-37.35155	LAX_RV_EPICARDIAL	11	1.0	18
-5.18018	-26.88328	-40.13848	LAX_RV_EPICARDIAL	11	1.0	18
-4.80187	-26.87340	-42.92540	LAX_RV_EPICARDIAL	11	1.0	18
-4.42356	-26.86352	-45.71232	LAX_RV_EPICARDIAL	11	1.0	18
-3.95983	-28.25728	-48.49263	LAX_RV_EPICARDIAL	11	1.0	18
-3.58152	-28.24740	-51.27955	LAX_RV_EPICARDIAL	11	1.0	18
-3.20320	-28.23752	-54.06647	LAX_RV_EPICARDIAL	11	1.0	18
-2.82489	-28.22764	-56.85340	LAX_RV_EPICARDIAL	11	1.0	18
-2.36116	-29.62140	-59.63370	LAX_RV_EPICARDIAL	11	1.0	18
-1.98285	-29.61152	-62.42062	LAX_RV_EPICARDIAL	11	1.0	18
-1.60454	-29.60164	-65.20755	LAX_RV_EPICARDIAL	11	1.0	18
-1.14081	-30.99540	-67.98785	LAX_RV_EPICARDIAL	11	1.0	18
-0.76250	-30.98552	-70.77477	LAX_RV_EPICARDIAL	11	1.0	18
-0.38419	-30.97565	-73.56170	LAX_RV_EPICARDIAL	11	1.0	18
-0.09129	-29.56213	-76.35524	LAX_RV_EPICARDIAL	11	1.0	18
0.28702	-29.55225	-79.14216	LAX_RV_EPICARDIAL	11	1.0	18
0.66533	-29.54237	-81.92909	LAX_RV_EPICARDIAL	11	1.0	18
1.04365	-29.53249	-84.71601	LAX_RV_EPICARDIAL	11	1.0	18
1.42196	-29.52261	-87.50293	LAX_RV_EPICARDIAL	11	1.0	18
1.80027	-29.51273	-90.28985	LAX_RV_EPICARDIAL	11	1.0	18
2.17858	-29.50286	-93.07678	LAX_RV_EPICARDIAL	11	1.0	18
2.55690	-29.49298	-95.86370	LAX_RV_EPICARDIAL	11	1.0	18
2.93521	-29.48310	-98.65062	LAX_RV_EPICARDIAL	11	1.0	18
3.31352	-29.47322	-101.43755	LAX_RV_EPICARDIAL	11	1.0	18
3.69183	-29.46334	-104.22447	LAX_RV_EPICARDIAL	11	1.0	18
3.98473	-28.04982	-107.01801	LAX_RV_EPICARDIAL	11	1.0	18
4.27762	-26.63631	-109.81156	LAX_RV_EPICARDIAL	11	1.0	18
4.48510	-23.81915	-112.61172	LAX_RV_EPICARDIAL	11	1.0	18
4.50343	-21.00693	-114.01842	LAX_RV_EPICARDIAL	11	1.0	18
4.33260	-18.19966	-114.03166	LAX_RV_EPICARDIAL	11	1.0	18
3.97261	-15.39732	-112.65143	LAX_RV_EPICARDIAL	11	1.0	18
3.80178	-12.59004	-112.66467	LAX_RV_EPICARDIAL	11	1.0	18
3.44179	-9.78770	-111.28445	LAX_RV_EPICARDIAL	11	1.0	18
3.08180	-6.98537	-109.90423	LAX_RV_EPICARDIAL	11	1.0	18
2.53266	-4.18797	-107.13054	LAX_RV_EPICARDIAL	11	1.0	18
2.17267	-1.38563	-105.75032	LAX_RV_EPICARDIAL	11	1.0	18
1.81268	1.41671	-104.37010	LAX_RV_EPICARDIAL	11	1.0	18
1.26354	4.21411	-101.59641	LAX_RV_EPICARDIAL	11	1.0	18
0.79981	5.60787	-98.81611	LAX_RV_EPICARDIAL	11	1.0	18
0.25067	8.40527	-96.04242	LAX_RV_EPICARDIAL	11	1.0	18
-0.29848	11.20266	-93.26874	LAX_RV_EPICARDIAL	11	1.0	18
-0.76221	12.59642	-90.48844	LAX_RV_EPICARDIAL	11	1.0	18
-0.86595	11.18785	-89.08835	LAX_RV_EPICARDIAL	11	1.0	18
-0.88427	8.37563	-87.68165	LAX_RV_EPICARDIAL	11	1.0	18
-11.62361	-14.39871	1.60580	PULMONARY_VALVE	11	1.0	18
-11.34283	-0.33269	-6.82117	PULMONARY_VALVE	11	1.0	18
