x	y	z	contour type	frameID	weight	time frame
-39.91860	-23.16351	-29.98897	SAX_RV_FREEWALL	2	1.0	3
-41.61517	-22.05875	-32.39498	SAX_RV_FREEWALL	2	1.0	3
-43.84286	-22.05875	-34.11182	SAX_RV_FREEWALL	2	1.0	3
-45.53943	-20.95398	-36.51782	SAX_RV_FREEWALL	2	1.0	3
-47.76711	-20.95399	-38.23467	SAX_RV_FREEWALL	2	1.0	3
-49.99480	-20.95399	-39.95151	SAX_RV_FREEWALL	2	1.0	3
-51.69137	-19.84922	-42.35752	SAX_RV_FREEWALL	2	1.0	3
-53.91906	-19.84922	-44.07436	SAX_RV_FREEWALL	2	1.0	3
-55.61563	-18.74446	-46.48037	SAX_RV_FREEWALL	2	1.0	3
-57.84332	-18.74446	-48.19721	SAX_RV_FREEWALL	2	1.0	3
-59.53988	-17.63969	-50.60321	SAX_RV_FREEWALL	2	1.0	3
-61.23645	-16.53493	-53.00922	SAX_RV_FREEWALL	2	1.0	3
-62.93302	-15.43016	-55.41522	SAX_RV_FREEWALL	2	1.0	3
-64.62959	-14.32540	-57.82122	SAX_RV_FREEWALL	2	1.0	3
-66.32615	-13.22063	-60.22722	SAX_RV_FREEWALL	2	1.0	3
-67.49160	-11.01110	-63.32238	SAX_RV_FREEWALL	2	1.0	3
-68.65705	-8.80156	-66.41754	SAX_RV_FREEWALL	2	1.0	3
-66.48096	-6.59202	-66.93743	SAX_RV_FREEWALL	2	1.0	3
-66.53256	-4.38249	-69.17417	SAX_RV_FREEWALL	2	1.0	3
-65.47032	-2.17295	-70.55248	SAX_RV_FREEWALL	2	1.0	3
-65.52192	0.03658	-72.78922	SAX_RV_FREEWALL	2	1.0	3
-64.45968	2.24612	-74.16753	SAX_RV_FREEWALL	2	1.0	3
-62.28359	4.45566	-74.68742	SAX_RV_FREEWALL	2	1.0	3
-60.10751	6.66520	-75.20731	SAX_RV_FREEWALL	2	1.0	3
-57.93142	8.87473	-75.72720	SAX_RV_FREEWALL	2	1.0	3
-55.75534	11.08427	-76.24709	SAX_RV_FREEWALL	2	1.0	3
-52.46541	13.29381	-75.90856	SAX_RV_FREEWALL	2	1.0	3
-49.17548	15.50335	-75.57003	SAX_RV_FREEWALL	2	1.0	3
-46.99939	17.71289	-76.08992	SAX_RV_FREEWALL	2	1.0	3
-44.82330	19.92242	-76.60981	SAX_RV_FREEWALL	2	1.0	3
-41.53337	22.13196	-76.27128	SAX_RV_FREEWALL	2	1.0	3
-38.24344	24.34150	-75.93275	SAX_RV_FREEWALL	2	1.0	3
-35.48463	25.44627	-74.90506	SAX_RV_FREEWALL	2	1.0	3
-32.72582	26.55104	-73.87737	SAX_RV_FREEWALL	2	1.0	3
-30.49814	26.55104	-72.16052	SAX_RV_FREEWALL	2	1.0	3
-28.27045	26.55105	-70.44368	SAX_RV_FREEWALL	2	1.0	3
-26.04276	26.55105	-68.72683	SAX_RV_FREEWALL	2	1.0	3
-24.34619	25.44628	-66.32083	SAX_RV_FREEWALL	2	1.0	3
6.92955	-2.17288	-14.75500	SAX_RV_FREEWALL	2	1.0	3
6.98116	-4.38242	-12.51826	SAX_RV_FREEWALL	2	1.0	3
8.14660	-6.59195	-9.42310	SAX_RV_FREEWALL	2	1.0	3
8.19821	-8.80149	-7.18637	SAX_RV_FREEWALL	2	1.0	3
6.02212	-11.01102	-6.66648	SAX_RV_FREEWALL	2	1.0	3
2.73219	-13.22056	-7.00501	SAX_RV_FREEWALL	2	1.0	3
-0.02662	-14.32533	-8.03270	SAX_RV_FREEWALL	2	1.0	3
-3.31655	-16.53487	-8.37123	SAX_RV_FREEWALL	2	1.0	3
-5.54424	-16.53487	-10.08807	SAX_RV_FREEWALL	2	1.0	3
-8.30305	-17.63964	-11.11576	SAX_RV_FREEWALL	2	1.0	3
-11.06186	-18.74441	-12.14345	SAX_RV_FREEWALL	2	1.0	3
-13.82067	-19.84918	-13.17114	SAX_RV_FREEWALL	2	1.0	3
-16.04836	-19.84919	-14.88799	SAX_RV_FREEWALL	2	1.0	3
-18.80717	-20.95396	-15.91568	SAX_RV_FREEWALL	2	1.0	3
-21.03485	-20.95396	-17.63252	SAX_RV_FREEWALL	2	1.0	3
-23.79366	-22.05873	-18.66021	SAX_RV_FREEWALL	2	1.0	3
-26.02135	-22.05873	-20.37706	SAX_RV_FREEWALL	2	1.0	3
-28.24904	-22.05873	-22.09390	SAX_RV_FREEWALL	2	1.0	3
-30.47673	-22.05874	-23.81075	SAX_RV_FREEWALL	2	1.0	3
-32.70442	-22.05874	-25.52759	SAX_RV_FREEWALL	2	1.0	3
-34.93211	-22.05874	-27.24444	SAX_RV_FREEWALL	2	1.0	3
-37.15979	-22.05874	-28.96128	SAX_RV_FREEWALL	2	1.0	3
-44.32238	-25.37305	-31.18593	SAX_RV_EPICARDIAL	2	1.0	3
-46.01894	-24.26829	-33.59193	SAX_RV_EPICARDIAL	2	1.0	3
-47.71551	-23.16352	-35.99793	SAX_RV_EPICARDIAL	2	1.0	3
-49.94320	-23.16352	-37.71478	SAX_RV_EPICARDIAL	2	1.0	3
-52.17089	-23.16353	-39.43162	SAX_RV_EPICARDIAL	2	1.0	3
-53.86746	-22.05876	-41.83763	SAX_RV_EPICARDIAL	2	1.0	3
-56.09515	-22.05876	-43.55447	SAX_RV_EPICARDIAL	2	1.0	3
-57.79171	-20.95400	-45.96047	SAX_RV_EPICARDIAL	2	1.0	3
-60.01940	-20.95400	-47.67732	SAX_RV_EPICARDIAL	2	1.0	3
-61.71597	-19.84923	-50.08332	SAX_RV_EPICARDIAL	2	1.0	3
-63.41254	-18.74447	-52.48932	SAX_RV_EPICARDIAL	2	1.0	3
-65.10910	-17.63970	-54.89533	SAX_RV_EPICARDIAL	2	1.0	3
-67.33679	-17.63970	-56.61217	SAX_RV_EPICARDIAL	2	1.0	3
-68.50224	-15.43017	-59.70733	SAX_RV_EPICARDIAL	2	1.0	3
-69.66769	-13.22063	-62.80249	SAX_RV_EPICARDIAL	2	1.0	3
-70.83313	-11.01110	-65.89765	SAX_RV_EPICARDIAL	2	1.0	3
-69.77089	-8.80156	-67.27596	SAX_RV_EPICARDIAL	2	1.0	3
-68.70865	-6.59203	-68.65428	SAX_RV_EPICARDIAL	2	1.0	3
-68.76025	-4.38249	-70.89101	SAX_RV_EPICARDIAL	2	1.0	3
-68.81185	-2.17296	-73.12775	SAX_RV_EPICARDIAL	2	1.0	3
-67.74961	0.03658	-74.50606	SAX_RV_EPICARDIAL	2	1.0	3
-65.57352	2.24612	-75.02595	SAX_RV_EPICARDIAL	2	1.0	3
-64.51128	4.45566	-76.40427	SAX_RV_EPICARDIAL	2	1.0	3
-62.33520	6.66519	-76.92416	SAX_RV_EPICARDIAL	2	1.0	3
-60.15911	8.87473	-77.44405	SAX_RV_EPICARDIAL	2	1.0	3
-59.09687	11.08427	-78.82236	SAX_RV_EPICARDIAL	2	1.0	3
-55.80694	13.29381	-78.48383	SAX_RV_EPICARDIAL	2	1.0	3
-53.63085	15.50334	-79.00372	SAX_RV_EPICARDIAL	2	1.0	3
-50.34092	17.71288	-78.66519	SAX_RV_EPICARDIAL	2	1.0	3
-49.27868	19.92242	-80.04350	SAX_RV_EPICARDIAL	2	1.0	3
-45.98875	22.13196	-79.70497	SAX_RV_EPICARDIAL	2	1.0	3
-42.69882	24.34150	-79.36644	SAX_RV_EPICARDIAL	2	1.0	3
-41.05385	25.44627	-79.19717	SAX_RV_EPICARDIAL	2	1.0	3
-37.76392	27.65580	-78.85864	SAX_RV_EPICARDIAL	2	1.0	3
-35.00511	28.76058	-77.83095	SAX_RV_EPICARDIAL	2	1.0	3
-32.24631	29.86535	-76.80326	SAX_RV_EPICARDIAL	2	1.0	3
-30.01862	29.86535	-75.08642	SAX_RV_EPICARDIAL	2	1.0	3
-27.79093	29.86535	-73.36957	SAX_RV_EPICARDIAL	2	1.0	3
-25.56324	29.86535	-71.65272	SAX_RV_EPICARDIAL	2	1.0	3
-23.86667	28.76059	-69.24672	SAX_RV_EPICARDIAL	2	1.0	3
-21.58738	26.55105	-65.29314	SAX_RV_EPICARDIAL	2	1.0	3
8.09500	-4.38241	-11.65984	SAX_RV_EPICARDIAL	2	1.0	3
10.32269	-4.38241	-9.94299	SAX_RV_EPICARDIAL	2	1.0	3
10.37429	-6.59195	-7.70626	SAX_RV_EPICARDIAL	2	1.0	3
10.42589	-8.80148	-5.46952	SAX_RV_EPICARDIAL	2	1.0	3
10.47750	-11.01102	-3.23278	SAX_RV_EPICARDIAL	2	1.0	3
7.18757	-13.22056	-3.57132	SAX_RV_EPICARDIAL	2	1.0	3
3.89764	-15.43010	-3.90985	SAX_RV_EPICARDIAL	2	1.0	3
0.60771	-17.63964	-4.24838	SAX_RV_EPICARDIAL	2	1.0	3
-2.15110	-18.74441	-5.27607	SAX_RV_EPICARDIAL	2	1.0	3
-4.90991	-19.84918	-6.30376	SAX_RV_EPICARDIAL	2	1.0	3
-7.66872	-20.95395	-7.33145	SAX_RV_EPICARDIAL	2	1.0	3
-9.89641	-20.95395	-9.04829	SAX_RV_EPICARDIAL	2	1.0	3
-12.65522	-22.05872	-10.07598	SAX_RV_EPICARDIAL	2	1.0	3
-14.88291	-22.05872	-11.79283	SAX_RV_EPICARDIAL	2	1.0	3
-17.64172	-23.16349	-12.82052	SAX_RV_EPICARDIAL	2	1.0	3
-19.86941	-23.16349	-14.53736	SAX_RV_EPICARDIAL	2	1.0	3
-22.09710	-23.16350	-16.25421	SAX_RV_EPICARDIAL	2	1.0	3
-24.85590	-24.26827	-17.28190	SAX_RV_EPICARDIAL	2	1.0	3
-27.08359	-24.26827	-18.99874	SAX_RV_EPICARDIAL	2	1.0	3
-29.31128	-24.26827	-20.71559	SAX_RV_EPICARDIAL	2	1.0	3
-32.07009	-25.37304	-21.74328	SAX_RV_EPICARDIAL	2	1.0	3
-34.29778	-25.37304	-23.46012	SAX_RV_EPICARDIAL	2	1.0	3
-36.52547	-25.37305	-25.17697	SAX_RV_EPICARDIAL	2	1.0	3
-38.75316	-25.37305	-26.89381	SAX_RV_EPICARDIAL	2	1.0	3
-40.98084	-25.37305	-28.61066	SAX_RV_EPICARDIAL	2	1.0	3
-43.20853	-25.37305	-30.32751	SAX_RV_EPICARDIAL	2	1.0	3
-22.64962	24.34152	-63.91483	SAX_RV_SEPTUM	2	1.0	3
-23.71187	22.13198	-62.53651	SAX_RV_SEPTUM	2	1.0	3
-23.66026	19.92244	-60.29978	SAX_RV_SEPTUM	2	1.0	3
-23.60866	17.71291	-58.06304	SAX_RV_SEPTUM	2	1.0	3
-24.67090	15.50337	-56.68473	SAX_RV_SEPTUM	2	1.0	3
-24.61930	13.29384	-54.44799	SAX_RV_SEPTUM	2	1.0	3
-24.56770	11.08430	-52.21125	SAX_RV_SEPTUM	2	1.0	3
-24.51610	8.87477	-49.97452	SAX_RV_SEPTUM	2	1.0	3
-24.46449	6.66523	-47.73778	SAX_RV_SEPTUM	2	1.0	3
-23.29905	4.45570	-44.64262	SAX_RV_SEPTUM	2	1.0	3
-23.24744	2.24616	-42.40589	SAX_RV_SEPTUM	2	1.0	3
-22.08200	0.03663	-39.31073	SAX_RV_SEPTUM	2	1.0	3
-20.91655	-2.17291	-36.21557	SAX_RV_SEPTUM	2	1.0	3
-19.21998	-3.27767	-33.80957	SAX_RV_SEPTUM	2	1.0	3
-17.52342	-4.38244	-31.40356	SAX_RV_SEPTUM	2	1.0	3
-15.29573	-4.38244	-29.68672	SAX_RV_SEPTUM	2	1.0	3
-13.06804	-4.38244	-27.96987	SAX_RV_SEPTUM	2	1.0	3
-11.37147	-5.48720	-25.56387	SAX_RV_SEPTUM	2	1.0	3
-8.61266	-4.38243	-24.53618	SAX_RV_SEPTUM	2	1.0	3
-6.38497	-4.38243	-22.81934	SAX_RV_SEPTUM	2	1.0	3
-4.15729	-4.38243	-21.10249	SAX_RV_SEPTUM	2	1.0	3
-1.39848	-3.27766	-20.07480	SAX_RV_SEPTUM	2	1.0	3
1.36033	-2.17289	-19.04711	SAX_RV_SEPTUM	2	1.0	3
3.00530	-1.06812	-18.87785	SAX_RV_SEPTUM	2	1.0	3
5.23299	-1.06811	-17.16100	SAX_RV_SEPTUM	2	1.0	3
-20.52514	28.76059	-66.67145	SAX_LV_EPICARDIAL	2	1.0	3
-18.34905	30.97013	-67.19134	SAX_LV_EPICARDIAL	2	1.0	3
-17.28681	33.17966	-68.56966	SAX_LV_EPICARDIAL	2	1.0	3
-15.11073	35.38920	-69.08955	SAX_LV_EPICARDIAL	2	1.0	3
-12.93464	37.59874	-69.60944	SAX_LV_EPICARDIAL	2	1.0	3
-10.75855	39.80828	-70.12933	SAX_LV_EPICARDIAL	2	1.0	3
-7.46862	42.01782	-69.79080	SAX_LV_EPICARDIAL	2	1.0	3
-5.29254	44.22735	-70.31069	SAX_LV_EPICARDIAL	2	1.0	3
-2.53373	45.33212	-69.28300	SAX_LV_EPICARDIAL	2	1.0	3
0.75620	47.54166	-68.94447	SAX_LV_EPICARDIAL	2	1.0	3
3.51501	48.64643	-67.91678	SAX_LV_EPICARDIAL	2	1.0	3
6.27382	49.75120	-66.88909	SAX_LV_EPICARDIAL	2	1.0	3
9.03263	50.85597	-65.86140	SAX_LV_EPICARDIAL	2	1.0	3
11.79144	51.96074	-64.83371	SAX_LV_EPICARDIAL	2	1.0	3
14.01913	51.96075	-63.11687	SAX_LV_EPICARDIAL	2	1.0	3
16.77794	53.06552	-62.08918	SAX_LV_EPICARDIAL	2	1.0	3
19.00563	53.06552	-60.37233	SAX_LV_EPICARDIAL	2	1.0	3
21.23331	53.06552	-58.65548	SAX_LV_EPICARDIAL	2	1.0	3
23.46100	53.06552	-56.93864	SAX_LV_EPICARDIAL	2	1.0	3
25.15757	51.96076	-54.53264	SAX_LV_EPICARDIAL	2	1.0	3
27.38526	51.96076	-52.81579	SAX_LV_EPICARDIAL	2	1.0	3
29.08183	50.85599	-50.40979	SAX_LV_EPICARDIAL	2	1.0	3
31.30951	50.85600	-48.69294	SAX_LV_EPICARDIAL	2	1.0	3
32.47496	48.64646	-45.59778	SAX_LV_EPICARDIAL	2	1.0	3
34.17153	47.54170	-43.19178	SAX_LV_EPICARDIAL	2	1.0	3
35.86810	46.43693	-40.78578	SAX_LV_EPICARDIAL	2	1.0	3
35.91970	44.22739	-38.54904	SAX_LV_EPICARDIAL	2	1.0	3
37.08515	42.01786	-35.45388	SAX_LV_EPICARDIAL	2	1.0	3
37.13675	39.80832	-33.21715	SAX_LV_EPICARDIAL	2	1.0	3
37.18835	37.59879	-30.98041	SAX_LV_EPICARDIAL	2	1.0	3
37.23995	35.38925	-28.74368	SAX_LV_EPICARDIAL	2	1.0	3
36.17771	33.17972	-27.36536	SAX_LV_EPICARDIAL	2	1.0	3
36.22931	30.97018	-25.12863	SAX_LV_EPICARDIAL	2	1.0	3
35.16707	28.76064	-23.75031	SAX_LV_EPICARDIAL	2	1.0	3
34.10483	26.55111	-22.37200	SAX_LV_EPICARDIAL	2	1.0	3
33.04259	24.34157	-20.99369	SAX_LV_EPICARDIAL	2	1.0	3
31.98035	22.13204	-19.61537	SAX_LV_EPICARDIAL	2	1.0	3
30.91810	19.92250	-18.23706	SAX_LV_EPICARDIAL	2	1.0	3
28.74202	17.71296	-17.71717	SAX_LV_EPICARDIAL	2	1.0	3
26.56593	15.50342	-17.19728	SAX_LV_EPICARDIAL	2	1.0	3
25.50369	13.29389	-15.81896	SAX_LV_EPICARDIAL	2	1.0	3
22.21376	11.08435	-16.15750	SAX_LV_EPICARDIAL	2	1.0	3
20.03767	8.87481	-15.63761	SAX_LV_EPICARDIAL	2	1.0	3
16.74774	6.66527	-15.97614	SAX_LV_EPICARDIAL	2	1.0	3
13.45781	4.45573	-16.31467	SAX_LV_EPICARDIAL	2	1.0	3
10.69900	3.35096	-17.34236	SAX_LV_EPICARDIAL	2	1.0	3
7.94019	2.24619	-18.37005	SAX_LV_EPICARDIAL	2	1.0	3
-11.04676	4.45571	-35.19997	SAX_LV_ENDOCARDIAL	2	1.0	3
-12.74333	5.56047	-37.60597	SAX_LV_ENDOCARDIAL	2	1.0	3
-14.97102	5.56047	-39.32282	SAX_LV_ENDOCARDIAL	2	1.0	3
-16.13646	7.77001	-42.41798	SAX_LV_ENDOCARDIAL	2	1.0	3
-17.30191	9.97954	-45.51314	SAX_LV_ENDOCARDIAL	2	1.0	3
-17.35351	12.18908	-47.74987	SAX_LV_ENDOCARDIAL	2	1.0	3
-17.40511	14.39861	-49.98661	SAX_LV_ENDOCARDIAL	2	1.0	3
-17.45672	16.60815	-52.22335	SAX_LV_ENDOCARDIAL	2	1.0	3
-17.50832	18.81768	-54.46008	SAX_LV_ENDOCARDIAL	2	1.0	3
-16.44608	21.02722	-55.83840	SAX_LV_ENDOCARDIAL	2	1.0	3
-16.49768	23.23675	-58.07513	SAX_LV_ENDOCARDIAL	2	1.0	3
-15.43544	25.44629	-59.45345	SAX_LV_ENDOCARDIAL	2	1.0	3
-14.37320	27.65583	-60.83176	SAX_LV_ENDOCARDIAL	2	1.0	3
-12.19711	29.86537	-61.35165	SAX_LV_ENDOCARDIAL	2	1.0	3
-11.13487	32.07490	-62.72996	SAX_LV_ENDOCARDIAL	2	1.0	3
-8.95878	34.28444	-63.24985	SAX_LV_ENDOCARDIAL	2	1.0	3
-6.78270	36.49398	-63.76974	SAX_LV_ENDOCARDIAL	2	1.0	3
-3.49277	38.70352	-63.43121	SAX_LV_ENDOCARDIAL	2	1.0	3
-0.73396	39.80829	-62.40352	SAX_LV_ENDOCARDIAL	2	1.0	3
2.55597	42.01783	-62.06499	SAX_LV_ENDOCARDIAL	2	1.0	3
5.31478	43.12260	-61.03730	SAX_LV_ENDOCARDIAL	2	1.0	3
8.07359	44.22737	-60.00961	SAX_LV_ENDOCARDIAL	2	1.0	3
10.83240	45.33214	-58.98192	SAX_LV_ENDOCARDIAL	2	1.0	3
13.59121	46.43691	-57.95424	SAX_LV_ENDOCARDIAL	2	1.0	3
15.81890	46.43691	-56.23739	SAX_LV_ENDOCARDIAL	2	1.0	3
18.04659	46.43691	-54.52054	SAX_LV_ENDOCARDIAL	2	1.0	3
20.27428	46.43691	-52.80370	SAX_LV_ENDOCARDIAL	2	1.0	3
22.50197	46.43692	-51.08685	SAX_LV_ENDOCARDIAL	2	1.0	3
24.72965	46.43692	-49.37001	SAX_LV_ENDOCARDIAL	2	1.0	3
26.42622	45.33215	-46.96401	SAX_LV_ENDOCARDIAL	2	1.0	3
28.12279	44.22739	-44.55800	SAX_LV_ENDOCARDIAL	2	1.0	3
29.28824	42.01785	-41.46284	SAX_LV_ENDOCARDIAL	2	1.0	3
30.45368	39.80832	-38.36768	SAX_LV_ENDOCARDIAL	2	1.0	3
30.50528	37.59878	-36.13095	SAX_LV_ENDOCARDIAL	2	1.0	3
30.55689	35.38925	-33.89421	SAX_LV_ENDOCARDIAL	2	1.0	3
30.60849	33.17971	-31.65748	SAX_LV_ENDOCARDIAL	2	1.0	3
29.54625	30.97017	-30.27916	SAX_LV_ENDOCARDIAL	2	1.0	3
29.59785	28.76064	-28.04243	SAX_LV_ENDOCARDIAL	2	1.0	3
27.42176	26.55110	-27.52254	SAX_LV_ENDOCARDIAL	2	1.0	3
27.47337	24.34157	-25.28580	SAX_LV_ENDOCARDIAL	2	1.0	3
25.29728	22.13203	-24.76591	SAX_LV_ENDOCARDIAL	2	1.0	3
23.12119	19.92249	-24.24602	SAX_LV_ENDOCARDIAL	2	1.0	3
20.94511	17.71295	-23.72613	SAX_LV_ENDOCARDIAL	2	1.0	3
18.76902	15.50342	-23.20624	SAX_LV_ENDOCARDIAL	2	1.0	3
15.47909	13.29388	-23.54477	SAX_LV_ENDOCARDIAL	2	1.0	3
12.18916	11.08434	-23.88330	SAX_LV_ENDOCARDIAL	2	1.0	3
9.43035	9.97957	-24.91099	SAX_LV_ENDOCARDIAL	2	1.0	3
6.67154	8.87480	-25.93868	SAX_LV_ENDOCARDIAL	2	1.0	3
3.91273	7.77003	-26.96637	SAX_LV_ENDOCARDIAL	2	1.0	3
1.15392	6.66526	-27.99406	SAX_LV_ENDOCARDIAL	2	1.0	3
-1.60489	5.56049	-29.02175	SAX_LV_ENDOCARDIAL	2	1.0	3
-3.83257	5.56048	-30.73859	SAX_LV_ENDOCARDIAL	2	1.0	3
-6.06026	5.56048	-32.45544	SAX_LV_ENDOCARDIAL	2	1.0	3
-8.81907	4.45571	-33.48313	SAX_LV_ENDOCARDIAL	2	1.0	3
5.23299	-1.06811	-17.16100	RV_INSERT	2	1.0	3
-24.34619	25.44628	-66.32083	RV_INSERT	2	1.0	3
-44.36782	-28.59119	-56.46668	SAX_RV_FREEWALL	3	1.0	3
-46.06438	-27.48642	-58.87268	SAX_RV_FREEWALL	3	1.0	3
-48.29207	-27.48642	-60.58952	SAX_RV_FREEWALL	3	1.0	3
-49.98864	-26.38166	-62.99553	SAX_RV_FREEWALL	3	1.0	3
-51.68521	-25.27689	-65.40153	SAX_RV_FREEWALL	3	1.0	3
-52.85065	-23.06736	-68.49669	SAX_RV_FREEWALL	3	1.0	3
-54.01610	-20.85782	-71.59185	SAX_RV_FREEWALL	3	1.0	3
-55.71267	-19.75306	-73.99785	SAX_RV_FREEWALL	3	1.0	3
-55.76427	-17.54352	-76.23459	SAX_RV_FREEWALL	3	1.0	3
-54.70203	-15.33399	-77.61290	SAX_RV_FREEWALL	3	1.0	3
-54.75363	-13.12445	-79.84964	SAX_RV_FREEWALL	3	1.0	3
-53.69139	-10.91491	-81.22795	SAX_RV_FREEWALL	3	1.0	3
-52.62915	-8.70538	-82.60626	SAX_RV_FREEWALL	3	1.0	3
-51.56691	-6.49584	-83.98458	SAX_RV_FREEWALL	3	1.0	3
-50.50466	-4.28630	-85.36289	SAX_RV_FREEWALL	3	1.0	3
-47.21473	-2.07677	-85.02436	SAX_RV_FREEWALL	3	1.0	3
-45.03865	0.13277	-85.54425	SAX_RV_FREEWALL	3	1.0	3
-42.86256	2.34231	-86.06414	SAX_RV_FREEWALL	3	1.0	3
-39.57263	4.55185	-85.72561	SAX_RV_FREEWALL	3	1.0	3
-36.28270	6.76139	-85.38707	SAX_RV_FREEWALL	3	1.0	3
-34.10661	8.97093	-85.90696	SAX_RV_FREEWALL	3	1.0	3
-30.81668	11.18046	-85.56843	SAX_RV_FREEWALL	3	1.0	3
-28.05788	12.28523	-84.54074	SAX_RV_FREEWALL	3	1.0	3
-24.76794	14.49477	-84.20221	SAX_RV_FREEWALL	3	1.0	3
-22.00914	15.59954	-83.17452	SAX_RV_FREEWALL	3	1.0	3
-19.25033	16.70431	-82.14683	SAX_RV_FREEWALL	3	1.0	3
-17.02264	16.70432	-80.42999	SAX_RV_FREEWALL	3	1.0	3
-14.79495	16.70432	-78.71314	SAX_RV_FREEWALL	3	1.0	3
1.09339	-19.75300	-30.21829	SAX_RV_FREEWALL	3	1.0	3
-1.66542	-20.85777	-31.24597	SAX_RV_FREEWALL	3	1.0	3
-3.89311	-20.85777	-32.96282	SAX_RV_FREEWALL	3	1.0	3
-6.65192	-21.96254	-33.99051	SAX_RV_FREEWALL	3	1.0	3
-9.41073	-23.06731	-35.01820	SAX_RV_FREEWALL	3	1.0	3
-12.70066	-25.27685	-35.35673	SAX_RV_FREEWALL	3	1.0	3
-15.45947	-26.38162	-36.38442	SAX_RV_FREEWALL	3	1.0	3
-17.68716	-26.38163	-38.10126	SAX_RV_FREEWALL	3	1.0	3
-20.44597	-27.48640	-39.12895	SAX_RV_FREEWALL	3	1.0	3
-22.67366	-27.48640	-40.84580	SAX_RV_FREEWALL	3	1.0	3
-25.43247	-28.59117	-41.87349	SAX_RV_FREEWALL	3	1.0	3
-27.66015	-28.59117	-43.59033	SAX_RV_FREEWALL	3	1.0	3
-29.88784	-28.59117	-45.30718	SAX_RV_FREEWALL	3	1.0	3
-32.11553	-28.59118	-47.02403	SAX_RV_FREEWALL	3	1.0	3
-34.34322	-28.59118	-48.74087	SAX_RV_FREEWALL	3	1.0	3
-36.57091	-28.59118	-50.45772	SAX_RV_FREEWALL	3	1.0	3
-38.79860	-28.59118	-52.17456	SAX_RV_FREEWALL	3	1.0	3
-41.02628	-28.59118	-53.89141	SAX_RV_FREEWALL	3	1.0	3
-43.25397	-28.59119	-55.60825	SAX_RV_FREEWALL	3	1.0	3
-39.80924	-33.01025	-48.55951	SAX_RV_EPICARDIAL	3	1.0	3
-41.50580	-31.90549	-50.96551	SAX_RV_EPICARDIAL	3	1.0	3
-43.73349	-31.90549	-52.68236	SAX_RV_EPICARDIAL	3	1.0	3
-45.43006	-30.80072	-55.08836	SAX_RV_EPICARDIAL	3	1.0	3
-47.65775	-30.80073	-56.80521	SAX_RV_EPICARDIAL	3	1.0	3
-49.35432	-29.69596	-59.21121	SAX_RV_EPICARDIAL	3	1.0	3
-51.58200	-29.69596	-60.92806	SAX_RV_EPICARDIAL	3	1.0	3
-53.27857	-28.59120	-63.33406	SAX_RV_EPICARDIAL	3	1.0	3
-53.86129	-27.48643	-64.88164	SAX_RV_EPICARDIAL	3	1.0	3
-55.02674	-25.27690	-67.97680	SAX_RV_EPICARDIAL	3	1.0	3
-56.19219	-23.06736	-71.07196	SAX_RV_EPICARDIAL	3	1.0	3
-57.88875	-21.96260	-73.47796	SAX_RV_EPICARDIAL	3	1.0	3
-59.05420	-19.75306	-76.57312	SAX_RV_EPICARDIAL	3	1.0	3
-57.99196	-17.54352	-77.95143	SAX_RV_EPICARDIAL	3	1.0	3
-58.04356	-15.33399	-80.18817	SAX_RV_EPICARDIAL	3	1.0	3
-56.98132	-13.12445	-81.56648	SAX_RV_EPICARDIAL	3	1.0	3
-55.91908	-10.91492	-82.94479	SAX_RV_EPICARDIAL	3	1.0	3
-54.85684	-8.70538	-84.32311	SAX_RV_EPICARDIAL	3	1.0	3
-53.79459	-6.49584	-85.70142	SAX_RV_EPICARDIAL	3	1.0	3
-52.73235	-4.28631	-87.07973	SAX_RV_EPICARDIAL	3	1.0	3
-50.55627	-2.07677	-87.59963	SAX_RV_EPICARDIAL	3	1.0	3
-48.38018	0.13277	-88.11952	SAX_RV_EPICARDIAL	3	1.0	3
-46.20409	2.34231	-88.63941	SAX_RV_EPICARDIAL	3	1.0	3
-42.91416	4.55185	-88.30087	SAX_RV_EPICARDIAL	3	1.0	3
-40.73808	6.76138	-88.82076	SAX_RV_EPICARDIAL	3	1.0	3
-37.44815	8.97092	-88.48223	SAX_RV_EPICARDIAL	3	1.0	3
-34.15822	11.18046	-88.14370	SAX_RV_EPICARDIAL	3	1.0	3
-31.39941	12.28523	-87.11601	SAX_RV_EPICARDIAL	3	1.0	3
-28.10948	14.49477	-86.77748	SAX_RV_EPICARDIAL	3	1.0	3
-24.81955	16.70431	-86.43895	SAX_RV_EPICARDIAL	3	1.0	3
-22.06074	17.80908	-85.41126	SAX_RV_EPICARDIAL	3	1.0	3
-18.77081	20.01862	-85.07273	SAX_RV_EPICARDIAL	3	1.0	3
-16.01200	21.12339	-84.04504	SAX_RV_EPICARDIAL	3	1.0	3
-13.78431	21.12339	-82.32819	SAX_RV_EPICARDIAL	3	1.0	3
-11.55662	21.12339	-80.61135	SAX_RV_EPICARDIAL	3	1.0	3
-10.39117	18.91386	-77.51619	SAX_RV_EPICARDIAL	3	1.0	3
-11.45342	16.70432	-76.13787	SAX_RV_EPICARDIAL	3	1.0	3
7.14213	-16.43869	-28.85206	SAX_RV_EPICARDIAL	3	1.0	3
7.72485	-17.54346	-27.30449	SAX_RV_EPICARDIAL	3	1.0	3
5.54876	-19.75300	-26.78459	SAX_RV_EPICARDIAL	3	1.0	3
2.25883	-21.96254	-27.12313	SAX_RV_EPICARDIAL	3	1.0	3
-0.49998	-23.06731	-28.15082	SAX_RV_EPICARDIAL	3	1.0	3
-3.25879	-24.17208	-29.17850	SAX_RV_EPICARDIAL	3	1.0	3
-6.01760	-25.27685	-30.20619	SAX_RV_EPICARDIAL	3	1.0	3
-8.77640	-26.38162	-31.23388	SAX_RV_EPICARDIAL	3	1.0	3
-11.53521	-27.48639	-32.26157	SAX_RV_EPICARDIAL	3	1.0	3
-14.29402	-28.59116	-33.28926	SAX_RV_EPICARDIAL	3	1.0	3
-17.05283	-29.69593	-34.31695	SAX_RV_EPICARDIAL	3	1.0	3
-19.81164	-30.80070	-35.34464	SAX_RV_EPICARDIAL	3	1.0	3
-22.03933	-30.80070	-37.06148	SAX_RV_EPICARDIAL	3	1.0	3
-24.79814	-31.90547	-38.08917	SAX_RV_EPICARDIAL	3	1.0	3
-27.02583	-31.90547	-39.80602	SAX_RV_EPICARDIAL	3	1.0	3
-29.25352	-31.90548	-41.52286	SAX_RV_EPICARDIAL	3	1.0	3
-32.01233	-33.01025	-42.55055	SAX_RV_EPICARDIAL	3	1.0	3
-34.24001	-33.01025	-44.26740	SAX_RV_EPICARDIAL	3	1.0	3
-36.46770	-33.01025	-45.98424	SAX_RV_EPICARDIAL	3	1.0	3
-38.69539	-33.01025	-47.70109	SAX_RV_EPICARDIAL	3	1.0	3
-12.56726	16.70432	-76.99630	SAX_RV_SEPTUM	3	1.0	3
-12.51566	14.49479	-74.75956	SAX_RV_SEPTUM	3	1.0	3
-12.46406	12.28525	-72.52282	SAX_RV_SEPTUM	3	1.0	3
-13.52630	10.07571	-71.14451	SAX_RV_SEPTUM	3	1.0	3
-13.47470	7.86618	-68.90777	SAX_RV_SEPTUM	3	1.0	3
-13.42309	5.65664	-66.67104	SAX_RV_SEPTUM	3	1.0	3
-14.48534	3.44711	-65.29272	SAX_RV_SEPTUM	3	1.0	3
-14.43373	1.23757	-63.05599	SAX_RV_SEPTUM	3	1.0	3
-14.38213	-0.97196	-60.81925	SAX_RV_SEPTUM	3	1.0	3
-13.21668	-3.18150	-57.72409	SAX_RV_SEPTUM	3	1.0	3
-13.16508	-5.39103	-55.48736	SAX_RV_SEPTUM	3	1.0	3
-11.99964	-7.60057	-52.39220	SAX_RV_SEPTUM	3	1.0	3
-11.94803	-9.81010	-50.15546	SAX_RV_SEPTUM	3	1.0	3
-10.25147	-10.91487	-47.74946	SAX_RV_SEPTUM	3	1.0	3
-8.55490	-12.01964	-45.34346	SAX_RV_SEPTUM	3	1.0	3
-6.32721	-12.01963	-43.62661	SAX_RV_SEPTUM	3	1.0	3
-4.63064	-13.12440	-41.22061	SAX_RV_SEPTUM	3	1.0	3
-2.93407	-14.22917	-38.81461	SAX_RV_SEPTUM	3	1.0	3
-0.70639	-14.22916	-37.09776	SAX_RV_SEPTUM	3	1.0	3
1.52130	-14.22916	-35.38092	SAX_RV_SEPTUM	3	1.0	3
3.21787	-15.33393	-32.97491	SAX_RV_SEPTUM	3	1.0	3
5.44556	-15.33393	-31.25807	SAX_RV_SEPTUM	3	1.0	3
4.38332	-17.54346	-29.87975	SAX_RV_SEPTUM	3	1.0	3
-8.21509	21.12340	-78.03608	SAX_LV_EPICARDIAL	3	1.0	3
-6.03900	23.33293	-78.55597	SAX_LV_EPICARDIAL	3	1.0	3
-3.86292	25.54247	-79.07586	SAX_LV_EPICARDIAL	3	1.0	3
-1.68683	27.75201	-79.59575	SAX_LV_EPICARDIAL	3	1.0	3
0.48926	29.96155	-80.11564	SAX_LV_EPICARDIAL	3	1.0	3
3.77919	32.17109	-79.77711	SAX_LV_EPICARDIAL	3	1.0	3
7.06912	34.38062	-79.43858	SAX_LV_EPICARDIAL	3	1.0	3
9.82793	35.48540	-78.41089	SAX_LV_EPICARDIAL	3	1.0	3
13.11786	37.69493	-78.07235	SAX_LV_EPICARDIAL	3	1.0	3
15.87667	38.79970	-77.04467	SAX_LV_EPICARDIAL	3	1.0	3
18.63547	39.90448	-76.01698	SAX_LV_EPICARDIAL	3	1.0	3
21.39428	41.00925	-74.98929	SAX_LV_EPICARDIAL	3	1.0	3
23.62197	41.00925	-73.27244	SAX_LV_EPICARDIAL	3	1.0	3
26.38078	42.11402	-72.24475	SAX_LV_EPICARDIAL	3	1.0	3
28.60847	42.11402	-70.52791	SAX_LV_EPICARDIAL	3	1.0	3
30.83616	42.11402	-68.81106	SAX_LV_EPICARDIAL	3	1.0	3
33.06385	42.11402	-67.09422	SAX_LV_EPICARDIAL	3	1.0	3
35.29154	42.11403	-65.37737	SAX_LV_EPICARDIAL	3	1.0	3
37.51922	42.11403	-63.66053	SAX_LV_EPICARDIAL	3	1.0	3
39.74691	42.11403	-61.94368	SAX_LV_EPICARDIAL	3	1.0	3
41.44348	41.00927	-59.53768	SAX_LV_EPICARDIAL	3	1.0	3
43.14005	39.90450	-57.13167	SAX_LV_EPICARDIAL	3	1.0	3
44.83661	38.79973	-54.72567	SAX_LV_EPICARDIAL	3	1.0	3
46.53318	37.69497	-52.31967	SAX_LV_EPICARDIAL	3	1.0	3
47.69863	35.48543	-49.22451	SAX_LV_EPICARDIAL	3	1.0	3
48.86408	33.27590	-46.12935	SAX_LV_EPICARDIAL	3	1.0	3
48.91568	31.06636	-43.89262	SAX_LV_EPICARDIAL	3	1.0	3
48.96728	28.85683	-41.65588	SAX_LV_EPICARDIAL	3	1.0	3
49.01888	26.64729	-39.41914	SAX_LV_EPICARDIAL	3	1.0	3
49.07049	24.43776	-37.18241	SAX_LV_EPICARDIAL	3	1.0	3
49.12209	22.22822	-34.94567	SAX_LV_EPICARDIAL	3	1.0	3
48.05985	20.01868	-33.56736	SAX_LV_EPICARDIAL	3	1.0	3
46.99760	17.80915	-32.18904	SAX_LV_EPICARDIAL	3	1.0	3
45.93536	15.59961	-30.81073	SAX_LV_EPICARDIAL	3	1.0	3
44.87312	13.39008	-29.43242	SAX_LV_EPICARDIAL	3	1.0	3
43.81088	11.18054	-28.05410	SAX_LV_EPICARDIAL	3	1.0	3
42.74864	8.97100	-26.67579	SAX_LV_EPICARDIAL	3	1.0	3
41.68639	6.76147	-25.29748	SAX_LV_EPICARDIAL	3	1.0	3
39.51031	4.55193	-24.77759	SAX_LV_EPICARDIAL	3	1.0	3
37.33422	2.34239	-24.25770	SAX_LV_EPICARDIAL	3	1.0	3
36.27198	0.13285	-22.87938	SAX_LV_EPICARDIAL	3	1.0	3
34.09589	-2.07668	-22.35949	SAX_LV_EPICARDIAL	3	1.0	3
31.91981	-4.28622	-21.83960	SAX_LV_EPICARDIAL	3	1.0	3
28.62988	-6.49576	-22.17813	SAX_LV_EPICARDIAL	3	1.0	3
26.45379	-8.70530	-21.65824	SAX_LV_EPICARDIAL	3	1.0	3
23.69498	-9.81007	-22.68593	SAX_LV_EPICARDIAL	3	1.0	3
20.93617	-10.91484	-23.71362	SAX_LV_EPICARDIAL	3	1.0	3
18.17736	-12.01961	-24.74131	SAX_LV_EPICARDIAL	3	1.0	3
15.41855	-13.12438	-25.76900	SAX_LV_EPICARDIAL	3	1.0	3
12.65974	-14.22915	-26.79669	SAX_LV_EPICARDIAL	3	1.0	3
9.90094	-15.33392	-27.82438	SAX_LV_EPICARDIAL	3	1.0	3
6.35299	-6.49578	-39.34659	SAX_LV_ENDOCARDIAL	3	1.0	3
4.65643	-5.39102	-41.75259	SAX_LV_ENDOCARDIAL	3	1.0	3
2.42874	-5.39102	-43.46944	SAX_LV_ENDOCARDIAL	3	1.0	3
0.73217	-4.28625	-45.87544	SAX_LV_ENDOCARDIAL	3	1.0	3
-0.43328	-2.07672	-48.97060	SAX_LV_ENDOCARDIAL	3	1.0	3
-2.12984	-0.97195	-51.37660	SAX_LV_ENDOCARDIAL	3	1.0	3
-2.18145	1.23758	-53.61334	SAX_LV_ENDOCARDIAL	3	1.0	3
-3.34689	3.44712	-56.70850	SAX_LV_ENDOCARDIAL	3	1.0	3
-3.39850	5.65665	-58.94523	SAX_LV_ENDOCARDIAL	3	1.0	3
-3.45010	7.86619	-61.18197	SAX_LV_ENDOCARDIAL	3	1.0	3
-3.50170	10.07572	-63.41871	SAX_LV_ENDOCARDIAL	3	1.0	3
-3.55330	12.28526	-65.65544	SAX_LV_ENDOCARDIAL	3	1.0	3
-3.60490	14.49479	-67.89218	SAX_LV_ENDOCARDIAL	3	1.0	3
-2.54266	16.70433	-69.27049	SAX_LV_ENDOCARDIAL	3	1.0	3
-1.48042	18.91387	-70.64880	SAX_LV_ENDOCARDIAL	3	1.0	3
0.69567	21.12341	-71.16870	SAX_LV_ENDOCARDIAL	3	1.0	3
2.87175	23.33294	-71.68859	SAX_LV_ENDOCARDIAL	3	1.0	3
5.04784	25.54248	-72.20848	SAX_LV_ENDOCARDIAL	3	1.0	3
7.22392	27.75202	-72.72837	SAX_LV_ENDOCARDIAL	3	1.0	3
9.40001	29.96156	-73.24826	SAX_LV_ENDOCARDIAL	3	1.0	3
12.15882	31.06633	-72.22057	SAX_LV_ENDOCARDIAL	3	1.0	3
15.44875	33.27587	-71.88204	SAX_LV_ENDOCARDIAL	3	1.0	3
18.20756	34.38064	-70.85435	SAX_LV_ENDOCARDIAL	3	1.0	3
20.43525	34.38064	-69.13750	SAX_LV_ENDOCARDIAL	3	1.0	3
23.19406	35.48541	-68.10981	SAX_LV_ENDOCARDIAL	3	1.0	3
25.42174	35.48541	-66.39297	SAX_LV_ENDOCARDIAL	3	1.0	3
28.18055	36.59018	-65.36528	SAX_LV_ENDOCARDIAL	3	1.0	3
30.40824	36.59018	-63.64843	SAX_LV_ENDOCARDIAL	3	1.0	3
32.63593	36.59019	-61.93159	SAX_LV_ENDOCARDIAL	3	1.0	3
34.86362	36.59019	-60.21474	SAX_LV_ENDOCARDIAL	3	1.0	3
36.56019	35.48542	-57.80874	SAX_LV_ENDOCARDIAL	3	1.0	3
38.78788	35.48542	-56.09189	SAX_LV_ENDOCARDIAL	3	1.0	3
40.48444	34.38066	-53.68589	SAX_LV_ENDOCARDIAL	3	1.0	3
41.64989	32.17112	-50.59073	SAX_LV_ENDOCARDIAL	3	1.0	3
42.81534	29.96159	-47.49557	SAX_LV_ENDOCARDIAL	3	1.0	3
42.86694	27.75205	-45.25884	SAX_LV_ENDOCARDIAL	3	1.0	3
42.91854	25.54252	-43.02210	SAX_LV_ENDOCARDIAL	3	1.0	3
42.97014	23.33298	-40.78536	SAX_LV_ENDOCARDIAL	3	1.0	3
43.02175	21.12345	-38.54863	SAX_LV_ENDOCARDIAL	3	1.0	3
43.07335	18.91391	-36.31189	SAX_LV_ENDOCARDIAL	3	1.0	3
42.01111	16.70438	-34.93358	SAX_LV_ENDOCARDIAL	3	1.0	3
40.94886	14.49484	-33.55527	SAX_LV_ENDOCARDIAL	3	1.0	3
39.88662	12.28530	-32.17695	SAX_LV_ENDOCARDIAL	3	1.0	3
37.71054	10.07576	-31.65706	SAX_LV_ENDOCARDIAL	3	1.0	3
36.64829	7.86623	-30.27875	SAX_LV_ENDOCARDIAL	3	1.0	3
34.47221	5.65669	-29.75886	SAX_LV_ENDOCARDIAL	3	1.0	3
32.29612	3.44715	-29.23897	SAX_LV_ENDOCARDIAL	3	1.0	3
30.12004	1.23762	-28.71908	SAX_LV_ENDOCARDIAL	3	1.0	3
27.94395	-0.97192	-28.19919	SAX_LV_ENDOCARDIAL	3	1.0	3
25.76786	-3.18146	-27.67929	SAX_LV_ENDOCARDIAL	3	1.0	3
23.00905	-4.28623	-28.70698	SAX_LV_ENDOCARDIAL	3	1.0	3
20.25024	-5.39100	-29.73467	SAX_LV_ENDOCARDIAL	3	1.0	3
17.49144	-6.49577	-30.76236	SAX_LV_ENDOCARDIAL	3	1.0	3
15.26375	-6.49577	-32.47921	SAX_LV_ENDOCARDIAL	3	1.0	3
13.03606	-6.49578	-34.19605	SAX_LV_ENDOCARDIAL	3	1.0	3
10.80837	-6.49578	-35.91290	SAX_LV_ENDOCARDIAL	3	1.0	3
8.58068	-6.49578	-37.62974	SAX_LV_ENDOCARDIAL	3	1.0	3
4.38332	-17.54346	-29.87975	RV_INSERT	3	1.0	3
-12.56726	16.70432	-76.99630	RV_INSERT	3	1.0	3
-34.92078	-32.91358	-73.33196	SAX_RV_FREEWALL	4	1.0	3
-36.61735	-31.80881	-75.73796	SAX_RV_FREEWALL	4	1.0	3
-38.31392	-30.70405	-78.14397	SAX_RV_FREEWALL	4	1.0	3
-40.01048	-29.59928	-80.54997	SAX_RV_FREEWALL	4	1.0	3
-41.17593	-27.38975	-83.64513	SAX_RV_FREEWALL	4	1.0	3
-41.22753	-25.18021	-85.88186	SAX_RV_FREEWALL	4	1.0	3
-42.39298	-22.97068	-88.97702	SAX_RV_FREEWALL	4	1.0	3
-42.44458	-20.76114	-91.21376	SAX_RV_FREEWALL	4	1.0	3
-41.38234	-18.55161	-92.59207	SAX_RV_FREEWALL	4	1.0	3
-40.32010	-16.34207	-93.97039	SAX_RV_FREEWALL	4	1.0	3
-38.14401	-14.13253	-94.49028	SAX_RV_FREEWALL	4	1.0	3
-35.96792	-11.92299	-95.01017	SAX_RV_FREEWALL	4	1.0	3
-32.67799	-9.71346	-94.67164	SAX_RV_FREEWALL	4	1.0	3
-29.38806	-7.50392	-94.33310	SAX_RV_FREEWALL	4	1.0	3
-27.21198	-5.29438	-94.85299	SAX_RV_FREEWALL	4	1.0	3
-23.92205	-3.08484	-94.51446	SAX_RV_FREEWALL	4	1.0	3
-21.16324	-1.98007	-93.48677	SAX_RV_FREEWALL	4	1.0	3
-17.87331	0.22947	-93.14824	SAX_RV_FREEWALL	4	1.0	3
-15.11450	1.33424	-92.12055	SAX_RV_FREEWALL	4	1.0	3
-11.82457	3.54378	-91.78202	SAX_RV_FREEWALL	4	1.0	3
-9.06576	4.64855	-90.75433	SAX_RV_FREEWALL	4	1.0	3
-6.30695	5.75332	-89.72664	SAX_RV_FREEWALL	4	1.0	3
-3.54814	6.85809	-88.69895	SAX_RV_FREEWALL	4	1.0	3
-1.32045	6.85809	-86.98211	SAX_RV_FREEWALL	4	1.0	3
3.85736	-24.07540	-52.23411	SAX_RV_FREEWALL	4	1.0	3
1.09855	-25.18017	-53.26180	SAX_RV_FREEWALL	4	1.0	3
-1.66026	-26.28494	-54.28949	SAX_RV_FREEWALL	4	1.0	3
-4.41907	-27.38971	-55.31718	SAX_RV_FREEWALL	4	1.0	3
-6.64676	-27.38971	-57.03402	SAX_RV_FREEWALL	4	1.0	3
-8.87445	-27.38972	-58.75087	SAX_RV_FREEWALL	4	1.0	3
-11.63326	-28.49449	-59.77856	SAX_RV_FREEWALL	4	1.0	3
-14.39207	-29.59926	-60.80624	SAX_RV_FREEWALL	4	1.0	3
-17.15088	-30.70403	-61.83393	SAX_RV_FREEWALL	4	1.0	3
-19.37856	-30.70403	-63.55078	SAX_RV_FREEWALL	4	1.0	3
-22.13737	-31.80880	-64.57847	SAX_RV_FREEWALL	4	1.0	3
-24.89618	-32.91357	-65.60616	SAX_RV_FREEWALL	4	1.0	3
-27.12387	-32.91357	-67.32300	SAX_RV_FREEWALL	4	1.0	3
-29.35156	-32.91358	-69.03985	SAX_RV_FREEWALL	4	1.0	3
-31.57925	-32.91358	-70.75669	SAX_RV_FREEWALL	4	1.0	3
-33.80694	-32.91358	-72.47354	SAX_RV_FREEWALL	4	1.0	3
-32.05877	-36.22788	-67.83080	SAX_RV_EPICARDIAL	4	1.0	3
-33.75533	-35.12312	-70.23680	SAX_RV_EPICARDIAL	4	1.0	3
-35.98302	-35.12312	-71.95365	SAX_RV_EPICARDIAL	4	1.0	3
-38.21071	-35.12312	-73.67049	SAX_RV_EPICARDIAL	4	1.0	3
-39.90728	-34.01835	-76.07650	SAX_RV_EPICARDIAL	4	1.0	3
-41.60385	-32.91359	-78.48250	SAX_RV_EPICARDIAL	4	1.0	3
-42.76929	-30.70405	-81.57766	SAX_RV_EPICARDIAL	4	1.0	3
-43.93474	-28.49452	-84.67282	SAX_RV_EPICARDIAL	4	1.0	3
-43.98634	-26.28498	-86.90955	SAX_RV_EPICARDIAL	4	1.0	3
-45.15179	-24.07545	-90.00471	SAX_RV_EPICARDIAL	4	1.0	3
-44.08955	-21.86591	-91.38303	SAX_RV_EPICARDIAL	4	1.0	3
-44.14115	-19.65638	-93.61976	SAX_RV_EPICARDIAL	4	1.0	3
-43.07891	-17.44684	-94.99808	SAX_RV_EPICARDIAL	4	1.0	3
-42.01666	-15.23730	-96.37639	SAX_RV_EPICARDIAL	4	1.0	3
-39.84058	-13.02777	-96.89628	SAX_RV_EPICARDIAL	4	1.0	3
-36.55065	-10.81823	-96.55775	SAX_RV_EPICARDIAL	4	1.0	3
-34.37456	-8.60869	-97.07764	SAX_RV_EPICARDIAL	4	1.0	3
-31.08463	-6.39915	-96.73911	SAX_RV_EPICARDIAL	4	1.0	3
-28.90855	-4.18961	-97.25900	SAX_RV_EPICARDIAL	4	1.0	3
-26.73246	-1.98008	-97.77889	SAX_RV_EPICARDIAL	4	1.0	3
-23.97365	-0.87531	-96.75120	SAX_RV_EPICARDIAL	4	1.0	3
-20.68372	1.33423	-96.41267	SAX_RV_EPICARDIAL	4	1.0	3
-17.92491	2.43900	-95.38498	SAX_RV_EPICARDIAL	4	1.0	3
-14.63498	4.64854	-95.04644	SAX_RV_EPICARDIAL	4	1.0	3
-11.87617	5.75331	-94.01876	SAX_RV_EPICARDIAL	4	1.0	3
-9.11736	6.85808	-92.99107	SAX_RV_EPICARDIAL	4	1.0	3
-6.35855	7.96285	-91.96338	SAX_RV_EPICARDIAL	4	1.0	3
-3.59974	9.06762	-90.93569	SAX_RV_EPICARDIAL	4	1.0	3
-0.84093	10.17240	-89.90800	SAX_RV_EPICARDIAL	4	1.0	3
1.91788	11.27717	-88.88031	SAX_RV_EPICARDIAL	4	1.0	3
1.43836	7.96286	-85.95442	SAX_RV_EPICARDIAL	4	1.0	3
7.14729	-21.86586	-51.89558	SAX_RV_EPICARDIAL	4	1.0	3
7.78161	-25.18016	-48.11126	SAX_RV_EPICARDIAL	4	1.0	3
5.02280	-26.28493	-49.13895	SAX_RV_EPICARDIAL	4	1.0	3
2.26400	-27.38971	-50.16664	SAX_RV_EPICARDIAL	4	1.0	3
-0.49481	-28.49448	-51.19433	SAX_RV_EPICARDIAL	4	1.0	3
-2.72250	-28.49448	-52.91117	SAX_RV_EPICARDIAL	4	1.0	3
-5.48131	-29.59925	-53.93886	SAX_RV_EPICARDIAL	4	1.0	3
-7.70900	-29.59925	-55.65571	SAX_RV_EPICARDIAL	4	1.0	3
-10.46781	-30.70402	-56.68340	SAX_RV_EPICARDIAL	4	1.0	3
-13.22662	-31.80879	-57.71109	SAX_RV_EPICARDIAL	4	1.0	3
-15.45431	-31.80879	-59.42793	SAX_RV_EPICARDIAL	4	1.0	3
-18.21312	-32.91356	-60.45562	SAX_RV_EPICARDIAL	4	1.0	3
-20.97193	-34.01833	-61.48331	SAX_RV_EPICARDIAL	4	1.0	3
-23.73074	-35.12311	-62.51100	SAX_RV_EPICARDIAL	4	1.0	3
-25.95842	-35.12311	-64.22784	SAX_RV_EPICARDIAL	4	1.0	3
-28.18611	-35.12311	-65.94469	SAX_RV_EPICARDIAL	4	1.0	3
-30.94492	-36.22788	-66.97238	SAX_RV_EPICARDIAL	4	1.0	3
0.90724	6.85809	-85.26526	SAX_RV_SEPTUM	4	1.0	3
-0.15501	4.64856	-83.88695	SAX_RV_SEPTUM	4	1.0	3
-1.21725	2.43902	-82.50864	SAX_RV_SEPTUM	4	1.0	3
-2.27949	0.22948	-81.13032	SAX_RV_SEPTUM	4	1.0	3
-3.34173	-1.98005	-79.75201	SAX_RV_SEPTUM	4	1.0	3
-4.40397	-4.18959	-78.37369	SAX_RV_SEPTUM	4	1.0	3
-4.35237	-6.39912	-76.13696	SAX_RV_SEPTUM	4	1.0	3
-4.30077	-8.60866	-73.90022	SAX_RV_SEPTUM	4	1.0	3
-4.24917	-10.81820	-71.66349	SAX_RV_SEPTUM	4	1.0	3
-3.08372	-13.02773	-68.56833	SAX_RV_SEPTUM	4	1.0	3
-1.91827	-15.23726	-65.47317	SAX_RV_SEPTUM	4	1.0	3
-0.75283	-17.44680	-62.37801	SAX_RV_SEPTUM	4	1.0	3
0.94374	-18.55156	-59.97201	SAX_RV_SEPTUM	4	1.0	3
2.64031	-19.65633	-57.56600	SAX_RV_SEPTUM	4	1.0	3
4.33688	-20.76110	-55.16000	SAX_RV_SEPTUM	4	1.0	3
6.03344	-21.86586	-52.75400	SAX_RV_SEPTUM	4	1.0	3
6.61617	-22.97063	-51.20642	SAX_RV_SEPTUM	4	1.0	3
9.95770	-22.97063	-48.63115	SAX_LV_EPICARDIAL	4	1.0	3
3.61444	10.17240	-86.47431	SAX_LV_EPICARDIAL	4	1.0	3
5.79053	12.38194	-86.99420	SAX_LV_EPICARDIAL	4	1.0	3
6.85277	14.59147	-88.37251	SAX_LV_EPICARDIAL	4	1.0	3
10.14270	16.80101	-88.03398	SAX_LV_EPICARDIAL	4	1.0	3
12.31879	19.01055	-88.55387	SAX_LV_EPICARDIAL	4	1.0	3
15.60872	21.22009	-88.21534	SAX_LV_EPICARDIAL	4	1.0	3
18.89865	23.42963	-87.87681	SAX_LV_EPICARDIAL	4	1.0	3
22.18858	25.63917	-87.53828	SAX_LV_EPICARDIAL	4	1.0	3
24.94739	26.74394	-86.51059	SAX_LV_EPICARDIAL	4	1.0	3
27.70620	27.84871	-85.48290	SAX_LV_EPICARDIAL	4	1.0	3
30.46501	28.95348	-84.45521	SAX_LV_EPICARDIAL	4	1.0	3
32.69270	28.95348	-82.73836	SAX_LV_EPICARDIAL	4	1.0	3
35.45151	30.05825	-81.71067	SAX_LV_EPICARDIAL	4	1.0	3
37.67919	30.05825	-79.99383	SAX_LV_EPICARDIAL	4	1.0	3
39.90688	30.05826	-78.27698	SAX_LV_EPICARDIAL	4	1.0	3
41.60345	28.95349	-75.87098	SAX_LV_EPICARDIAL	4	1.0	3
43.83114	28.95349	-74.15413	SAX_LV_EPICARDIAL	4	1.0	3
45.52771	27.84873	-71.74813	SAX_LV_EPICARDIAL	4	1.0	3
47.22427	26.74396	-69.34213	SAX_LV_EPICARDIAL	4	1.0	3
48.92084	25.63919	-66.93613	SAX_LV_EPICARDIAL	4	1.0	3
50.61741	24.53443	-64.53013	SAX_LV_EPICARDIAL	4	1.0	3
52.31398	23.42966	-62.12412	SAX_LV_EPICARDIAL	4	1.0	3
53.47942	21.22013	-59.02896	SAX_LV_EPICARDIAL	4	1.0	3
53.53102	19.01059	-56.79223	SAX_LV_EPICARDIAL	4	1.0	3
53.58263	16.80106	-54.55549	SAX_LV_EPICARDIAL	4	1.0	3
53.63423	14.59152	-52.31876	SAX_LV_EPICARDIAL	4	1.0	3
53.68583	12.38199	-50.08202	SAX_LV_EPICARDIAL	4	1.0	3
52.62359	10.17245	-48.70371	SAX_LV_EPICARDIAL	4	1.0	3
52.67519	7.96291	-46.46697	SAX_LV_EPICARDIAL	4	1.0	3
51.61295	5.75338	-45.08866	SAX_LV_EPICARDIAL	4	1.0	3
50.55071	3.54384	-43.71034	SAX_LV_EPICARDIAL	4	1.0	3
49.48847	1.33430	-42.33203	SAX_LV_EPICARDIAL	4	1.0	3
48.42622	-0.87523	-40.95372	SAX_LV_EPICARDIAL	4	1.0	3
46.25014	-3.08477	-40.43382	SAX_LV_EPICARDIAL	4	1.0	3
45.18790	-5.29431	-39.05551	SAX_LV_EPICARDIAL	4	1.0	3
43.01181	-7.50385	-38.53562	SAX_LV_EPICARDIAL	4	1.0	3
40.83572	-9.71338	-38.01573	SAX_LV_EPICARDIAL	4	1.0	3
38.65964	-11.92292	-37.49584	SAX_LV_EPICARDIAL	4	1.0	3
36.48355	-14.13246	-36.97595	SAX_LV_EPICARDIAL	4	1.0	3
33.19362	-16.34200	-37.31448	SAX_LV_EPICARDIAL	4	1.0	3
30.43481	-17.44677	-38.34217	SAX_LV_EPICARDIAL	4	1.0	3
27.14488	-19.65631	-38.68070	SAX_LV_EPICARDIAL	4	1.0	3
24.38607	-20.76108	-39.70839	SAX_LV_EPICARDIAL	4	1.0	3
21.62726	-21.86585	-40.73608	SAX_LV_EPICARDIAL	4	1.0	3
19.39957	-21.86585	-42.45293	SAX_LV_EPICARDIAL	4	1.0	3
16.64077	-22.97062	-43.48061	SAX_LV_EPICARDIAL	4	1.0	3
14.41308	-22.97062	-45.19746	SAX_LV_EPICARDIAL	4	1.0	3
12.18539	-22.97062	-46.91431	SAX_LV_EPICARDIAL	4	1.0	3
14.78939	-15.23725	-52.59683	SAX_LV_ENDOCARDIAL	4	1.0	3
13.09282	-14.13248	-55.00283	SAX_LV_ENDOCARDIAL	4	1.0	3
11.39626	-13.02772	-57.40883	SAX_LV_ENDOCARDIAL	4	1.0	3
9.16857	-13.02772	-59.12568	SAX_LV_ENDOCARDIAL	4	1.0	3
8.00312	-10.81818	-62.22083	SAX_LV_ENDOCARDIAL	4	1.0	3
6.30655	-9.71342	-64.62684	SAX_LV_ENDOCARDIAL	4	1.0	3
5.14111	-7.50388	-67.72200	SAX_LV_ENDOCARDIAL	4	1.0	3
5.08950	-5.29435	-69.95873	SAX_LV_ENDOCARDIAL	4	1.0	3
5.03790	-3.08481	-72.19547	SAX_LV_ENDOCARDIAL	4	1.0	3
4.98630	-0.87528	-74.43221	SAX_LV_ENDOCARDIAL	4	1.0	3
6.04854	1.33426	-75.81052	SAX_LV_ENDOCARDIAL	4	1.0	3
5.99694	3.54380	-78.04725	SAX_LV_ENDOCARDIAL	4	1.0	3
7.05918	5.75333	-79.42557	SAX_LV_ENDOCARDIAL	4	1.0	3
9.23527	7.96287	-79.94546	SAX_LV_ENDOCARDIAL	4	1.0	3
10.29751	10.17241	-81.32377	SAX_LV_ENDOCARDIAL	4	1.0	3
12.47360	12.38194	-81.84366	SAX_LV_ENDOCARDIAL	4	1.0	3
14.64968	14.59148	-82.36355	SAX_LV_ENDOCARDIAL	4	1.0	3
16.82577	16.80102	-82.88344	SAX_LV_ENDOCARDIAL	4	1.0	3
19.00185	19.01056	-83.40333	SAX_LV_ENDOCARDIAL	4	1.0	3
21.76066	20.11533	-82.37565	SAX_LV_ENDOCARDIAL	4	1.0	3
24.51947	21.22010	-81.34796	SAX_LV_ENDOCARDIAL	4	1.0	3
27.27828	22.32487	-80.32027	SAX_LV_ENDOCARDIAL	4	1.0	3
29.50597	22.32487	-78.60342	SAX_LV_ENDOCARDIAL	4	1.0	3
32.26478	23.42964	-77.57573	SAX_LV_ENDOCARDIAL	4	1.0	3
34.49247	23.42964	-75.85889	SAX_LV_ENDOCARDIAL	4	1.0	3
36.72016	23.42965	-74.14204	SAX_LV_ENDOCARDIAL	4	1.0	3
38.94784	23.42965	-72.42520	SAX_LV_ENDOCARDIAL	4	1.0	3
41.17553	23.42965	-70.70835	SAX_LV_ENDOCARDIAL	4	1.0	3
42.87210	22.32488	-68.30235	SAX_LV_ENDOCARDIAL	4	1.0	3
44.56867	21.22012	-65.89635	SAX_LV_ENDOCARDIAL	4	1.0	3
46.26524	20.11535	-63.49034	SAX_LV_ENDOCARDIAL	4	1.0	3
47.43068	17.90582	-60.39518	SAX_LV_ENDOCARDIAL	4	1.0	3
47.48228	15.69628	-58.15845	SAX_LV_ENDOCARDIAL	4	1.0	3
47.53389	13.48675	-55.92171	SAX_LV_ENDOCARDIAL	4	1.0	3
47.58549	11.27721	-53.68498	SAX_LV_ENDOCARDIAL	4	1.0	3
47.63709	9.06768	-51.44824	SAX_LV_ENDOCARDIAL	4	1.0	3
46.57485	6.85814	-50.06993	SAX_LV_ENDOCARDIAL	4	1.0	3
45.51261	4.64860	-48.69161	SAX_LV_ENDOCARDIAL	4	1.0	3
44.45037	2.43907	-47.31330	SAX_LV_ENDOCARDIAL	4	1.0	3
42.27428	0.22953	-46.79341	SAX_LV_ENDOCARDIAL	4	1.0	3
41.21204	-1.98001	-45.41510	SAX_LV_ENDOCARDIAL	4	1.0	3
39.03595	-4.18955	-44.89520	SAX_LV_ENDOCARDIAL	4	1.0	3
35.74602	-6.39908	-45.23374	SAX_LV_ENDOCARDIAL	4	1.0	3
33.56994	-8.60862	-44.71385	SAX_LV_ENDOCARDIAL	4	1.0	3
31.39385	-10.81816	-44.19396	SAX_LV_ENDOCARDIAL	4	1.0	3
28.63504	-11.92293	-45.22164	SAX_LV_ENDOCARDIAL	4	1.0	3
25.87623	-13.02770	-46.24933	SAX_LV_ENDOCARDIAL	4	1.0	3
23.11742	-14.13247	-47.27702	SAX_LV_ENDOCARDIAL	4	1.0	3
20.35861	-15.23724	-48.30471	SAX_LV_ENDOCARDIAL	4	1.0	3
18.13092	-15.23724	-50.02156	SAX_LV_ENDOCARDIAL	4	1.0	3
15.90324	-15.23725	-51.73840	SAX_LV_ENDOCARDIAL	4	1.0	3
-1.32045	6.85809	-86.98211	RV_INSERT	4	1.0	3
6.61617	-22.97063	-51.20642	RV_INSERT	4	1.0	3
-10.61745	-29.50258	-86.43762	SAX_RV_FREEWALL	5	1.0	3
-12.31402	-28.39782	-88.84362	SAX_RV_FREEWALL	5	1.0	3
-14.54171	-28.39782	-90.56046	SAX_RV_FREEWALL	5	1.0	3
-16.23828	-27.29305	-92.96647	SAX_RV_FREEWALL	5	1.0	3
-17.93485	-26.18829	-95.37247	SAX_RV_FREEWALL	5	1.0	3
-16.87260	-23.97875	-96.75078	SAX_RV_FREEWALL	5	1.0	3
-15.81036	-21.76922	-98.12910	SAX_RV_FREEWALL	5	1.0	3
-13.63428	-19.55968	-98.64899	SAX_RV_FREEWALL	5	1.0	3
-11.45819	-17.35014	-99.16888	SAX_RV_FREEWALL	5	1.0	3
-9.28210	-15.14060	-99.68877	SAX_RV_FREEWALL	5	1.0	3
-5.99217	-12.93106	-99.35024	SAX_RV_FREEWALL	5	1.0	3
-2.70224	-10.72152	-99.01170	SAX_RV_FREEWALL	5	1.0	3
0.58769	-8.51199	-98.67317	SAX_RV_FREEWALL	5	1.0	3
3.34650	-7.40722	-97.64548	SAX_RV_FREEWALL	5	1.0	3
6.63643	-5.19768	-97.30695	SAX_RV_FREEWALL	5	1.0	3
9.39524	-4.09291	-96.27926	SAX_RV_FREEWALL	5	1.0	3
12.15405	-2.98814	-95.25157	SAX_RV_FREEWALL	5	1.0	3
9.85966	-23.97873	-76.14864	SAX_RV_FREEWALL	5	1.0	3
7.63197	-23.97873	-77.86548	SAX_RV_FREEWALL	5	1.0	3
5.40428	-23.97873	-79.58233	SAX_RV_FREEWALL	5	1.0	3
2.64547	-25.08350	-80.61002	SAX_RV_FREEWALL	5	1.0	3
0.41778	-25.08350	-82.32686	SAX_RV_FREEWALL	5	1.0	3
-2.34103	-26.18827	-83.35455	SAX_RV_FREEWALL	5	1.0	3
-5.09984	-27.29304	-84.38224	SAX_RV_FREEWALL	5	1.0	3
-7.85864	-28.39781	-85.40993	SAX_RV_FREEWALL	5	1.0	3
-16.66619	-32.81689	-87.80384	SAX_RV_EPICARDIAL	5	1.0	3
-18.36276	-31.71213	-90.20984	SAX_RV_EPICARDIAL	5	1.0	3
-20.05933	-30.60736	-92.61584	SAX_RV_EPICARDIAL	5	1.0	3
-21.75590	-29.50260	-95.02185	SAX_RV_EPICARDIAL	5	1.0	3
-21.80750	-27.29306	-97.25858	SAX_RV_EPICARDIAL	5	1.0	3
-20.74526	-25.08352	-98.63689	SAX_RV_EPICARDIAL	5	1.0	3
-19.68301	-22.87399	-100.01521	SAX_RV_EPICARDIAL	5	1.0	3
-17.50693	-20.66445	-100.53510	SAX_RV_EPICARDIAL	5	1.0	3
-15.33084	-18.45491	-101.05499	SAX_RV_EPICARDIAL	5	1.0	3
-13.15476	-16.24537	-101.57488	SAX_RV_EPICARDIAL	5	1.0	3
-10.97867	-14.03584	-102.09477	SAX_RV_EPICARDIAL	5	1.0	3
-7.68874	-11.82630	-101.75624	SAX_RV_EPICARDIAL	5	1.0	3
-4.39881	-9.61676	-101.41771	SAX_RV_EPICARDIAL	5	1.0	3
-1.10888	-7.40722	-101.07917	SAX_RV_EPICARDIAL	5	1.0	3
1.64993	-6.30245	-100.05149	SAX_RV_EPICARDIAL	5	1.0	3
4.93986	-4.09291	-99.71295	SAX_RV_EPICARDIAL	5	1.0	3
7.69867	-2.98814	-98.68526	SAX_RV_EPICARDIAL	5	1.0	3
10.45748	-1.88337	-97.65758	SAX_RV_EPICARDIAL	5	1.0	3
12.68517	-1.88337	-95.94073	SAX_RV_EPICARDIAL	5	1.0	3
15.44398	-0.77860	-94.91304	SAX_RV_EPICARDIAL	5	1.0	3
14.31503	-23.97872	-72.71494	SAX_RV_EPICARDIAL	5	1.0	3
12.13895	-26.18826	-72.19505	SAX_RV_EPICARDIAL	5	1.0	3
9.91126	-26.18826	-73.91190	SAX_RV_EPICARDIAL	5	1.0	3
7.15245	-27.29303	-74.93959	SAX_RV_EPICARDIAL	5	1.0	3
4.92476	-27.29303	-76.65643	SAX_RV_EPICARDIAL	5	1.0	3
2.69707	-27.29304	-78.37328	SAX_RV_EPICARDIAL	5	1.0	3
-0.06174	-28.39781	-79.40097	SAX_RV_EPICARDIAL	5	1.0	3
-2.82054	-29.50258	-80.42866	SAX_RV_EPICARDIAL	5	1.0	3
-5.57935	-30.60735	-81.45635	SAX_RV_EPICARDIAL	5	1.0	3
-8.33816	-31.71212	-82.48404	SAX_RV_EPICARDIAL	5	1.0	3
-10.56585	-31.71212	-84.20088	SAX_RV_EPICARDIAL	5	1.0	3
-12.79354	-31.71212	-85.91773	SAX_RV_EPICARDIAL	5	1.0	3
-15.55235	-32.81689	-86.94542	SAX_RV_EPICARDIAL	5	1.0	3
14.38173	-2.98813	-93.53473	SAX_RV_SEPTUM	5	1.0	3
14.43334	-5.19767	-91.29799	SAX_RV_SEPTUM	5	1.0	3
13.37110	-7.40721	-89.91968	SAX_RV_SEPTUM	5	1.0	3
12.30885	-9.61674	-88.54136	SAX_RV_SEPTUM	5	1.0	3
11.24661	-11.82628	-87.16305	SAX_RV_SEPTUM	5	1.0	3
11.29821	-14.03581	-84.92631	SAX_RV_SEPTUM	5	1.0	3
11.34982	-16.24535	-82.68958	SAX_RV_SEPTUM	5	1.0	3
11.40142	-18.45488	-80.45284	SAX_RV_SEPTUM	5	1.0	3
12.56686	-20.66442	-77.35768	SAX_RV_SEPTUM	5	1.0	3
13.73231	-22.87395	-74.26252	SAX_RV_SEPTUM	5	1.0	3
12.08735	-23.97872	-74.43179	SAX_RV_SEPTUM	5	1.0	3
19.93586	-26.18825	-66.18609	SAX_LV_EPICARDIAL	5	1.0	3
18.23929	-25.08348	-68.59210	SAX_LV_EPICARDIAL	5	1.0	3
16.01160	-25.08349	-70.30894	SAX_LV_EPICARDIAL	5	1.0	3
18.78551	-0.77859	-92.33777	SAX_LV_EPICARDIAL	5	1.0	3
20.96160	1.43094	-92.85766	SAX_LV_EPICARDIAL	5	1.0	3
23.13768	3.64048	-93.37755	SAX_LV_EPICARDIAL	5	1.0	3
26.42761	5.85002	-93.03902	SAX_LV_EPICARDIAL	5	1.0	3
29.71754	8.05956	-92.70049	SAX_LV_EPICARDIAL	5	1.0	3
32.47635	9.16433	-91.67280	SAX_LV_EPICARDIAL	5	1.0	3
35.23516	10.26910	-90.64511	SAX_LV_EPICARDIAL	5	1.0	3
37.46285	10.26910	-88.92827	SAX_LV_EPICARDIAL	5	1.0	3
39.69054	10.26910	-87.21142	SAX_LV_EPICARDIAL	5	1.0	3
42.44935	11.37388	-86.18373	SAX_LV_EPICARDIAL	5	1.0	3
44.14591	10.26911	-83.77773	SAX_LV_EPICARDIAL	5	1.0	3
46.37360	10.26911	-82.06088	SAX_LV_EPICARDIAL	5	1.0	3
48.60129	10.26911	-80.34404	SAX_LV_EPICARDIAL	5	1.0	3
50.29786	9.16435	-77.93804	SAX_LV_EPICARDIAL	5	1.0	3
51.99443	8.05958	-75.53203	SAX_LV_EPICARDIAL	5	1.0	3
53.69099	6.95482	-73.12603	SAX_LV_EPICARDIAL	5	1.0	3
54.85644	4.74528	-70.03087	SAX_LV_EPICARDIAL	5	1.0	3
54.90804	2.53575	-67.79414	SAX_LV_EPICARDIAL	5	1.0	3
54.95965	0.32621	-65.55740	SAX_LV_EPICARDIAL	5	1.0	3
55.01125	-1.88333	-63.32066	SAX_LV_EPICARDIAL	5	1.0	3
53.94901	-4.09286	-61.94235	SAX_LV_EPICARDIAL	5	1.0	3
52.88676	-6.30240	-60.56404	SAX_LV_EPICARDIAL	5	1.0	3
51.82452	-8.51193	-59.18572	SAX_LV_EPICARDIAL	5	1.0	3
50.76228	-10.72147	-57.80741	SAX_LV_EPICARDIAL	5	1.0	3
48.58619	-12.93101	-57.28752	SAX_LV_EPICARDIAL	5	1.0	3
47.52395	-15.14055	-55.90920	SAX_LV_EPICARDIAL	5	1.0	3
45.34787	-17.35008	-55.38931	SAX_LV_EPICARDIAL	5	1.0	3
42.05794	-19.55962	-55.72785	SAX_LV_EPICARDIAL	5	1.0	3
38.76801	-21.76916	-56.06638	SAX_LV_EPICARDIAL	5	1.0	3
35.47808	-23.97870	-56.40491	SAX_LV_EPICARDIAL	5	1.0	3
32.71927	-25.08347	-57.43260	SAX_LV_EPICARDIAL	5	1.0	3
30.49158	-25.08347	-59.14945	SAX_LV_EPICARDIAL	5	1.0	3
27.73277	-26.18824	-60.17713	SAX_LV_EPICARDIAL	5	1.0	3
25.50508	-26.18825	-61.89398	SAX_LV_EPICARDIAL	5	1.0	3
23.27739	-26.18825	-63.61083	SAX_LV_EPICARDIAL	5	1.0	3
21.04970	-26.18825	-65.32767	SAX_LV_EPICARDIAL	5	1.0	3
23.12258	-19.55964	-70.32103	SAX_LV_ENDOCARDIAL	5	1.0	3
21.95714	-17.35011	-73.41619	SAX_LV_ENDOCARDIAL	5	1.0	3
20.26057	-16.24534	-75.82220	SAX_LV_ENDOCARDIAL	5	1.0	3
19.09512	-14.03581	-78.91735	SAX_LV_ENDOCARDIAL	5	1.0	3
19.04352	-11.82627	-81.15409	SAX_LV_ENDOCARDIAL	5	1.0	3
18.99192	-9.61674	-83.39083	SAX_LV_ENDOCARDIAL	5	1.0	3
20.05416	-7.40720	-84.76914	SAX_LV_ENDOCARDIAL	5	1.0	3
21.11640	-5.19766	-86.14745	SAX_LV_ENDOCARDIAL	5	1.0	3
22.17864	-2.98813	-87.52577	SAX_LV_ENDOCARDIAL	5	1.0	3
24.35473	-0.77859	-88.04566	SAX_LV_ENDOCARDIAL	5	1.0	3
27.64466	1.43095	-87.70713	SAX_LV_ENDOCARDIAL	5	1.0	3
30.40347	2.53572	-86.67944	SAX_LV_ENDOCARDIAL	5	1.0	3
33.16228	3.64049	-85.65175	SAX_LV_ENDOCARDIAL	5	1.0	3
35.92109	4.74526	-84.62406	SAX_LV_ENDOCARDIAL	5	1.0	3
38.14878	4.74526	-82.90721	SAX_LV_ENDOCARDIAL	5	1.0	3
40.37647	4.74527	-81.19037	SAX_LV_ENDOCARDIAL	5	1.0	3
42.60415	4.74527	-79.47352	SAX_LV_ENDOCARDIAL	5	1.0	3
44.30072	3.64050	-77.06752	SAX_LV_ENDOCARDIAL	5	1.0	3
45.99729	2.53574	-74.66152	SAX_LV_ENDOCARDIAL	5	1.0	3
47.69386	1.43097	-72.25552	SAX_LV_ENDOCARDIAL	5	1.0	3
47.74546	-0.77856	-70.01878	SAX_LV_ENDOCARDIAL	5	1.0	3
47.79706	-2.98810	-67.78204	SAX_LV_ENDOCARDIAL	5	1.0	3
46.73482	-5.19764	-66.40373	SAX_LV_ENDOCARDIAL	5	1.0	3
45.67258	-7.40717	-65.02542	SAX_LV_ENDOCARDIAL	5	1.0	3
44.61034	-9.61671	-63.64710	SAX_LV_ENDOCARDIAL	5	1.0	3
42.43425	-11.82625	-63.12721	SAX_LV_ENDOCARDIAL	5	1.0	3
40.25816	-14.03579	-62.60732	SAX_LV_ENDOCARDIAL	5	1.0	3
36.96823	-16.24532	-62.94585	SAX_LV_ENDOCARDIAL	5	1.0	3
33.67830	-18.45486	-63.28439	SAX_LV_ENDOCARDIAL	5	1.0	3
30.91949	-19.55963	-64.31207	SAX_LV_ENDOCARDIAL	5	1.0	3
28.69181	-19.55964	-66.02892	SAX_LV_ENDOCARDIAL	5	1.0	3
26.46412	-19.55964	-67.74577	SAX_LV_ENDOCARDIAL	5	1.0	3
24.23643	-19.55964	-69.46261	SAX_LV_ENDOCARDIAL	5	1.0	3
14.38173	-2.98813	-93.53473	RV_INSERT	5	1.0	3
12.08735	-23.97872	-74.43179	RV_INSERT	5	1.0	3
10.92806	-27.19736	-100.57096	SAX_RV_FREEWALL	6	1.0	3
9.23149	-26.09259	-102.97696	SAX_RV_FREEWALL	6	1.0	3
9.17989	-23.88306	-105.21370	SAX_RV_FREEWALL	6	1.0	3
9.12829	-21.67352	-107.45044	SAX_RV_FREEWALL	6	1.0	3
11.30438	-19.46398	-107.97033	SAX_RV_FREEWALL	6	1.0	3
12.94934	-18.35921	-107.80106	SAX_RV_FREEWALL	6	1.0	3
16.23927	-16.14968	-107.46253	SAX_RV_FREEWALL	6	1.0	3
18.99808	-15.04490	-106.43484	SAX_RV_FREEWALL	6	1.0	3
21.22577	-15.04490	-104.71799	SAX_RV_FREEWALL	6	1.0	3
19.25609	-26.09258	-95.25116	SAX_RV_FREEWALL	6	1.0	3
16.49728	-27.19735	-96.27885	SAX_RV_FREEWALL	6	1.0	3
14.26960	-27.19735	-97.99569	SAX_RV_FREEWALL	6	1.0	3
12.04191	-27.19736	-99.71254	SAX_RV_FREEWALL	6	1.0	3
9.86582	-29.40689	-99.19265	SAX_RV_EPICARDIAL	6	1.0	3
8.16925	-28.30213	-101.59865	SAX_RV_EPICARDIAL	6	1.0	3
6.47269	-27.19736	-104.00465	SAX_RV_EPICARDIAL	6	1.0	3
5.30724	-24.98783	-107.09981	SAX_RV_EPICARDIAL	6	1.0	3
5.25564	-22.77829	-109.33655	SAX_RV_EPICARDIAL	6	1.0	3
7.43172	-20.56876	-109.85644	SAX_RV_EPICARDIAL	6	1.0	3
9.60781	-18.35922	-110.37633	SAX_RV_EPICARDIAL	6	1.0	3
11.25277	-17.25445	-110.20706	SAX_RV_EPICARDIAL	6	1.0	3
14.54270	-15.04491	-109.86853	SAX_RV_EPICARDIAL	6	1.0	3
17.30151	-13.94014	-108.84084	SAX_RV_EPICARDIAL	6	1.0	3
19.52920	-13.94014	-107.12400	SAX_RV_EPICARDIAL	6	1.0	3
21.75689	-13.94013	-105.40715	SAX_RV_EPICARDIAL	6	1.0	3
22.01490	-24.98781	-94.22347	SAX_RV_EPICARDIAL	6	1.0	3
22.06650	-27.19735	-91.98673	SAX_RV_EPICARDIAL	6	1.0	3
20.42154	-28.30212	-92.15600	SAX_RV_EPICARDIAL	6	1.0	3
18.19385	-28.30212	-93.87284	SAX_RV_EPICARDIAL	6	1.0	3
15.96616	-28.30212	-95.58969	SAX_RV_EPICARDIAL	6	1.0	3
13.20735	-29.40689	-96.61738	SAX_RV_EPICARDIAL	6	1.0	3
10.97966	-29.40689	-98.33422	SAX_RV_EPICARDIAL	6	1.0	3
24.51570	-12.83536	-104.37946	SAX_RV_SEPTUM	6	1.0	3
25.09842	-13.94013	-102.83188	SAX_RV_SEPTUM	6	1.0	3
22.92234	-16.14967	-102.31199	SAX_RV_SEPTUM	6	1.0	3
22.97394	-18.35920	-100.07525	SAX_RV_SEPTUM	6	1.0	3
21.91170	-20.56874	-98.69694	SAX_RV_SEPTUM	6	1.0	3
21.96330	-22.77828	-96.46021	SAX_RV_SEPTUM	6	1.0	3
22.01490	-24.98781	-94.22347	SAX_RV_SEPTUM	6	1.0	3
28.27005	-30.51164	-83.91030	SAX_LV_EPICARDIAL	6	1.0	3
26.57348	-29.40688	-86.31631	SAX_LV_EPICARDIAL	6	1.0	3
24.87692	-28.30211	-88.72231	SAX_LV_EPICARDIAL	6	1.0	3
30.56444	-9.52105	-103.01324	SAX_LV_EPICARDIAL	6	1.0	3
33.32325	-8.41628	-101.98555	SAX_LV_EPICARDIAL	6	1.0	3
36.08206	-7.31151	-100.95786	SAX_LV_EPICARDIAL	6	1.0	3
38.84087	-6.20674	-99.93017	SAX_LV_EPICARDIAL	6	1.0	3
41.06856	-6.20674	-98.21333	SAX_LV_EPICARDIAL	6	1.0	3
43.29624	-6.20674	-96.49648	SAX_LV_EPICARDIAL	6	1.0	3
45.52393	-6.20674	-94.77964	SAX_LV_EPICARDIAL	6	1.0	3
47.75162	-6.20673	-93.06279	SAX_LV_EPICARDIAL	6	1.0	3
49.44819	-7.31150	-90.65679	SAX_LV_EPICARDIAL	6	1.0	3
50.61364	-9.52103	-87.56163	SAX_LV_EPICARDIAL	6	1.0	3
50.66524	-11.73057	-85.32489	SAX_LV_EPICARDIAL	6	1.0	3
50.71684	-13.94011	-83.08816	SAX_LV_EPICARDIAL	6	1.0	3
49.65460	-16.14964	-81.70984	SAX_LV_EPICARDIAL	6	1.0	3
48.59236	-18.35918	-80.33153	SAX_LV_EPICARDIAL	6	1.0	3
47.53011	-20.56872	-78.95322	SAX_LV_EPICARDIAL	6	1.0	3
46.46787	-22.77825	-77.57490	SAX_LV_EPICARDIAL	6	1.0	3
44.29179	-24.98779	-77.05501	SAX_LV_EPICARDIAL	6	1.0	3
42.11570	-27.19733	-76.53512	SAX_LV_EPICARDIAL	6	1.0	3
39.35689	-28.30210	-77.56281	SAX_LV_EPICARDIAL	6	1.0	3
36.59808	-29.40687	-78.59050	SAX_LV_EPICARDIAL	6	1.0	3
33.83927	-30.51164	-79.61819	SAX_LV_EPICARDIAL	6	1.0	3
31.61158	-30.51164	-81.33503	SAX_LV_EPICARDIAL	6	1.0	3
29.38390	-30.51164	-83.05188	SAX_LV_EPICARDIAL	6	1.0	3
31.50838	-26.09257	-85.80851	SAX_LV_ENDOCARDIAL	6	1.0	3
29.81181	-24.98780	-88.21451	SAX_LV_ENDOCARDIAL	6	1.0	3
28.64637	-22.77827	-91.30967	SAX_LV_ENDOCARDIAL	6	1.0	3
28.59476	-20.56873	-93.54640	SAX_LV_ENDOCARDIAL	6	1.0	3
28.54316	-18.35920	-95.78314	SAX_LV_ENDOCARDIAL	6	1.0	3
29.60540	-16.14966	-97.16145	SAX_LV_ENDOCARDIAL	6	1.0	3
30.66764	-13.94013	-98.53977	SAX_LV_ENDOCARDIAL	6	1.0	3
33.95757	-11.73059	-98.20124	SAX_LV_ENDOCARDIAL	6	1.0	3
36.71638	-10.62582	-97.17355	SAX_LV_ENDOCARDIAL	6	1.0	3
39.47519	-9.52105	-96.14586	SAX_LV_ENDOCARDIAL	6	1.0	3
41.17176	-10.62581	-93.73986	SAX_LV_ENDOCARDIAL	6	1.0	3
43.39945	-10.62581	-92.02301	SAX_LV_ENDOCARDIAL	6	1.0	3
44.56490	-12.83534	-88.92785	SAX_LV_ENDOCARDIAL	6	1.0	3
44.61650	-15.04488	-86.69111	SAX_LV_ENDOCARDIAL	6	1.0	3
43.55426	-17.25442	-85.31280	SAX_LV_ENDOCARDIAL	6	1.0	3
43.60586	-19.46395	-83.07606	SAX_LV_ENDOCARDIAL	6	1.0	3
41.42977	-21.67349	-82.55617	SAX_LV_ENDOCARDIAL	6	1.0	3
39.25369	-23.88303	-82.03628	SAX_LV_ENDOCARDIAL	6	1.0	3
35.96376	-26.09257	-82.37482	SAX_LV_ENDOCARDIAL	6	1.0	3
33.73607	-26.09257	-84.09166	SAX_LV_ENDOCARDIAL	6	1.0	3
24.51570	-12.83536	-104.37946	RV_INSERT	6	1.0	3
19.25609	-26.09258	-95.25116	RV_INSERT	6	1.0	3
6.80742	21.52609	-22.73920	LAX_LV_ENDOCARDIAL	9	1.0	3
8.61021	19.35775	-24.13059	LAX_LV_ENDOCARDIAL	9	1.0	3
10.41300	17.18942	-25.52197	LAX_LV_ENDOCARDIAL	9	1.0	3
12.16074	14.98593	-25.50863	LAX_LV_ENDOCARDIAL	9	1.0	3
13.96354	12.81759	-26.90001	LAX_LV_ENDOCARDIAL	9	1.0	3
15.71128	10.61411	-26.88667	LAX_LV_ENDOCARDIAL	9	1.0	3
17.51407	8.44577	-28.27805	LAX_LV_ENDOCARDIAL	9	1.0	3
19.26182	6.24229	-28.26471	LAX_LV_ENDOCARDIAL	9	1.0	3
21.00957	4.03880	-28.25136	LAX_LV_ENDOCARDIAL	9	1.0	3
22.75731	1.83531	-28.23802	LAX_LV_ENDOCARDIAL	9	1.0	3
24.56010	-0.33302	-29.62940	LAX_LV_ENDOCARDIAL	9	1.0	3
26.36290	-2.50136	-31.02079	LAX_LV_ENDOCARDIAL	9	1.0	3
28.22073	-4.63454	-33.81691	LAX_LV_ENDOCARDIAL	9	1.0	3
29.20469	-5.66598	-36.61970	LAX_LV_ENDOCARDIAL	9	1.0	3
30.18866	-6.69742	-39.42250	LAX_LV_ENDOCARDIAL	9	1.0	3
31.17262	-7.72886	-42.22529	LAX_LV_ENDOCARDIAL	9	1.0	3
32.15658	-8.76030	-45.02808	LAX_LV_ENDOCARDIAL	9	1.0	3
33.14054	-9.79174	-47.83087	LAX_LV_ENDOCARDIAL	9	1.0	3
34.12451	-10.82318	-50.63366	LAX_LV_ENDOCARDIAL	9	1.0	3
35.98234	-12.95636	-53.42978	LAX_LV_ENDOCARDIAL	9	1.0	3
36.96630	-13.98780	-56.23258	LAX_LV_ENDOCARDIAL	9	1.0	3
37.07639	-13.91750	-59.04204	LAX_LV_ENDOCARDIAL	9	1.0	3
38.06035	-14.94894	-61.84483	LAX_LV_ENDOCARDIAL	9	1.0	3
39.04432	-15.98038	-64.64763	LAX_LV_ENDOCARDIAL	9	1.0	3
39.15441	-15.91007	-67.45709	LAX_LV_ENDOCARDIAL	9	1.0	3
40.13837	-16.94151	-70.25988	LAX_LV_ENDOCARDIAL	9	1.0	3
41.12233	-17.97295	-73.06268	LAX_LV_ENDOCARDIAL	9	1.0	3
42.10629	-19.00439	-75.86547	LAX_LV_ENDOCARDIAL	9	1.0	3
42.21638	-18.93409	-78.67493	LAX_LV_ENDOCARDIAL	9	1.0	3
42.32647	-18.86378	-81.48440	LAX_LV_ENDOCARDIAL	9	1.0	3
43.31043	-19.89522	-84.28719	LAX_LV_ENDOCARDIAL	9	1.0	3
42.54665	-18.72318	-87.10333	LAX_LV_ENDOCARDIAL	9	1.0	3
42.65674	-18.65287	-89.91280	LAX_LV_ENDOCARDIAL	9	1.0	3
42.76683	-18.58257	-92.72226	LAX_LV_ENDOCARDIAL	9	1.0	3
42.00304	-17.41052	-95.53840	LAX_LV_ENDOCARDIAL	9	1.0	3
40.36539	-15.13673	-98.36121	LAX_LV_ENDOCARDIAL	9	1.0	3
38.61764	-12.93324	-98.37456	LAX_LV_ENDOCARDIAL	9	1.0	3
36.86989	-10.72976	-98.38790	LAX_LV_ENDOCARDIAL	9	1.0	3
35.06710	-8.56142	-96.99652	LAX_LV_ENDOCARDIAL	9	1.0	3
33.26431	-6.39309	-95.60513	LAX_LV_ENDOCARDIAL	9	1.0	3
31.46152	-4.22475	-94.21374	LAX_LV_ENDOCARDIAL	9	1.0	3
29.65873	-2.05642	-92.82235	LAX_LV_ENDOCARDIAL	9	1.0	3
27.85594	0.11192	-91.43097	LAX_LV_ENDOCARDIAL	9	1.0	3
26.10819	2.31540	-91.44431	LAX_LV_ENDOCARDIAL	9	1.0	3
24.30540	4.48374	-90.05293	LAX_LV_ENDOCARDIAL	9	1.0	3
22.50261	6.65207	-88.66154	LAX_LV_ENDOCARDIAL	9	1.0	3
20.69982	8.82041	-87.27015	LAX_LV_ENDOCARDIAL	9	1.0	3
18.89703	10.98874	-85.87877	LAX_LV_ENDOCARDIAL	9	1.0	3
17.09424	13.15708	-84.48738	LAX_LV_ENDOCARDIAL	9	1.0	3
15.34649	15.36057	-84.50073	LAX_LV_ENDOCARDIAL	9	1.0	3
13.54370	17.52890	-83.10934	LAX_LV_ENDOCARDIAL	9	1.0	3
11.74091	19.69724	-81.71795	LAX_LV_ENDOCARDIAL	9	1.0	3
9.93812	21.86557	-80.32656	LAX_LV_ENDOCARDIAL	9	1.0	3
8.13532	24.03391	-78.93518	LAX_LV_ENDOCARDIAL	9	1.0	3
6.33253	26.20224	-77.54379	LAX_LV_ENDOCARDIAL	9	1.0	3
4.47470	28.33542	-74.74767	LAX_LV_ENDOCARDIAL	9	1.0	3
2.67191	30.50376	-73.35628	LAX_LV_ENDOCARDIAL	9	1.0	3
0.81407	32.63694	-70.56017	LAX_LV_ENDOCARDIAL	9	1.0	3
-1.04376	34.77012	-67.76405	LAX_LV_ENDOCARDIAL	9	1.0	3
-2.90160	36.90331	-64.96793	LAX_LV_ENDOCARDIAL	9	1.0	3
-3.88556	37.93475	-62.16513	LAX_LV_ENDOCARDIAL	9	1.0	3
-5.74340	40.06793	-59.36901	LAX_LV_ENDOCARDIAL	9	1.0	3
5.93354	22.62783	-22.74587	LAX_LV_ENDOCARDIAL	9	1.0	3
14.45210	11.46979	-17.06021	LAX_LV_EPICARDIAL	9	1.0	3
16.25489	9.30145	-18.45160	LAX_LV_EPICARDIAL	9	1.0	3
18.00263	7.09797	-18.43825	LAX_LV_EPICARDIAL	9	1.0	3
19.80543	4.92963	-19.82964	LAX_LV_EPICARDIAL	9	1.0	3
21.60822	2.76130	-21.22103	LAX_LV_EPICARDIAL	9	1.0	3
23.35596	0.55781	-21.20768	LAX_LV_EPICARDIAL	9	1.0	3
25.15875	-1.61053	-22.59907	LAX_LV_EPICARDIAL	9	1.0	3
26.96155	-3.77886	-23.99045	LAX_LV_EPICARDIAL	9	1.0	3
28.81938	-5.91204	-26.78657	LAX_LV_EPICARDIAL	9	1.0	3
30.67722	-8.04523	-29.58269	LAX_LV_EPICARDIAL	9	1.0	3
32.53505	-10.17841	-32.37881	LAX_LV_EPICARDIAL	9	1.0	3
34.39289	-12.31159	-35.17493	LAX_LV_EPICARDIAL	9	1.0	3
35.37685	-13.34303	-37.97773	LAX_LV_EPICARDIAL	9	1.0	3
37.23469	-15.47622	-40.77384	LAX_LV_EPICARDIAL	9	1.0	3
38.21865	-16.50766	-43.57664	LAX_LV_EPICARDIAL	9	1.0	3
39.20261	-17.53909	-46.37943	LAX_LV_EPICARDIAL	9	1.0	3
40.18657	-18.57053	-49.18222	LAX_LV_EPICARDIAL	9	1.0	3
41.17054	-19.60197	-51.98501	LAX_LV_EPICARDIAL	9	1.0	3
41.28063	-19.53167	-54.79448	LAX_LV_EPICARDIAL	9	1.0	3
42.26459	-20.56311	-57.59727	LAX_LV_EPICARDIAL	9	1.0	3
43.24855	-21.59455	-60.40006	LAX_LV_EPICARDIAL	9	1.0	3
43.35864	-21.52425	-63.20953	LAX_LV_EPICARDIAL	9	1.0	3
44.34260	-22.55569	-66.01232	LAX_LV_EPICARDIAL	9	1.0	3
44.45269	-22.48538	-68.82179	LAX_LV_EPICARDIAL	9	1.0	3
45.43665	-23.51682	-71.62458	LAX_LV_EPICARDIAL	9	1.0	3
45.54674	-23.44652	-74.43405	LAX_LV_EPICARDIAL	9	1.0	3
45.65683	-23.37621	-77.24351	LAX_LV_EPICARDIAL	9	1.0	3
46.64079	-24.40765	-80.04630	LAX_LV_EPICARDIAL	9	1.0	3
46.75088	-24.33735	-82.85577	LAX_LV_EPICARDIAL	9	1.0	3
45.98710	-23.16530	-85.67191	LAX_LV_EPICARDIAL	9	1.0	3
46.09719	-23.09500	-88.48137	LAX_LV_EPICARDIAL	9	1.0	3
46.20728	-23.02470	-91.29084	LAX_LV_EPICARDIAL	9	1.0	3
45.44349	-21.85265	-94.10698	LAX_LV_EPICARDIAL	9	1.0	3
45.55358	-21.78234	-96.91644	LAX_LV_EPICARDIAL	9	1.0	3
44.78980	-20.61030	-99.73258	LAX_LV_EPICARDIAL	9	1.0	3
43.15214	-18.33651	-102.55539	LAX_LV_EPICARDIAL	9	1.0	3
41.45944	-16.09787	-103.97347	LAX_LV_EPICARDIAL	9	1.0	3
39.71169	-13.89438	-103.98681	LAX_LV_EPICARDIAL	9	1.0	3
37.96395	-11.69089	-104.00016	LAX_LV_EPICARDIAL	9	1.0	3
36.21620	-9.48741	-104.01351	LAX_LV_EPICARDIAL	9	1.0	3
34.41341	-7.31907	-102.62212	LAX_LV_EPICARDIAL	9	1.0	3
32.66566	-5.11558	-102.63546	LAX_LV_EPICARDIAL	9	1.0	3
30.86287	-2.94725	-101.24408	LAX_LV_EPICARDIAL	9	1.0	3
29.06008	-0.77892	-99.85269	LAX_LV_EPICARDIAL	9	1.0	3
27.25729	1.38942	-98.46130	LAX_LV_EPICARDIAL	9	1.0	3
25.50954	3.59291	-98.47465	LAX_LV_EPICARDIAL	9	1.0	3
23.70675	5.76124	-97.08326	LAX_LV_EPICARDIAL	9	1.0	3
21.90396	7.92958	-95.69188	LAX_LV_EPICARDIAL	9	1.0	3
20.15621	10.13306	-95.70522	LAX_LV_EPICARDIAL	9	1.0	3
18.35342	12.30140	-94.31384	LAX_LV_EPICARDIAL	9	1.0	3
16.55063	14.46973	-92.92245	LAX_LV_EPICARDIAL	9	1.0	3
14.80288	16.67322	-92.93579	LAX_LV_EPICARDIAL	9	1.0	3
13.00009	18.84156	-91.54441	LAX_LV_EPICARDIAL	9	1.0	3
11.19730	21.00989	-90.15302	LAX_LV_EPICARDIAL	9	1.0	3
9.39451	23.17823	-88.76163	LAX_LV_EPICARDIAL	9	1.0	3
7.59172	25.34656	-87.37025	LAX_LV_EPICARDIAL	9	1.0	3
5.78893	27.51490	-85.97886	LAX_LV_EPICARDIAL	9	1.0	3
3.98614	29.68323	-84.58747	LAX_LV_EPICARDIAL	9	1.0	3
2.18335	31.85157	-83.19609	LAX_LV_EPICARDIAL	9	1.0	3
0.38055	34.01990	-81.80470	LAX_LV_EPICARDIAL	9	1.0	3
-1.42224	36.18824	-80.41331	LAX_LV_EPICARDIAL	9	1.0	3
-3.22503	38.35657	-79.02193	LAX_LV_EPICARDIAL	9	1.0	3
-5.08286	40.48975	-76.22581	LAX_LV_EPICARDIAL	9	1.0	3
-6.94070	42.62294	-73.42969	LAX_LV_EPICARDIAL	9	1.0	3
-7.92466	43.65438	-70.62689	LAX_LV_EPICARDIAL	9	1.0	3
-8.90862	44.68582	-67.82410	LAX_LV_EPICARDIAL	9	1.0	3
-9.01871	44.61551	-65.01464	LAX_LV_EPICARDIAL	9	1.0	3
-9.12880	44.54521	-62.20517	LAX_LV_EPICARDIAL	9	1.0	3
-7.49114	42.27142	-59.38236	LAX_LV_EPICARDIAL	9	1.0	3
5.82345	22.55753	-19.93641	LAX_LV_EPICARDIAL	9	1.0	3
7.51616	20.31889	-18.51833	LAX_LV_EPICARDIAL	9	1.0	3
9.20886	18.08025	-17.10025	LAX_LV_EPICARDIAL	9	1.0	3
10.95660	15.87676	-17.08690	LAX_LV_EPICARDIAL	9	1.0	3
12.70435	13.67328	-17.07356	LAX_LV_EPICARDIAL	9	1.0	3
3.25688	25.89791	-21.36116	MITRAL_VALVE	9	1.0	3
-6.72736	41.09937	-56.56622	MITRAL_VALVE	9	1.0	3
-30.76091	-9.16350	-1.82162	LAX_RV_FREEWALL	8	1.0	1.0
-30.41680	-11.88040	-3.36686	LAX_RV_FREEWALL	8	1.0	1.0
-29.17074	-14.59730	-5.99100	LAX_RV_FREEWALL	8	1.0	1.0
-27.92468	-17.31420	-8.61514	LAX_RV_FREEWALL	8	1.0	1.0
-26.39972	-18.67265	-11.00612	LAX_RV_FREEWALL	8	1.0	1.0
-24.87475	-20.03110	-13.39710	LAX_RV_FREEWALL	8	1.0	1.0
-23.34978	-21.38955	-15.78808	LAX_RV_FREEWALL	8	1.0	1.0
-21.82481	-22.74800	-18.17906	LAX_RV_FREEWALL	8	1.0	1.0
-20.02093	-22.74800	-20.33687	LAX_RV_FREEWALL	8	1.0	1.0
-18.49596	-24.10645	-22.72785	LAX_RV_FREEWALL	8	1.0	1.0
-16.69208	-24.10645	-24.88567	LAX_RV_FREEWALL	8	1.0	1.0
-14.88820	-24.10646	-27.04349	LAX_RV_FREEWALL	8	1.0	1.0
-13.36323	-25.46491	-29.43447	LAX_RV_FREEWALL	8	1.0	1.0
-11.28044	-24.10646	-31.35912	LAX_RV_FREEWALL	8	1.0	1.0
-9.47655	-24.10646	-33.51694	LAX_RV_FREEWALL	8	1.0	1.0
-7.39376	-22.74801	-35.44160	LAX_RV_FREEWALL	8	1.0	1.0
-5.58988	-22.74802	-37.59941	LAX_RV_FREEWALL	8	1.0	1.0
-3.78600	-22.74802	-39.75723	LAX_RV_FREEWALL	8	1.0	1.0
-1.98212	-22.74802	-41.91505	LAX_RV_FREEWALL	8	1.0	1.0
-0.17824	-22.74802	-44.07287	LAX_RV_FREEWALL	8	1.0	1.0
1.34673	-24.10647	-46.46385	LAX_RV_FREEWALL	8	1.0	1.0
3.15061	-24.10647	-48.62166	LAX_RV_FREEWALL	8	1.0	1.0
4.95450	-24.10648	-50.77948	LAX_RV_FREEWALL	8	1.0	1.0
-15.27941	0.34563	-16.37312	LAX_RV_FREEWALL	8	1.0	1.0
-17.08329	0.34563	-14.21530	LAX_RV_FREEWALL	8	1.0	1.0
-18.60826	1.70408	-11.82432	LAX_RV_FREEWALL	8	1.0	1.0
-20.13323	3.06253	-9.43335	LAX_RV_FREEWALL	8	1.0	1.0
-21.93711	3.06253	-7.27553	LAX_RV_FREEWALL	8	1.0	1.0
-23.74099	3.06253	-5.11771	LAX_RV_FREEWALL	8	1.0	1.0
-25.82379	1.70409	-3.19306	LAX_RV_FREEWALL	8	1.0	1.0
-28.18549	-1.01281	-1.50156	LAX_RV_FREEWALL	8	1.0	1.0
-29.64526	-3.72971	-0.88898	LAX_RV_FREEWALL	8	1.0	1.0
-30.20309	-6.44660	-1.35530	LAX_RV_FREEWALL	8	1.0	1.0
-32.49959	-13.23885	-1.44220	LAX_RV_EPICARDIAL	8	1.0	1.0
-31.25353	-15.95575	-4.06634	LAX_RV_EPICARDIAL	8	1.0	1.0
-30.00748	-18.67265	-6.69048	LAX_RV_EPICARDIAL	8	1.0	1.0
-28.76142	-21.38954	-9.31462	LAX_RV_EPICARDIAL	8	1.0	1.0
-27.23645	-22.74800	-11.70560	LAX_RV_EPICARDIAL	8	1.0	1.0
-25.71149	-24.10645	-14.09658	LAX_RV_EPICARDIAL	8	1.0	1.0
-24.18652	-25.46490	-16.48756	LAX_RV_EPICARDIAL	8	1.0	1.0
-22.66155	-26.82335	-18.87854	LAX_RV_EPICARDIAL	8	1.0	1.0
-20.85767	-26.82335	-21.03636	LAX_RV_EPICARDIAL	8	1.0	1.0
-19.33270	-28.18180	-23.42734	LAX_RV_EPICARDIAL	8	1.0	1.0
-17.52882	-28.18180	-25.58516	LAX_RV_EPICARDIAL	8	1.0	1.0
-15.72494	-28.18180	-27.74297	LAX_RV_EPICARDIAL	8	1.0	1.0
-13.92106	-28.18180	-29.90079	LAX_RV_EPICARDIAL	8	1.0	1.0
-12.11717	-28.18181	-32.05861	LAX_RV_EPICARDIAL	8	1.0	1.0
-10.03438	-26.82336	-33.98326	LAX_RV_EPICARDIAL	8	1.0	1.0
-8.23050	-26.82336	-36.14108	LAX_RV_EPICARDIAL	8	1.0	1.0
-6.14771	-25.46491	-38.06574	LAX_RV_EPICARDIAL	8	1.0	1.0
-4.06491	-24.10647	-39.99039	LAX_RV_EPICARDIAL	8	1.0	1.0
-2.53994	-25.46492	-42.38137	LAX_RV_EPICARDIAL	8	1.0	1.0
-0.73606	-25.46492	-44.53919	LAX_RV_EPICARDIAL	8	1.0	1.0
1.06782	-25.46492	-46.69701	LAX_RV_EPICARDIAL	8	1.0	1.0
2.87170	-25.46492	-48.85483	LAX_RV_EPICARDIAL	8	1.0	1.0
4.67558	-25.46492	-51.01264	LAX_RV_EPICARDIAL	8	1.0	1.0
6.47946	-25.46493	-53.17046	LAX_RV_EPICARDIAL	8	1.0	1.0
-11.67165	0.34562	-20.68876	LAX_RV_EPICARDIAL	8	1.0	1.0
-18.05044	4.42098	-11.35800	LAX_RV_EPICARDIAL	8	1.0	1.0
-19.85432	4.42098	-9.20018	LAX_RV_EPICARDIAL	8	1.0	1.0
-28.18549	-1.01281	-1.50156	LAX_RV_EPICARDIAL	8	1.0	1.0
-29.36635	-2.37126	-0.65581	LAX_RV_EPICARDIAL	8	1.0	1.0
-30.82611	-5.08815	-0.04323	LAX_RV_EPICARDIAL	8	1.0	1.0
-31.38394	-7.80505	-0.50955	LAX_RV_EPICARDIAL	8	1.0	1.0
-31.94176	-10.52195	-0.97588	LAX_RV_EPICARDIAL	8	1.0	1.0
5.51232	-21.38958	-50.31316	LAX_RV_SEPTUM	8	1.0	1.0
3.98735	-20.03113	-47.92218	LAX_RV_SEPTUM	8	1.0	1.0
2.46238	-18.67268	-45.53120	LAX_RV_SEPTUM	8	1.0	1.0
1.21633	-15.95578	-42.90706	LAX_RV_SEPTUM	8	1.0	1.0
-0.30864	-14.59733	-40.51608	LAX_RV_SEPTUM	8	1.0	1.0
-1.83361	-13.23888	-38.12510	LAX_RV_SEPTUM	8	1.0	1.0
-3.07966	-10.52198	-35.50096	LAX_RV_SEPTUM	8	1.0	1.0
-4.60463	-9.16353	-33.10998	LAX_RV_SEPTUM	8	1.0	1.0
-6.12960	-7.80508	-30.71900	LAX_RV_SEPTUM	8	1.0	1.0
-7.37566	-5.08818	-28.09486	LAX_RV_SEPTUM	8	1.0	1.0
-8.90063	-3.72973	-25.70388	LAX_RV_SEPTUM	8	1.0	1.0
-10.14668	-1.01283	-23.07974	LAX_RV_SEPTUM	8	1.0	1.0
-11.95056	-1.01283	-20.92192	LAX_RV_SEPTUM	8	1.0	1.0
-13.47553	0.34562	-18.53094	LAX_RV_SEPTUM	8	1.0	1.0
-15.34461	4.42097	-14.59473	LAX_LV_EPICARDIAL	8	1.0	1.0
-13.81965	3.06252	-16.98571	LAX_LV_EPICARDIAL	8	1.0	1.0
7.93923	-22.74803	-53.78304	LAX_LV_EPICARDIAL	8	1.0	1.0
9.46420	-24.10648	-56.17402	LAX_LV_EPICARDIAL	8	1.0	1.0
11.26808	-24.10648	-58.33184	LAX_LV_EPICARDIAL	8	1.0	1.0
12.79305	-25.46493	-60.72282	LAX_LV_EPICARDIAL	8	1.0	1.0
14.59693	-25.46493	-62.88064	LAX_LV_EPICARDIAL	8	1.0	1.0
16.12190	-26.82338	-65.27162	LAX_LV_EPICARDIAL	8	1.0	1.0
17.92578	-26.82339	-67.42944	LAX_LV_EPICARDIAL	8	1.0	1.0
19.45075	-28.18184	-69.82042	LAX_LV_EPICARDIAL	8	1.0	1.0
21.25463	-28.18184	-71.97823	LAX_LV_EPICARDIAL	8	1.0	1.0
23.05851	-28.18184	-74.13605	LAX_LV_EPICARDIAL	8	1.0	1.0
24.86239	-28.18184	-76.29387	LAX_LV_EPICARDIAL	8	1.0	1.0
26.38736	-29.54029	-78.68485	LAX_LV_EPICARDIAL	8	1.0	1.0
28.19124	-29.54029	-80.84266	LAX_LV_EPICARDIAL	8	1.0	1.0
29.99512	-29.54030	-83.00048	LAX_LV_EPICARDIAL	8	1.0	1.0
32.07792	-28.18185	-84.92514	LAX_LV_EPICARDIAL	8	1.0	1.0
33.88180	-28.18185	-87.08296	LAX_LV_EPICARDIAL	8	1.0	1.0
35.68568	-28.18185	-89.24077	LAX_LV_EPICARDIAL	8	1.0	1.0
37.76847	-26.82340	-91.16543	LAX_LV_EPICARDIAL	8	1.0	1.0
39.85127	-25.46496	-93.09008	LAX_LV_EPICARDIAL	8	1.0	1.0
41.93406	-24.10651	-95.01474	LAX_LV_EPICARDIAL	8	1.0	1.0
43.39383	-21.38961	-95.62732	LAX_LV_EPICARDIAL	8	1.0	1.0
44.85359	-18.67272	-96.23991	LAX_LV_EPICARDIAL	8	1.0	1.0
46.31336	-15.95582	-96.85249	LAX_LV_EPICARDIAL	8	1.0	1.0
46.87119	-13.23892	-96.38617	LAX_LV_EPICARDIAL	8	1.0	1.0
47.42901	-10.52203	-95.91985	LAX_LV_EPICARDIAL	8	1.0	1.0
47.08490	-7.80513	-94.37461	LAX_LV_EPICARDIAL	8	1.0	1.0
47.64272	-5.08823	-93.90829	LAX_LV_EPICARDIAL	8	1.0	1.0
47.29861	-2.37133	-92.36306	LAX_LV_EPICARDIAL	8	1.0	1.0
46.95449	0.34557	-90.81783	LAX_LV_EPICARDIAL	8	1.0	1.0
46.61038	3.06247	-89.27259	LAX_LV_EPICARDIAL	8	1.0	1.0
46.26626	5.77936	-87.72736	LAX_LV_EPICARDIAL	8	1.0	1.0
45.92215	8.49626	-86.18213	LAX_LV_EPICARDIAL	8	1.0	1.0
45.57803	11.21316	-84.63690	LAX_LV_EPICARDIAL	8	1.0	1.0
45.23392	13.93006	-83.09166	LAX_LV_EPICARDIAL	8	1.0	1.0
44.88980	16.64696	-81.54643	LAX_LV_EPICARDIAL	8	1.0	1.0
44.54569	19.36386	-80.00120	LAX_LV_EPICARDIAL	8	1.0	1.0
44.20157	22.08075	-78.45597	LAX_LV_EPICARDIAL	8	1.0	1.0
42.95552	24.79765	-75.83182	LAX_LV_EPICARDIAL	8	1.0	1.0
42.61140	27.51455	-74.28659	LAX_LV_EPICARDIAL	8	1.0	1.0
42.26729	30.23145	-72.74136	LAX_LV_EPICARDIAL	8	1.0	1.0
41.02123	32.94835	-70.11722	LAX_LV_EPICARDIAL	8	1.0	1.0
40.67712	35.66525	-68.57199	LAX_LV_EPICARDIAL	8	1.0	1.0
40.33300	38.38215	-67.02675	LAX_LV_EPICARDIAL	8	1.0	1.0
39.08694	41.09904	-64.40261	LAX_LV_EPICARDIAL	8	1.0	1.0
37.84089	43.81594	-61.77847	LAX_LV_EPICARDIAL	8	1.0	1.0
36.59483	46.53284	-59.15433	LAX_LV_EPICARDIAL	8	1.0	1.0
35.06986	47.89129	-56.76335	LAX_LV_EPICARDIAL	8	1.0	1.0
33.54490	49.24974	-54.37237	LAX_LV_EPICARDIAL	8	1.0	1.0
32.01993	50.60819	-51.98139	LAX_LV_EPICARDIAL	8	1.0	1.0
30.49496	51.96665	-49.59041	LAX_LV_EPICARDIAL	8	1.0	1.0
28.69108	51.96665	-47.43259	LAX_LV_EPICARDIAL	8	1.0	1.0
27.16611	53.32510	-45.04162	LAX_LV_EPICARDIAL	8	1.0	1.0
25.36223	53.32510	-42.88380	LAX_LV_EPICARDIAL	8	1.0	1.0
23.55835	53.32510	-40.72598	LAX_LV_EPICARDIAL	8	1.0	1.0
21.75447	53.32510	-38.56816	LAX_LV_EPICARDIAL	8	1.0	1.0
19.95058	53.32510	-36.41035	LAX_LV_EPICARDIAL	8	1.0	1.0
17.86779	51.96666	-34.48569	LAX_LV_EPICARDIAL	8	1.0	1.0
15.50608	49.24976	-32.79420	LAX_LV_EPICARDIAL	8	1.0	1.0
-2.42043	23.43925	-22.11955	LAX_LV_EPICARDIAL	8	1.0	1.0
-4.22431	23.43925	-19.96173	LAX_LV_EPICARDIAL	8	1.0	1.0
-6.02819	23.43925	-17.80391	LAX_LV_EPICARDIAL	8	1.0	1.0
-10.83491	4.42097	-19.98927	LAX_LV_ENDOCARDIAL	8	1.0	1.0
-8.75212	5.77942	-21.91393	LAX_LV_ENDOCARDIAL	8	1.0	1.0
-6.66932	7.13786	-23.83858	LAX_LV_ENDOCARDIAL	8	1.0	1.0
-4.86544	7.13786	-25.99640	LAX_LV_ENDOCARDIAL	8	1.0	1.0
-3.06156	7.13786	-28.15422	LAX_LV_ENDOCARDIAL	8	1.0	1.0
-1.25768	7.13786	-30.31204	LAX_LV_ENDOCARDIAL	8	1.0	1.0
0.26729	5.77941	-32.70301	LAX_LV_ENDOCARDIAL	8	1.0	1.0
1.79226	4.42096	-35.09399	LAX_LV_ENDOCARDIAL	8	1.0	1.0
3.31723	3.06251	-37.48497	LAX_LV_ENDOCARDIAL	8	1.0	1.0
4.56328	0.34561	-40.10911	LAX_LV_ENDOCARDIAL	8	1.0	1.0
4.90740	-2.37129	-41.65435	LAX_LV_ENDOCARDIAL	8	1.0	1.0
6.15345	-5.08819	-44.27849	LAX_LV_ENDOCARDIAL	8	1.0	1.0
7.39951	-7.80509	-46.90263	LAX_LV_ENDOCARDIAL	8	1.0	1.0
8.92448	-9.16354	-49.29361	LAX_LV_ENDOCARDIAL	8	1.0	1.0
10.44945	-10.52199	-51.68459	LAX_LV_ENDOCARDIAL	8	1.0	1.0
11.69550	-13.23889	-54.30873	LAX_LV_ENDOCARDIAL	8	1.0	1.0
13.22047	-14.59734	-56.69971	LAX_LV_ENDOCARDIAL	8	1.0	1.0
15.02435	-14.59734	-58.85753	LAX_LV_ENDOCARDIAL	8	1.0	1.0
16.54932	-15.95579	-61.24851	LAX_LV_ENDOCARDIAL	8	1.0	1.0
18.07429	-17.31424	-63.63948	LAX_LV_ENDOCARDIAL	8	1.0	1.0
19.59926	-18.67269	-66.03046	LAX_LV_ENDOCARDIAL	8	1.0	1.0
21.40314	-18.67269	-68.18828	LAX_LV_ENDOCARDIAL	8	1.0	1.0
22.92811	-20.03115	-70.57926	LAX_LV_ENDOCARDIAL	8	1.0	1.0
24.73199	-20.03115	-72.73708	LAX_LV_ENDOCARDIAL	8	1.0	1.0
26.25696	-21.38960	-75.12806	LAX_LV_ENDOCARDIAL	8	1.0	1.0
28.06084	-21.38960	-77.28588	LAX_LV_ENDOCARDIAL	8	1.0	1.0
29.58580	-22.74805	-79.67686	LAX_LV_ENDOCARDIAL	8	1.0	1.0
31.38969	-22.74805	-81.83467	LAX_LV_ENDOCARDIAL	8	1.0	1.0
33.19357	-22.74805	-83.99249	LAX_LV_ENDOCARDIAL	8	1.0	1.0
35.27636	-21.38961	-85.91715	LAX_LV_ENDOCARDIAL	8	1.0	1.0
36.80133	-22.74806	-88.30812	LAX_LV_ENDOCARDIAL	8	1.0	1.0
38.60521	-22.74806	-90.46594	LAX_LV_ENDOCARDIAL	8	1.0	1.0
40.68801	-21.38961	-92.39060	LAX_LV_ENDOCARDIAL	8	1.0	1.0
43.04971	-18.67272	-94.08209	LAX_LV_ENDOCARDIAL	8	1.0	1.0
43.60754	-15.95582	-93.61577	LAX_LV_ENDOCARDIAL	8	1.0	1.0
44.16536	-13.23892	-93.14944	LAX_LV_ENDOCARDIAL	8	1.0	1.0
42.91931	-10.52202	-90.52530	LAX_LV_ENDOCARDIAL	8	1.0	1.0
42.57519	-7.80512	-88.98007	LAX_LV_ENDOCARDIAL	8	1.0	1.0
42.23108	-5.08822	-87.43484	LAX_LV_ENDOCARDIAL	8	1.0	1.0
41.88696	-2.37133	-85.88961	LAX_LV_ENDOCARDIAL	8	1.0	1.0
41.54285	0.34557	-84.34437	LAX_LV_ENDOCARDIAL	8	1.0	1.0
41.19873	3.06247	-82.79914	LAX_LV_ENDOCARDIAL	8	1.0	1.0
40.85462	5.77937	-81.25391	LAX_LV_ENDOCARDIAL	8	1.0	1.0
40.51050	8.49627	-79.70868	LAX_LV_ENDOCARDIAL	8	1.0	1.0
40.16639	11.21317	-78.16344	LAX_LV_ENDOCARDIAL	8	1.0	1.0
39.82227	13.93006	-76.61821	LAX_LV_ENDOCARDIAL	8	1.0	1.0
38.57622	16.64696	-73.99407	LAX_LV_ENDOCARDIAL	8	1.0	1.0
38.23210	19.36386	-72.44884	LAX_LV_ENDOCARDIAL	8	1.0	1.0
37.60907	20.72231	-71.13677	LAX_LV_ENDOCARDIAL	8	1.0	1.0
37.26496	23.43921	-69.59153	LAX_LV_ENDOCARDIAL	8	1.0	1.0
36.92084	26.15611	-68.04630	LAX_LV_ENDOCARDIAL	8	1.0	1.0
36.57673	28.87301	-66.50107	LAX_LV_ENDOCARDIAL	8	1.0	1.0
35.33067	31.58991	-63.87693	LAX_LV_ENDOCARDIAL	8	1.0	1.0
34.08462	34.30680	-61.25279	LAX_LV_ENDOCARDIAL	8	1.0	1.0
32.55965	35.66526	-58.86181	LAX_LV_ENDOCARDIAL	8	1.0	1.0
31.31359	38.38215	-56.23767	LAX_LV_ENDOCARDIAL	8	1.0	1.0
29.78863	39.74060	-53.84669	LAX_LV_ENDOCARDIAL	8	1.0	1.0
28.54257	42.45750	-51.22254	LAX_LV_ENDOCARDIAL	8	1.0	1.0
27.01760	43.81595	-48.83157	LAX_LV_ENDOCARDIAL	8	1.0	1.0
25.49263	45.17441	-46.44059	LAX_LV_ENDOCARDIAL	8	1.0	1.0
23.96766	46.53286	-44.04961	LAX_LV_ENDOCARDIAL	8	1.0	1.0
22.16378	46.53286	-41.89179	LAX_LV_ENDOCARDIAL	8	1.0	1.0
20.08099	45.17441	-39.96713	LAX_LV_ENDOCARDIAL	8	1.0	1.0
18.27711	45.17441	-37.80932	LAX_LV_ENDOCARDIAL	8	1.0	1.0
-1.23957	24.79770	-22.96530	LAX_LV_ENDOCARDIAL	8	1.0	1.0
-3.32237	23.43925	-21.04064	LAX_LV_ENDOCARDIAL	8	1.0	1.0
-5.12625	23.43925	-18.88282	LAX_LV_ENDOCARDIAL	8	1.0	1.0
-32.49959	-13.23885	-1.44220	LAX_RV_EPICARDIAL	8	1.0	1.0
-31.25353	-15.95575	-4.06634	LAX_RV_EPICARDIAL	8	1.0	1.0
-30.00748	-18.67265	-6.69048	LAX_RV_EPICARDIAL	8	1.0	1.0
-28.76142	-21.38954	-9.31462	LAX_RV_EPICARDIAL	8	1.0	1.0
-27.23645	-22.74800	-11.70560	LAX_RV_EPICARDIAL	8	1.0	1.0
-25.71149	-24.10645	-14.09658	LAX_RV_EPICARDIAL	8	1.0	1.0
-24.18652	-25.46490	-16.48756	LAX_RV_EPICARDIAL	8	1.0	1.0
-22.66155	-26.82335	-18.87854	LAX_RV_EPICARDIAL	8	1.0	1.0
-20.85767	-26.82335	-21.03636	LAX_RV_EPICARDIAL	8	1.0	1.0
-19.33270	-28.18180	-23.42734	LAX_RV_EPICARDIAL	8	1.0	1.0
-17.52882	-28.18180	-25.58516	LAX_RV_EPICARDIAL	8	1.0	1.0
-15.72494	-28.18180	-27.74297	LAX_RV_EPICARDIAL	8	1.0	1.0
-13.92106	-28.18180	-29.90079	LAX_RV_EPICARDIAL	8	1.0	1.0
-12.11717	-28.18181	-32.05861	LAX_RV_EPICARDIAL	8	1.0	1.0
-10.03438	-26.82336	-33.98326	LAX_RV_EPICARDIAL	8	1.0	1.0
-8.23050	-26.82336	-36.14108	LAX_RV_EPICARDIAL	8	1.0	1.0
-6.14771	-25.46491	-38.06574	LAX_RV_EPICARDIAL	8	1.0	1.0
-4.06491	-24.10647	-39.99039	LAX_RV_EPICARDIAL	8	1.0	1.0
-2.53994	-25.46492	-42.38137	LAX_RV_EPICARDIAL	8	1.0	1.0
-0.73606	-25.46492	-44.53919	LAX_RV_EPICARDIAL	8	1.0	1.0
1.06782	-25.46492	-46.69701	LAX_RV_EPICARDIAL	8	1.0	1.0
2.87170	-25.46492	-48.85483	LAX_RV_EPICARDIAL	8	1.0	1.0
4.67558	-25.46492	-51.01264	LAX_RV_EPICARDIAL	8	1.0	1.0
6.47946	-25.46493	-53.17046	LAX_RV_EPICARDIAL	8	1.0	1.0
-11.67165	0.34562	-20.68876	LAX_RV_EPICARDIAL	8	1.0	1.0
-18.05044	4.42098	-11.35800	LAX_RV_EPICARDIAL	8	1.0	1.0
-19.85432	4.42098	-9.20018	LAX_RV_EPICARDIAL	8	1.0	1.0
-28.18549	-1.01281	-1.50156	LAX_RV_EPICARDIAL	8	1.0	1.0
-29.36635	-2.37126	-0.65581	LAX_RV_EPICARDIAL	8	1.0	1.0
-30.82611	-5.08815	-0.04323	LAX_RV_EPICARDIAL	8	1.0	1.0
-31.38394	-7.80505	-0.50955	LAX_RV_EPICARDIAL	8	1.0	1.0
-31.94176	-10.52195	-0.97588	LAX_RV_EPICARDIAL	8	1.0	1.0
16.19431	43.81596	-35.88466	MITRAL_VALVE	8	1.0	1.0
1.40104	28.87304	-24.42363	MITRAL_VALVE	8	1.0	1.0
-12.98291	7.13787	-16.28622	AORTA_VALVE	8	1.0	1.0
-7.83207	23.43925	-15.64610	AORTA_VALVE	8	1.0	1.0
-64.38308	3.88894	-73.87565	LAX_RV_FREEWALL	7	1.0	3
-62.76178	2.28765	-76.04243	LAX_RV_FREEWALL	7	1.0	3
-62.54027	0.68636	-78.34394	LAX_RV_FREEWALL	7	1.0	3
-60.91898	-0.91494	-80.51073	LAX_RV_FREEWALL	7	1.0	3
-59.29768	-2.51623	-82.67752	LAX_RV_FREEWALL	7	1.0	3
-56.27661	-4.11752	-84.70958	LAX_RV_FREEWALL	7	1.0	3
-54.65531	-5.71881	-86.87636	LAX_RV_FREEWALL	7	1.0	3
-53.03402	-7.32010	-89.04315	LAX_RV_FREEWALL	7	1.0	3
-50.01294	-8.92140	-91.07521	LAX_RV_FREEWALL	7	1.0	3
-48.39165	-10.52269	-93.24200	LAX_RV_FREEWALL	7	1.0	3
-46.77035	-12.12398	-95.40878	LAX_RV_FREEWALL	7	1.0	3
-43.74928	-13.72527	-97.44085	LAX_RV_FREEWALL	7	1.0	3
-40.83896	-14.52592	-98.32215	LAX_RV_FREEWALL	7	1.0	3
-37.92864	-15.32656	-99.20346	LAX_RV_FREEWALL	7	1.0	3
-35.01832	-16.12721	-100.08476	LAX_RV_FREEWALL	7	1.0	3
-32.10800	-16.92786	-100.96607	LAX_RV_FREEWALL	7	1.0	3
-29.19768	-17.72850	-101.84738	LAX_RV_FREEWALL	7	1.0	3
-26.28736	-18.52915	-102.72868	LAX_RV_FREEWALL	7	1.0	3
-23.48780	-18.52915	-102.45923	LAX_RV_FREEWALL	7	1.0	3
-20.57748	-19.32980	-103.34054	LAX_RV_FREEWALL	7	1.0	3
-17.77792	-19.32980	-103.07109	LAX_RV_FREEWALL	7	1.0	3
-14.86760	-20.13044	-103.95240	LAX_RV_FREEWALL	7	1.0	3
-12.06804	-20.13044	-103.68295	LAX_RV_FREEWALL	7	1.0	3
-9.15772	-20.93109	-104.56425	LAX_RV_FREEWALL	7	1.0	3
-6.35816	-20.93109	-104.29480	LAX_RV_FREEWALL	7	1.0	3
-3.55860	-20.93109	-104.02535	LAX_RV_FREEWALL	7	1.0	3
-0.75903	-20.93109	-103.75591	LAX_RV_FREEWALL	7	1.0	3
2.15129	-21.73174	-104.63721	LAX_RV_FREEWALL	7	1.0	3
4.95085	-21.73174	-104.36776	LAX_RV_FREEWALL	7	1.0	3
7.86117	-22.53239	-105.24907	LAX_RV_FREEWALL	7	1.0	3
10.66073	-22.53239	-104.97962	LAX_RV_FREEWALL	7	1.0	3
13.57105	-23.33303	-105.86093	LAX_RV_FREEWALL	7	1.0	3
16.37061	-23.33303	-105.59148	LAX_RV_FREEWALL	7	1.0	3
19.17017	-23.33304	-105.32203	LAX_RV_FREEWALL	7	1.0	3
21.85898	-22.53239	-103.90182	LAX_RV_FREEWALL	7	1.0	3
23.14800	-21.73175	-102.61634	LAX_RV_FREEWALL	7	1.0	3
-67.40415	5.49023	-71.84358	LAX_RV_EPICARDIAL	7	1.0	3
-67.18264	3.88894	-74.14510	LAX_RV_EPICARDIAL	7	1.0	3
-66.96113	2.28765	-76.44661	LAX_RV_EPICARDIAL	7	1.0	3
-66.73962	0.68636	-78.74812	LAX_RV_EPICARDIAL	7	1.0	3
-65.11832	-0.91493	-80.91490	LAX_RV_EPICARDIAL	7	1.0	3
-62.09725	-2.51623	-82.94696	LAX_RV_EPICARDIAL	7	1.0	3
-60.47595	-4.11752	-85.11375	LAX_RV_EPICARDIAL	7	1.0	3
-58.85466	-5.71881	-87.28054	LAX_RV_EPICARDIAL	7	1.0	3
-57.23336	-7.32010	-89.44732	LAX_RV_EPICARDIAL	7	1.0	3
-55.61207	-8.92139	-91.61411	LAX_RV_EPICARDIAL	7	1.0	3
-52.59099	-10.52269	-93.64617	LAX_RV_EPICARDIAL	7	1.0	3
-50.96970	-12.12398	-95.81296	LAX_RV_EPICARDIAL	7	1.0	3
-49.34840	-13.72527	-97.97974	LAX_RV_EPICARDIAL	7	1.0	3
-46.32733	-15.32656	-100.01181	LAX_RV_EPICARDIAL	7	1.0	3
-43.41701	-16.12721	-100.89311	LAX_RV_EPICARDIAL	7	1.0	3
-40.39593	-17.72850	-102.92517	LAX_RV_EPICARDIAL	7	1.0	3
-37.48561	-18.52915	-103.80648	LAX_RV_EPICARDIAL	7	1.0	3
-34.68605	-18.52915	-103.53703	LAX_RV_EPICARDIAL	7	1.0	3
-31.77573	-19.32979	-104.41834	LAX_RV_EPICARDIAL	7	1.0	3
-28.86541	-20.13044	-105.29964	LAX_RV_EPICARDIAL	7	1.0	3
-25.95510	-20.93109	-106.18095	LAX_RV_EPICARDIAL	7	1.0	3
-23.15553	-20.93109	-105.91150	LAX_RV_EPICARDIAL	7	1.0	3
-20.24521	-21.73173	-106.79281	LAX_RV_EPICARDIAL	7	1.0	3
-17.44565	-21.73173	-106.52336	LAX_RV_EPICARDIAL	7	1.0	3
-14.53533	-22.53238	-107.40466	LAX_RV_EPICARDIAL	7	1.0	3
-11.73577	-22.53238	-107.13521	LAX_RV_EPICARDIAL	7	1.0	3
-8.82545	-23.33303	-108.01652	LAX_RV_EPICARDIAL	7	1.0	3
-6.02589	-23.33303	-107.74707	LAX_RV_EPICARDIAL	7	1.0	3
-3.22633	-23.33303	-107.47762	LAX_RV_EPICARDIAL	7	1.0	3
-0.42676	-23.33303	-107.20817	LAX_RV_EPICARDIAL	7	1.0	3
2.37280	-23.33303	-106.93872	LAX_RV_EPICARDIAL	7	1.0	3
5.17236	-23.33303	-106.66927	LAX_RV_EPICARDIAL	7	1.0	3
8.08268	-24.13368	-107.55058	LAX_RV_EPICARDIAL	7	1.0	3
10.99300	-24.93432	-108.43189	LAX_RV_EPICARDIAL	7	1.0	3
13.79256	-24.93433	-108.16244	LAX_RV_EPICARDIAL	7	1.0	3
16.59212	-24.93433	-107.89299	LAX_RV_EPICARDIAL	7	1.0	3
19.39169	-24.93433	-107.62354	LAX_RV_EPICARDIAL	7	1.0	3
22.19125	-24.93433	-107.35409	LAX_RV_EPICARDIAL	7	1.0	3
24.88006	-24.13368	-105.93388	LAX_RV_EPICARDIAL	7	1.0	3
27.45811	-22.53239	-103.36292	LAX_RV_EPICARDIAL	7	1.0	3
24.43703	-20.93110	-101.33086	LAX_RV_EPICARDIAL	7	1.0	3
22.92649	-20.13045	-100.31483	LAX_RV_SEPTUM	7	1.0	3
19.90542	-18.52916	-98.28277	LAX_RV_SEPTUM	7	1.0	3
16.99510	-17.72852	-97.40146	LAX_RV_SEPTUM	7	1.0	3
13.97402	-16.12722	-95.36940	LAX_RV_SEPTUM	7	1.0	3
10.95295	-14.52593	-93.33734	LAX_RV_SEPTUM	7	1.0	3
7.93187	-12.92464	-91.30528	LAX_RV_SEPTUM	7	1.0	3
4.91080	-11.32335	-89.27322	LAX_RV_SEPTUM	7	1.0	3
3.28950	-9.72206	-87.10643	LAX_RV_SEPTUM	7	1.0	3
0.26843	-8.12076	-85.07437	LAX_RV_SEPTUM	7	1.0	3
-2.75265	-6.51947	-83.04231	LAX_RV_SEPTUM	7	1.0	3
-4.37394	-4.91818	-80.87552	LAX_RV_SEPTUM	7	1.0	3
-5.99524	-3.31689	-78.70873	LAX_RV_SEPTUM	7	1.0	3
-9.01631	-1.71560	-76.67667	LAX_RV_SEPTUM	7	1.0	3
-10.63761	-0.11430	-74.50989	LAX_RV_SEPTUM	7	1.0	3
-12.25890	1.48699	-72.34310	LAX_RV_SEPTUM	7	1.0	3
-13.88020	3.08828	-70.17631	LAX_RV_SEPTUM	7	1.0	3
-15.50149	4.68957	-68.00953	LAX_RV_SEPTUM	7	1.0	3
-17.12279	6.29086	-65.84274	LAX_RV_SEPTUM	7	1.0	3
-18.74408	7.89215	-63.67595	LAX_RV_SEPTUM	7	1.0	3
-20.36537	9.49345	-61.50917	LAX_RV_SEPTUM	7	1.0	3
-21.98667	11.09474	-59.34238	LAX_RV_SEPTUM	7	1.0	3
-23.60796	12.69603	-57.17560	LAX_RV_SEPTUM	7	1.0	3
-25.11850	13.49667	-56.15957	LAX_RV_SEPTUM	7	1.0	3
-22.13748	22.30378	-43.09708	LAX_LV_EPICARDIAL	7	1.0	3
-23.31575	20.70248	-45.53332	LAX_LV_EPICARDIAL	7	1.0	3
-23.09423	19.10119	-47.83483	LAX_LV_EPICARDIAL	7	1.0	3
-24.27250	17.49990	-50.27106	LAX_LV_EPICARDIAL	7	1.0	3
-24.05099	15.89861	-52.57257	LAX_LV_EPICARDIAL	7	1.0	3
27.23659	-20.93110	-101.06141	LAX_LV_EPICARDIAL	7	1.0	3
30.14691	-21.73175	-101.94272	LAX_LV_EPICARDIAL	7	1.0	3
32.94647	-21.73175	-101.67327	LAX_LV_EPICARDIAL	7	1.0	3
35.74604	-21.73175	-101.40382	LAX_LV_EPICARDIAL	7	1.0	3
38.54560	-21.73175	-101.13437	LAX_LV_EPICARDIAL	7	1.0	3
41.23440	-20.93110	-99.71417	LAX_LV_EPICARDIAL	7	1.0	3
43.92321	-20.13046	-98.29396	LAX_LV_EPICARDIAL	7	1.0	3
46.50126	-18.52917	-95.72300	LAX_LV_EPICARDIAL	7	1.0	3
47.67953	-16.92788	-93.28676	LAX_LV_EPICARDIAL	7	1.0	3
48.85780	-15.32659	-90.85053	LAX_LV_EPICARDIAL	7	1.0	3
50.03606	-13.72530	-88.41429	LAX_LV_EPICARDIAL	7	1.0	3
51.21433	-12.12401	-85.97806	LAX_LV_EPICARDIAL	7	1.0	3
52.39260	-10.52272	-83.54182	LAX_LV_EPICARDIAL	7	1.0	3
52.17109	-8.92142	-81.24031	LAX_LV_EPICARDIAL	7	1.0	3
53.34936	-7.32013	-78.80408	LAX_LV_EPICARDIAL	7	1.0	3
53.12784	-5.71884	-76.50256	LAX_LV_EPICARDIAL	7	1.0	3
54.30611	-4.11755	-74.06633	LAX_LV_EPICARDIAL	7	1.0	3
54.08460	-2.51626	-71.76482	LAX_LV_EPICARDIAL	7	1.0	3
55.26287	-0.91497	-69.32858	LAX_LV_EPICARDIAL	7	1.0	3
55.04135	0.68632	-67.02707	LAX_LV_EPICARDIAL	7	1.0	3
54.81984	2.28761	-64.72556	LAX_LV_EPICARDIAL	7	1.0	3
54.59833	3.88890	-62.42405	LAX_LV_EPICARDIAL	7	1.0	3
54.37681	5.49020	-60.12254	LAX_LV_EPICARDIAL	7	1.0	3
54.15530	7.09149	-57.82103	LAX_LV_EPICARDIAL	7	1.0	3
53.93379	8.69278	-55.51952	LAX_LV_EPICARDIAL	7	1.0	3
53.71227	10.29407	-53.21801	LAX_LV_EPICARDIAL	7	1.0	3
52.09098	11.89536	-51.05122	LAX_LV_EPICARDIAL	7	1.0	3
51.86947	13.49665	-48.74971	LAX_LV_EPICARDIAL	7	1.0	3
51.64795	15.09794	-46.44820	LAX_LV_EPICARDIAL	7	1.0	3
50.02666	16.69924	-44.28141	LAX_LV_EPICARDIAL	7	1.0	3
49.80515	18.30053	-41.97990	LAX_LV_EPICARDIAL	7	1.0	3
48.18385	19.90182	-39.81311	LAX_LV_EPICARDIAL	7	1.0	3
46.56256	21.50311	-37.64633	LAX_LV_EPICARDIAL	7	1.0	3
46.34105	23.10440	-35.34482	LAX_LV_EPICARDIAL	7	1.0	3
44.71975	24.70569	-33.17803	LAX_LV_EPICARDIAL	7	1.0	3
43.09846	26.30698	-31.01124	LAX_LV_EPICARDIAL	7	1.0	3
40.07738	27.90828	-28.97918	LAX_LV_EPICARDIAL	7	1.0	3
38.45609	29.50957	-26.81240	LAX_LV_EPICARDIAL	7	1.0	3
36.83479	31.11086	-24.64561	LAX_LV_EPICARDIAL	7	1.0	3
33.81372	32.71215	-22.61355	LAX_LV_EPICARDIAL	7	1.0	3
30.79264	34.31344	-20.58149	LAX_LV_EPICARDIAL	7	1.0	3
27.88232	35.11409	-19.70018	LAX_LV_EPICARDIAL	7	1.0	3
24.97200	35.91474	-18.81888	LAX_LV_EPICARDIAL	7	1.0	3
22.17244	35.91474	-19.08832	LAX_LV_EPICARDIAL	7	1.0	3
19.37288	35.91474	-19.35777	LAX_LV_EPICARDIAL	7	1.0	3
16.57332	35.91474	-19.62722	LAX_LV_EPICARDIAL	7	1.0	3
-20.62694	21.50313	-44.11311	LAX_LV_ENDOCARDIAL	7	1.0	3
-20.40543	19.90184	-46.41462	LAX_LV_ENDOCARDIAL	7	1.0	3
-18.78413	18.30055	-48.58141	LAX_LV_ENDOCARDIAL	7	1.0	3
-18.56262	16.69925	-50.88292	LAX_LV_ENDOCARDIAL	7	1.0	3
-16.94133	15.09796	-53.04971	LAX_LV_ENDOCARDIAL	7	1.0	3
-15.32003	13.49667	-55.21649	LAX_LV_ENDOCARDIAL	7	1.0	3
-13.69874	11.89538	-57.38328	LAX_LV_ENDOCARDIAL	7	1.0	3
-10.67766	10.29409	-59.41534	LAX_LV_ENDOCARDIAL	7	1.0	3
-7.65659	8.69280	-61.44740	LAX_LV_ENDOCARDIAL	7	1.0	3
-6.03529	7.09150	-63.61419	LAX_LV_ENDOCARDIAL	7	1.0	3
-3.01422	5.49021	-65.64625	LAX_LV_ENDOCARDIAL	7	1.0	3
-1.39292	3.88892	-67.81304	LAX_LV_ENDOCARDIAL	7	1.0	3
0.22837	2.28763	-69.97982	LAX_LV_ENDOCARDIAL	7	1.0	3
1.84967	0.68634	-72.14661	LAX_LV_ENDOCARDIAL	7	1.0	3
3.47096	-0.91495	-74.31340	LAX_LV_ENDOCARDIAL	7	1.0	3
5.09225	-2.51625	-76.48018	LAX_LV_ENDOCARDIAL	7	1.0	3
8.11333	-4.11754	-78.51224	LAX_LV_ENDOCARDIAL	7	1.0	3
9.73462	-5.71883	-80.67903	LAX_LV_ENDOCARDIAL	7	1.0	3
11.35592	-7.32012	-82.84582	LAX_LV_ENDOCARDIAL	7	1.0	3
14.37699	-8.92141	-84.87788	LAX_LV_ENDOCARDIAL	7	1.0	3
17.39807	-10.52271	-86.90994	LAX_LV_ENDOCARDIAL	7	1.0	3
19.01936	-12.12400	-89.07673	LAX_LV_ENDOCARDIAL	7	1.0	3
22.04044	-13.72529	-91.10879	LAX_LV_ENDOCARDIAL	7	1.0	3
25.06152	-15.32658	-93.14085	LAX_LV_ENDOCARDIAL	7	1.0	3
27.97183	-16.12723	-94.02215	LAX_LV_ENDOCARDIAL	7	1.0	3
30.99291	-17.72852	-96.05422	LAX_LV_ENDOCARDIAL	7	1.0	3
33.90323	-18.52917	-96.93552	LAX_LV_ENDOCARDIAL	7	1.0	3
36.81355	-19.32981	-97.81683	LAX_LV_ENDOCARDIAL	7	1.0	3
39.61311	-19.32981	-97.54738	LAX_LV_ENDOCARDIAL	7	1.0	3
42.19116	-17.72852	-94.97642	LAX_LV_ENDOCARDIAL	7	1.0	3
43.36943	-16.12723	-92.54018	LAX_LV_ENDOCARDIAL	7	1.0	3
44.54770	-14.52594	-90.10395	LAX_LV_ENDOCARDIAL	7	1.0	3
44.32618	-12.92465	-87.80244	LAX_LV_ENDOCARDIAL	7	1.0	3
44.10467	-11.32336	-85.50093	LAX_LV_ENDOCARDIAL	7	1.0	3
45.28294	-9.72207	-83.06469	LAX_LV_ENDOCARDIAL	7	1.0	3
45.06143	-8.12078	-80.76318	LAX_LV_ENDOCARDIAL	7	1.0	3
46.23969	-6.51949	-78.32694	LAX_LV_ENDOCARDIAL	7	1.0	3
46.01818	-4.91819	-76.02543	LAX_LV_ENDOCARDIAL	7	1.0	3
47.19645	-3.31690	-73.58920	LAX_LV_ENDOCARDIAL	7	1.0	3
46.97494	-1.71561	-71.28769	LAX_LV_ENDOCARDIAL	7	1.0	3
48.15320	-0.11432	-68.85145	LAX_LV_ENDOCARDIAL	7	1.0	3
47.93169	1.48697	-66.54994	LAX_LV_ENDOCARDIAL	7	1.0	3
47.71018	3.08826	-64.24843	LAX_LV_ENDOCARDIAL	7	1.0	3
47.48866	4.68955	-61.94692	LAX_LV_ENDOCARDIAL	7	1.0	3
47.26715	6.29084	-59.64541	LAX_LV_ENDOCARDIAL	7	1.0	3
47.04564	7.89213	-57.34390	LAX_LV_ENDOCARDIAL	7	1.0	3
45.42434	9.49343	-55.17711	LAX_LV_ENDOCARDIAL	7	1.0	3
45.20283	11.09472	-52.87560	LAX_LV_ENDOCARDIAL	7	1.0	3
44.98132	12.69601	-50.57409	LAX_LV_ENDOCARDIAL	7	1.0	3
44.75980	14.29730	-48.27258	LAX_LV_ENDOCARDIAL	7	1.0	3
43.13851	15.89859	-46.10579	LAX_LV_ENDOCARDIAL	7	1.0	3
42.91700	17.49988	-43.80428	LAX_LV_ENDOCARDIAL	7	1.0	3
41.29570	19.10117	-41.63749	LAX_LV_ENDOCARDIAL	7	1.0	3
39.67441	20.70247	-39.47071	LAX_LV_ENDOCARDIAL	7	1.0	3
38.05311	22.30376	-37.30392	LAX_LV_ENDOCARDIAL	7	1.0	3
35.03204	23.90505	-35.27186	LAX_LV_ENDOCARDIAL	7	1.0	3
33.41074	25.50634	-33.10507	LAX_LV_ENDOCARDIAL	7	1.0	3
31.78945	27.10763	-30.93829	LAX_LV_ENDOCARDIAL	7	1.0	3
28.76837	28.70893	-28.90623	LAX_LV_ENDOCARDIAL	7	1.0	3
25.74730	30.31022	-26.87416	LAX_LV_ENDOCARDIAL	7	1.0	3
22.83698	31.11086	-25.99286	LAX_LV_ENDOCARDIAL	7	1.0	3
19.81590	32.71216	-23.96080	LAX_LV_ENDOCARDIAL	7	1.0	3
16.79483	34.31345	-21.92873	LAX_LV_ENDOCARDIAL	7	1.0	3
-67.40415	5.49023	-71.84358	LAX_RV_EPICARDIAL	7	1.0	3
-67.18264	3.88894	-74.14510	LAX_RV_EPICARDIAL	7	1.0	3
-66.96113	2.28765	-76.44661	LAX_RV_EPICARDIAL	7	1.0	3
-66.73962	0.68636	-78.74812	LAX_RV_EPICARDIAL	7	1.0	3
-65.11832	-0.91493	-80.91490	LAX_RV_EPICARDIAL	7	1.0	3
-62.09725	-2.51623	-82.94696	LAX_RV_EPICARDIAL	7	1.0	3
-60.47595	-4.11752	-85.11375	LAX_RV_EPICARDIAL	7	1.0	3
-58.85466	-5.71881	-87.28054	LAX_RV_EPICARDIAL	7	1.0	3
-57.23336	-7.32010	-89.44732	LAX_RV_EPICARDIAL	7	1.0	3
-55.61207	-8.92139	-91.61411	LAX_RV_EPICARDIAL	7	1.0	3
-52.59099	-10.52269	-93.64617	LAX_RV_EPICARDIAL	7	1.0	3
-50.96970	-12.12398	-95.81296	LAX_RV_EPICARDIAL	7	1.0	3
-49.34840	-13.72527	-97.97974	LAX_RV_EPICARDIAL	7	1.0	3
-46.32733	-15.32656	-100.01181	LAX_RV_EPICARDIAL	7	1.0	3
-43.41701	-16.12721	-100.89311	LAX_RV_EPICARDIAL	7	1.0	3
-40.39593	-17.72850	-102.92517	LAX_RV_EPICARDIAL	7	1.0	3
-37.48561	-18.52915	-103.80648	LAX_RV_EPICARDIAL	7	1.0	3
-34.68605	-18.52915	-103.53703	LAX_RV_EPICARDIAL	7	1.0	3
-31.77573	-19.32979	-104.41834	LAX_RV_EPICARDIAL	7	1.0	3
-28.86541	-20.13044	-105.29964	LAX_RV_EPICARDIAL	7	1.0	3
-25.95510	-20.93109	-106.18095	LAX_RV_EPICARDIAL	7	1.0	3
-23.15553	-20.93109	-105.91150	LAX_RV_EPICARDIAL	7	1.0	3
-20.24521	-21.73173	-106.79281	LAX_RV_EPICARDIAL	7	1.0	3
-17.44565	-21.73173	-106.52336	LAX_RV_EPICARDIAL	7	1.0	3
-14.53533	-22.53238	-107.40466	LAX_RV_EPICARDIAL	7	1.0	3
-11.73577	-22.53238	-107.13521	LAX_RV_EPICARDIAL	7	1.0	3
-8.82545	-23.33303	-108.01652	LAX_RV_EPICARDIAL	7	1.0	3
-6.02589	-23.33303	-107.74707	LAX_RV_EPICARDIAL	7	1.0	3
-3.22633	-23.33303	-107.47762	LAX_RV_EPICARDIAL	7	1.0	3
-0.42676	-23.33303	-107.20817	LAX_RV_EPICARDIAL	7	1.0	3
2.37280	-23.33303	-106.93872	LAX_RV_EPICARDIAL	7	1.0	3
5.17236	-23.33303	-106.66927	LAX_RV_EPICARDIAL	7	1.0	3
8.08268	-24.13368	-107.55058	LAX_RV_EPICARDIAL	7	1.0	3
10.99300	-24.93432	-108.43189	LAX_RV_EPICARDIAL	7	1.0	3
13.79256	-24.93433	-108.16244	LAX_RV_EPICARDIAL	7	1.0	3
16.59212	-24.93433	-107.89299	LAX_RV_EPICARDIAL	7	1.0	3
19.39169	-24.93433	-107.62354	LAX_RV_EPICARDIAL	7	1.0	3
22.19125	-24.93433	-107.35409	LAX_RV_EPICARDIAL	7	1.0	3
24.88006	-24.13368	-105.93388	LAX_RV_EPICARDIAL	7	1.0	3
27.45811	-22.53239	-103.36292	LAX_RV_EPICARDIAL	7	1.0	3
24.43703	-20.93110	-101.33086	LAX_RV_EPICARDIAL	7	1.0	3
13.88451	35.11409	-21.04743	MITRAL_VALVE	7	1.0	3
-22.35899	23.90507	-40.79557	MITRAL_VALVE	7	1.0	3
-26.62904	14.29732	-55.14353	TRICUSPID_VALVE	7	1.0	3
-67.51491	6.29088	-70.69283	TRICUSPID_VALVE	7	1.0	3
38.54560	-21.73175	-101.13437	APEX_POINT	7	1.0	3
-10.42158	-18.58493	-5.34165	LAX_RV_FREEWALL	11	1.0	3
-10.04327	-18.57505	-8.12858	LAX_RV_FREEWALL	11	1.0	3
-9.57954	-19.96881	-10.90888	LAX_RV_FREEWALL	11	1.0	3
-9.11581	-21.36257	-13.68918	LAX_RV_FREEWALL	11	1.0	3
-8.73750	-21.35269	-16.47611	LAX_RV_FREEWALL	11	1.0	3
-8.27377	-22.74645	-19.25641	LAX_RV_FREEWALL	11	1.0	3
-7.89546	-22.73657	-22.04333	LAX_RV_FREEWALL	11	1.0	3
-7.51715	-22.72669	-24.83026	LAX_RV_FREEWALL	11	1.0	3
-7.05342	-24.12045	-27.61056	LAX_RV_FREEWALL	11	1.0	3
-6.67510	-24.11057	-30.39748	LAX_RV_FREEWALL	11	1.0	3
-6.29679	-24.10070	-33.18441	LAX_RV_FREEWALL	11	1.0	3
-5.91848	-24.09082	-35.97133	LAX_RV_FREEWALL	11	1.0	3
-5.54017	-24.08094	-38.75825	LAX_RV_FREEWALL	11	1.0	3
-5.16186	-24.07106	-41.54518	LAX_RV_FREEWALL	11	1.0	3
-4.78354	-24.06118	-44.33210	LAX_RV_FREEWALL	11	1.0	3
-4.31982	-25.45494	-47.11240	LAX_RV_FREEWALL	11	1.0	3
-3.94150	-25.44506	-49.89933	LAX_RV_FREEWALL	11	1.0	3
-3.47778	-26.83882	-52.67963	LAX_RV_FREEWALL	11	1.0	3
-3.09946	-26.82894	-55.46655	LAX_RV_FREEWALL	11	1.0	3
-2.72115	-26.81906	-58.25348	LAX_RV_FREEWALL	11	1.0	3
-2.34284	-26.80918	-61.04040	LAX_RV_FREEWALL	11	1.0	3
-1.96453	-26.79931	-63.82732	LAX_RV_FREEWALL	11	1.0	3
-1.50080	-28.19307	-66.60763	LAX_RV_FREEWALL	11	1.0	3
-1.12249	-28.18319	-69.39455	LAX_RV_FREEWALL	11	1.0	3
-0.74417	-28.17331	-72.18147	LAX_RV_FREEWALL	11	1.0	3
-0.45128	-26.75979	-74.97502	LAX_RV_FREEWALL	11	1.0	3
-0.07297	-26.74991	-77.76194	LAX_RV_FREEWALL	11	1.0	3
0.30535	-26.74003	-80.54886	LAX_RV_FREEWALL	11	1.0	3
0.68366	-26.73015	-83.33579	LAX_RV_FREEWALL	11	1.0	3
1.06197	-26.72028	-86.12271	LAX_RV_FREEWALL	11	1.0	3
1.35487	-25.30676	-88.91625	LAX_RV_FREEWALL	11	1.0	3
1.81859	-26.70052	-91.69655	LAX_RV_FREEWALL	11	1.0	3
2.19691	-26.69064	-94.48348	LAX_RV_FREEWALL	11	1.0	3
2.57522	-26.68076	-97.27040	LAX_RV_FREEWALL	11	1.0	3
2.86812	-25.26724	-100.06394	LAX_RV_FREEWALL	11	1.0	3
3.16101	-23.85373	-102.85749	LAX_RV_FREEWALL	11	1.0	3
3.45391	-22.44021	-105.65103	LAX_RV_FREEWALL	11	1.0	3
3.47223	-19.62799	-107.05773	LAX_RV_FREEWALL	11	1.0	3
3.30140	-16.82071	-107.07097	LAX_RV_FREEWALL	11	1.0	3
3.13057	-14.01344	-107.08421	LAX_RV_FREEWALL	11	1.0	3
2.95974	-11.20616	-107.09745	LAX_RV_FREEWALL	11	1.0	3
2.59975	-8.40382	-105.71722	LAX_RV_FREEWALL	11	1.0	3
2.23976	-5.60148	-104.33700	LAX_RV_FREEWALL	11	1.0	3
1.69062	-2.80409	-101.56332	LAX_RV_FREEWALL	11	1.0	3
1.14147	-0.00669	-98.78963	LAX_RV_FREEWALL	11	1.0	3
0.59233	2.79071	-96.01595	LAX_RV_FREEWALL	11	1.0	3
0.04319	5.58811	-93.24226	LAX_RV_FREEWALL	11	1.0	3
-0.50596	8.38551	-90.46858	LAX_RV_FREEWALL	11	1.0	3
-0.60970	6.97693	-89.06850	LAX_RV_FREEWALL	11	1.0	3
-0.62802	4.16471	-87.66180	LAX_RV_SEPTUM	11	1.0	3
-0.45719	1.35744	-87.64856	LAX_RV_SEPTUM	11	1.0	3
-0.47552	-1.45478	-86.24186	LAX_RV_SEPTUM	11	1.0	3
-0.49384	-4.26700	-84.83516	LAX_RV_SEPTUM	11	1.0	3
-0.51216	-7.07921	-83.42846	LAX_RV_SEPTUM	11	1.0	3
-0.71964	-9.89637	-80.62829	LAX_RV_SEPTUM	11	1.0	3
-0.92713	-12.71353	-77.82813	LAX_RV_SEPTUM	11	1.0	3
-1.22002	-14.12704	-75.03459	LAX_RV_SEPTUM	11	1.0	3
-1.59833	-14.13692	-72.24767	LAX_RV_SEPTUM	11	1.0	3
-1.97665	-14.14680	-69.46074	LAX_RV_SEPTUM	11	1.0	3
-2.35496	-14.15668	-66.67382	LAX_RV_SEPTUM	11	1.0	3
-2.73327	-14.16656	-63.88690	LAX_RV_SEPTUM	11	1.0	3
-3.02617	-15.58008	-61.09336	LAX_RV_SEPTUM	11	1.0	3
-3.40448	-15.58995	-58.30643	LAX_RV_SEPTUM	11	1.0	3
-3.78279	-15.59983	-55.51951	LAX_RV_SEPTUM	11	1.0	3
-4.24652	-14.20607	-52.73921	LAX_RV_SEPTUM	11	1.0	3
-4.62483	-14.21595	-49.95228	LAX_RV_SEPTUM	11	1.0	3
-5.00314	-14.22583	-47.16536	LAX_RV_SEPTUM	11	1.0	3
-5.46687	-12.83207	-44.38506	LAX_RV_SEPTUM	11	1.0	3
-5.93060	-11.43831	-41.60475	LAX_RV_SEPTUM	11	1.0	3
-6.39433	-10.04455	-38.82445	LAX_RV_SEPTUM	11	1.0	3
-6.85806	-8.65079	-36.04414	LAX_RV_SEPTUM	11	1.0	3
-7.32178	-7.25703	-33.26384	LAX_RV_SEPTUM	11	1.0	3
-7.70010	-7.26691	-30.47692	LAX_RV_SEPTUM	11	1.0	3
-8.16382	-5.87315	-27.69661	LAX_RV_SEPTUM	11	1.0	3
-8.62755	-4.47939	-24.91631	LAX_RV_SEPTUM	11	1.0	3
-9.09128	-3.08563	-22.13601	LAX_RV_SEPTUM	11	1.0	3
-9.64042	-0.28823	-19.36232	LAX_RV_SEPTUM	11	1.0	3
-10.10415	1.10553	-16.58202	LAX_RV_SEPTUM	11	1.0	3
-10.79989	-18.59481	-2.55473	LAX_RV_EPICARDIAL	11	1.0	3
-10.25075	-21.39221	-5.32842	LAX_RV_EPICARDIAL	11	1.0	3
-9.78702	-22.78597	-8.10872	LAX_RV_EPICARDIAL	11	1.0	3
-9.40871	-22.77609	-10.89564	LAX_RV_EPICARDIAL	11	1.0	3
-8.94498	-24.16985	-13.67595	LAX_RV_EPICARDIAL	11	1.0	3
-8.48125	-25.56361	-16.45625	LAX_RV_EPICARDIAL	11	1.0	3
-8.01752	-26.95737	-19.23655	LAX_RV_EPICARDIAL	11	1.0	3
-7.63921	-26.94749	-22.02348	LAX_RV_EPICARDIAL	11	1.0	3
-7.26090	-26.93761	-24.81040	LAX_RV_EPICARDIAL	11	1.0	3
-6.88259	-26.92773	-27.59732	LAX_RV_EPICARDIAL	11	1.0	3
-6.50427	-26.91785	-30.38425	LAX_RV_EPICARDIAL	11	1.0	3
-6.12596	-26.90797	-33.17117	LAX_RV_EPICARDIAL	11	1.0	3
-5.74765	-26.89809	-35.95809	LAX_RV_EPICARDIAL	11	1.0	3
-5.45475	-25.48458	-38.75163	LAX_RV_EPICARDIAL	11	1.0	3
-5.07644	-25.47470	-41.53856	LAX_RV_EPICARDIAL	11	1.0	3
-4.61271	-26.86846	-44.31886	LAX_RV_EPICARDIAL	11	1.0	3
-4.14898	-28.26222	-47.09917	LAX_RV_EPICARDIAL	11	1.0	3
-3.77067	-28.25234	-49.88609	LAX_RV_EPICARDIAL	11	1.0	3
-3.30694	-29.64610	-52.66639	LAX_RV_EPICARDIAL	11	1.0	3
-2.92863	-29.63622	-55.45332	LAX_RV_EPICARDIAL	11	1.0	3
-2.46490	-31.02998	-58.23362	LAX_RV_EPICARDIAL	11	1.0	3
-2.08659	-31.02010	-61.02054	LAX_RV_EPICARDIAL	11	1.0	3
-1.79370	-29.60658	-63.81408	LAX_RV_EPICARDIAL	11	1.0	3
-1.32997	-31.00034	-66.59439	LAX_RV_EPICARDIAL	11	1.0	3
-0.95165	-30.99046	-69.38131	LAX_RV_EPICARDIAL	11	1.0	3
-0.57334	-30.98059	-72.16823	LAX_RV_EPICARDIAL	11	1.0	3
-0.19503	-30.97071	-74.95516	LAX_RV_EPICARDIAL	11	1.0	3
0.09787	-29.55719	-77.74870	LAX_RV_EPICARDIAL	11	1.0	3
0.47618	-29.54731	-80.53562	LAX_RV_EPICARDIAL	11	1.0	3
0.85449	-29.53743	-83.32255	LAX_RV_EPICARDIAL	11	1.0	3
1.23280	-29.52755	-86.10947	LAX_RV_EPICARDIAL	11	1.0	3
1.61111	-29.51767	-88.89639	LAX_RV_EPICARDIAL	11	1.0	3
1.98943	-29.50780	-91.68332	LAX_RV_EPICARDIAL	11	1.0	3
2.36774	-29.49792	-94.47024	LAX_RV_EPICARDIAL	11	1.0	3
2.74605	-29.48804	-97.25716	LAX_RV_EPICARDIAL	11	1.0	3
3.12436	-29.47816	-100.04409	LAX_RV_EPICARDIAL	11	1.0	3
3.41726	-28.06464	-102.83763	LAX_RV_EPICARDIAL	11	1.0	3
3.71016	-26.65112	-105.63117	LAX_RV_EPICARDIAL	11	1.0	3
4.00305	-25.23761	-108.42471	LAX_RV_EPICARDIAL	11	1.0	3
4.21053	-22.42045	-111.22487	LAX_RV_EPICARDIAL	11	1.0	3
4.03970	-19.61317	-111.23811	LAX_RV_EPICARDIAL	11	1.0	3
3.86887	-16.80590	-111.25135	LAX_RV_EPICARDIAL	11	1.0	3
3.69804	-13.99862	-111.26459	LAX_RV_EPICARDIAL	11	1.0	3
3.52721	-11.19134	-111.27783	LAX_RV_EPICARDIAL	11	1.0	3
3.16722	-8.38900	-109.89761	LAX_RV_EPICARDIAL	11	1.0	3
2.80723	-5.58667	-108.51738	LAX_RV_EPICARDIAL	11	1.0	3
2.44724	-2.78433	-107.13716	LAX_RV_EPICARDIAL	11	1.0	3
2.08725	0.01801	-105.75694	LAX_RV_EPICARDIAL	11	1.0	3
1.62353	1.41177	-102.97663	LAX_RV_EPICARDIAL	11	1.0	3
1.07438	4.20917	-100.20295	LAX_RV_EPICARDIAL	11	1.0	3
0.71439	7.01151	-98.82273	LAX_RV_EPICARDIAL	11	1.0	3
0.16525	9.80890	-96.04904	LAX_RV_EPICARDIAL	11	1.0	3
-0.38389	12.60630	-93.27536	LAX_RV_EPICARDIAL	11	1.0	3
-0.84762	14.00006	-90.49506	LAX_RV_EPICARDIAL	11	1.0	3
-0.95136	12.59148	-89.09497	LAX_RV_EPICARDIAL	11	1.0	3
-0.78053	9.78421	-89.08174	LAX_RV_EPICARDIAL	11	1.0	3
-11.15988	-15.79247	-1.17451	PULMONARY_VALVE	11	1.0	3
-10.48246	1.09565	-13.79509	PULMONARY_VALVE	11	1.0	3
