x	y	z	contour type	frameID	weight	time frame
14.41685	11.08434	-22.16646	SAX_LV_EPICARDIAL	2	1.0	13
15.47909	13.29388	-23.54477	SAX_LV_EPICARDIAL	2	1.0	13
15.42749	15.50341	-25.78151	SAX_LV_EPICARDIAL	2	1.0	13
16.48973	17.71295	-27.15982	SAX_LV_EPICARDIAL	2	1.0	13
18.66582	19.92249	-27.67971	SAX_LV_EPICARDIAL	2	1.0	13
20.84190	22.13202	-28.19960	SAX_LV_EPICARDIAL	2	1.0	13
21.90414	24.34156	-29.57791	SAX_LV_EPICARDIAL	2	1.0	13
22.96639	26.55110	-30.95623	SAX_LV_EPICARDIAL	2	1.0	13
24.02863	28.76063	-32.33454	SAX_LV_EPICARDIAL	2	1.0	13
23.97703	30.97017	-34.57128	SAX_LV_EPICARDIAL	2	1.0	13
23.92542	33.17970	-36.80801	SAX_LV_EPICARDIAL	2	1.0	13
-6.14837	33.17967	-59.98543	SAX_LV_EPICARDIAL	2	1.0	13
-8.90718	32.07490	-61.01312	SAX_LV_EPICARDIAL	2	1.0	13
-8.37606	33.17967	-61.70227	SAX_LV_EPICARDIAL	2	1.0	13
-7.31382	35.38921	-63.08059	SAX_LV_EPICARDIAL	2	1.0	13
-5.13773	37.59875	-63.60048	SAX_LV_EPICARDIAL	2	1.0	13
-2.96164	39.80828	-64.12037	SAX_LV_EPICARDIAL	2	1.0	13
-0.20283	40.91305	-63.09268	SAX_LV_EPICARDIAL	2	1.0	13
2.55597	42.01783	-62.06499	SAX_LV_EPICARDIAL	2	1.0	13
5.84590	44.22736	-61.72646	SAX_LV_EPICARDIAL	2	1.0	13
8.60471	45.33213	-60.69877	SAX_LV_EPICARDIAL	2	1.0	13
11.36352	46.43691	-59.67108	SAX_LV_EPICARDIAL	2	1.0	13
14.12233	47.54168	-58.64339	SAX_LV_EPICARDIAL	2	1.0	13
16.35002	47.54168	-56.92655	SAX_LV_EPICARDIAL	2	1.0	13
18.57771	47.54168	-55.20970	SAX_LV_EPICARDIAL	2	1.0	13
20.80540	47.54168	-53.49286	SAX_LV_EPICARDIAL	2	1.0	13
22.50197	46.43692	-51.08685	SAX_LV_EPICARDIAL	2	1.0	13
24.72965	46.43692	-49.37001	SAX_LV_EPICARDIAL	2	1.0	13
26.42622	45.33215	-46.96401	SAX_LV_EPICARDIAL	2	1.0	13
28.12279	44.22739	-44.55800	SAX_LV_EPICARDIAL	2	1.0	13
29.81936	43.12262	-42.15200	SAX_LV_EPICARDIAL	2	1.0	13
30.98480	40.91309	-39.05684	SAX_LV_EPICARDIAL	2	1.0	13
32.15025	38.70355	-35.96168	SAX_LV_EPICARDIAL	2	1.0	13
32.20185	36.49402	-33.72495	SAX_LV_EPICARDIAL	2	1.0	13
32.25345	34.28448	-31.48821	SAX_LV_EPICARDIAL	2	1.0	13
32.30506	32.07495	-29.25147	SAX_LV_EPICARDIAL	2	1.0	13
31.24281	29.86541	-27.87316	SAX_LV_EPICARDIAL	2	1.0	13
30.18057	27.65587	-26.49485	SAX_LV_EPICARDIAL	2	1.0	13
29.11833	25.44634	-25.11653	SAX_LV_EPICARDIAL	2	1.0	13
28.05609	23.23680	-23.73822	SAX_LV_EPICARDIAL	2	1.0	13
25.88000	21.02726	-23.21833	SAX_LV_EPICARDIAL	2	1.0	13
24.81776	18.81772	-21.84002	SAX_LV_EPICARDIAL	2	1.0	13
22.64168	16.60819	-21.32013	SAX_LV_EPICARDIAL	2	1.0	13
19.35174	14.39865	-21.65866	SAX_LV_EPICARDIAL	2	1.0	13
16.06181	12.18911	-21.99719	SAX_LV_EPICARDIAL	2	1.0	13
-3.07995	21.02723	-45.53732	SAX_LV_ENDOCARDIAL	2	1.0	13
-4.77651	22.13200	-47.94332	SAX_LV_ENDOCARDIAL	2	1.0	13
-4.82812	24.34153	-50.18006	SAX_LV_ENDOCARDIAL	2	1.0	13
-4.87972	26.55107	-52.41680	SAX_LV_ENDOCARDIAL	2	1.0	13
-6.57629	27.65584	-54.82280	SAX_LV_ENDOCARDIAL	2	1.0	13
-6.62789	29.86537	-57.05954	SAX_LV_ENDOCARDIAL	2	1.0	13
-5.56565	32.07491	-58.43785	SAX_LV_ENDOCARDIAL	2	1.0	13
-3.38956	34.28445	-58.95774	SAX_LV_ENDOCARDIAL	2	1.0	13
-0.09963	36.49398	-58.61921	SAX_LV_ENDOCARDIAL	2	1.0	13
2.65918	37.59875	-57.59152	SAX_LV_ENDOCARDIAL	2	1.0	13
5.41799	38.70353	-56.56383	SAX_LV_ENDOCARDIAL	2	1.0	13
8.17680	39.80830	-55.53614	SAX_LV_ENDOCARDIAL	2	1.0	13
10.40449	39.80830	-53.81930	SAX_LV_ENDOCARDIAL	2	1.0	13
12.63217	39.80830	-52.10245	SAX_LV_ENDOCARDIAL	2	1.0	13
14.85986	39.80830	-50.38560	SAX_LV_ENDOCARDIAL	2	1.0	13
16.55643	38.70354	-47.97960	SAX_LV_ENDOCARDIAL	2	1.0	13
18.78412	38.70354	-46.26276	SAX_LV_ENDOCARDIAL	2	1.0	13
20.48069	37.59877	-43.85675	SAX_LV_ENDOCARDIAL	2	1.0	13
22.17725	36.49401	-41.45075	SAX_LV_ENDOCARDIAL	2	1.0	13
23.34270	34.28447	-38.35559	SAX_LV_ENDOCARDIAL	2	1.0	13
22.28046	32.07494	-36.97728	SAX_LV_ENDOCARDIAL	2	1.0	13
20.58389	33.17970	-39.38328	SAX_LV_ENDOCARDIAL	2	1.0	13
17.82508	32.07493	-40.41097	SAX_LV_ENDOCARDIAL	2	1.0	13
15.64900	29.86539	-39.89108	SAX_LV_ENDOCARDIAL	2	1.0	13
14.58675	27.65586	-38.51277	SAX_LV_ENDOCARDIAL	2	1.0	13
12.41067	25.44632	-37.99288	SAX_LV_ENDOCARDIAL	2	1.0	13
9.65186	24.34155	-39.02056	SAX_LV_ENDOCARDIAL	2	1.0	13
6.36193	22.13201	-39.35910	SAX_LV_ENDOCARDIAL	2	1.0	13
4.13424	22.13201	-41.07594	SAX_LV_ENDOCARDIAL	2	1.0	13
1.37543	21.02724	-42.10363	SAX_LV_ENDOCARDIAL	2	1.0	13
-0.85226	21.02723	-43.82048	SAX_LV_ENDOCARDIAL	2	1.0	13
-43.88830	-25.27688	-59.39257	SAX_RV_FREEWALL	3	1.0	13
-45.58487	-24.17212	-61.79857	SAX_RV_FREEWALL	3	1.0	13
-47.81255	-24.17212	-63.51542	SAX_RV_FREEWALL	3	1.0	13
-49.50912	-23.06735	-65.92142	SAX_RV_FREEWALL	3	1.0	13
-51.73681	-23.06736	-67.63827	SAX_RV_FREEWALL	3	1.0	13
-53.43338	-21.96259	-70.04427	SAX_RV_FREEWALL	3	1.0	13
-54.59882	-19.75306	-73.13943	SAX_RV_FREEWALL	3	1.0	13
-56.29539	-18.64829	-75.54543	SAX_RV_FREEWALL	3	1.0	13
-57.46084	-16.43876	-78.64059	SAX_RV_FREEWALL	3	1.0	13
-56.39860	-14.22922	-80.01890	SAX_RV_FREEWALL	3	1.0	13
-55.33636	-12.01968	-81.39721	SAX_RV_FREEWALL	3	1.0	13
-54.27411	-9.81015	-82.77553	SAX_RV_FREEWALL	3	1.0	13
-52.09803	-7.60061	-83.29542	SAX_RV_FREEWALL	3	1.0	13
-48.80810	-5.39107	-82.95689	SAX_RV_FREEWALL	3	1.0	13
-45.51817	-3.18153	-82.61835	SAX_RV_FREEWALL	3	1.0	13
-42.75936	-2.07676	-81.59067	SAX_RV_FREEWALL	3	1.0	13
-39.46943	0.13278	-81.25213	SAX_RV_FREEWALL	3	1.0	13
-37.29334	2.34232	-81.77202	SAX_RV_FREEWALL	3	1.0	13
-34.00341	4.55185	-81.43349	SAX_RV_FREEWALL	3	1.0	13
-30.71348	6.76139	-81.09496	SAX_RV_FREEWALL	3	1.0	13
-27.42355	8.97093	-80.75643	SAX_RV_FREEWALL	3	1.0	13
-24.13362	11.18047	-80.41790	SAX_RV_FREEWALL	3	1.0	13
-21.37481	12.28524	-79.39021	SAX_RV_FREEWALL	3	1.0	13
-19.14712	12.28524	-77.67336	SAX_RV_FREEWALL	3	1.0	13
-16.91943	12.28525	-75.95652	SAX_RV_FREEWALL	3	1.0	13
6.02828	-16.43869	-29.71049	SAX_RV_FREEWALL	3	1.0	13
3.26947	-17.54346	-30.73818	SAX_RV_FREEWALL	3	1.0	13
0.51066	-18.64823	-31.76587	SAX_RV_FREEWALL	3	1.0	13
-2.77927	-20.85777	-32.10440	SAX_RV_FREEWALL	3	1.0	13
-5.53808	-21.96254	-33.13209	SAX_RV_FREEWALL	3	1.0	13
-8.29689	-23.06731	-34.15978	SAX_RV_FREEWALL	3	1.0	13
-11.05570	-24.17208	-35.18746	SAX_RV_FREEWALL	3	1.0	13
-13.28338	-24.17209	-36.90431	SAX_RV_FREEWALL	3	1.0	13
-16.04219	-25.27686	-37.93200	SAX_RV_FREEWALL	3	1.0	13
-18.26988	-25.27686	-39.64884	SAX_RV_FREEWALL	3	1.0	13
-20.49757	-25.27686	-41.36569	SAX_RV_FREEWALL	3	1.0	13
-22.72526	-25.27686	-43.08254	SAX_RV_FREEWALL	3	1.0	13
-24.95295	-25.27687	-44.79938	SAX_RV_FREEWALL	3	1.0	13
-27.18064	-25.27687	-46.51623	SAX_RV_FREEWALL	3	1.0	13
-29.40832	-25.27687	-48.23307	SAX_RV_FREEWALL	3	1.0	13
-31.63601	-25.27687	-49.94992	SAX_RV_FREEWALL	3	1.0	13
-33.86370	-25.27687	-51.66676	SAX_RV_FREEWALL	3	1.0	13
-35.56027	-24.17211	-54.07277	SAX_RV_FREEWALL	3	1.0	13
-37.78796	-24.17211	-55.78961	SAX_RV_FREEWALL	3	1.0	13
-40.54677	-25.27688	-56.81730	SAX_RV_FREEWALL	3	1.0	13
-42.77445	-25.27688	-58.53415	SAX_RV_FREEWALL	3	1.0	13
-23.73590	-29.69594	-39.46749	SAX_RV_EPICARDIAL	3	1.0	13
-25.43247	-28.59117	-41.87349	SAX_RV_EPICARDIAL	3	1.0	13
-27.66015	-28.59117	-43.59033	SAX_RV_EPICARDIAL	3	1.0	13
-29.88784	-28.59117	-45.30718	SAX_RV_EPICARDIAL	3	1.0	13
-32.11553	-28.59118	-47.02403	SAX_RV_EPICARDIAL	3	1.0	13
-34.34322	-28.59118	-48.74087	SAX_RV_EPICARDIAL	3	1.0	13
-36.57091	-28.59118	-50.45772	SAX_RV_EPICARDIAL	3	1.0	13
-38.26748	-27.48641	-52.86372	SAX_RV_EPICARDIAL	3	1.0	13
-40.49516	-27.48642	-54.58056	SAX_RV_EPICARDIAL	3	1.0	13
-42.72285	-27.48642	-56.29741	SAX_RV_EPICARDIAL	3	1.0	13
-44.95054	-27.48642	-58.01426	SAX_RV_EPICARDIAL	3	1.0	13
-47.17823	-27.48642	-59.73110	SAX_RV_EPICARDIAL	3	1.0	13
-49.40592	-27.48643	-61.44795	SAX_RV_EPICARDIAL	3	1.0	13
-51.10249	-26.38166	-63.85395	SAX_RV_EPICARDIAL	3	1.0	13
-53.33017	-26.38166	-65.57079	SAX_RV_EPICARDIAL	3	1.0	13
-55.02674	-25.27690	-67.97680	SAX_RV_EPICARDIAL	3	1.0	13
-56.72331	-24.17213	-70.38280	SAX_RV_EPICARDIAL	3	1.0	13
-57.88875	-21.96260	-73.47796	SAX_RV_EPICARDIAL	3	1.0	13
-59.05420	-19.75306	-76.57312	SAX_RV_EPICARDIAL	3	1.0	13
-59.10580	-17.54353	-78.80985	SAX_RV_EPICARDIAL	3	1.0	13
-59.15741	-15.33399	-81.04659	SAX_RV_EPICARDIAL	3	1.0	13
-59.20901	-13.12445	-83.28333	SAX_RV_EPICARDIAL	3	1.0	13
-57.03292	-10.91492	-83.80322	SAX_RV_EPICARDIAL	3	1.0	13
-55.97068	-8.70538	-85.18153	SAX_RV_EPICARDIAL	3	1.0	13
-53.79459	-6.49584	-85.70142	SAX_RV_EPICARDIAL	3	1.0	13
-50.50466	-4.28630	-85.36289	SAX_RV_EPICARDIAL	3	1.0	13
-48.32858	-2.07677	-85.88278	SAX_RV_EPICARDIAL	3	1.0	13
-45.03865	0.13277	-85.54425	SAX_RV_EPICARDIAL	3	1.0	13
-41.74872	2.34231	-85.20572	SAX_RV_EPICARDIAL	3	1.0	13
-38.45879	4.55185	-84.86718	SAX_RV_EPICARDIAL	3	1.0	13
-35.16886	6.76139	-84.52865	SAX_RV_EPICARDIAL	3	1.0	13
-31.87893	8.97093	-84.19012	SAX_RV_EPICARDIAL	3	1.0	13
-29.12012	10.07570	-83.16243	SAX_RV_EPICARDIAL	3	1.0	13
-25.83019	12.28524	-82.82390	SAX_RV_EPICARDIAL	3	1.0	13
-22.54026	14.49478	-82.48537	SAX_RV_EPICARDIAL	3	1.0	13
-19.78145	15.59955	-81.45768	SAX_RV_EPICARDIAL	3	1.0	13
-17.02264	16.70432	-80.42999	SAX_RV_EPICARDIAL	3	1.0	13
-14.79495	16.70432	-78.71314	SAX_RV_EPICARDIAL	3	1.0	13
-12.56726	16.70432	-76.99630	SAX_RV_EPICARDIAL	3	1.0	13
-13.04678	13.39002	-74.07040	SAX_RV_EPICARDIAL	3	1.0	13
12.07702	-13.12438	-28.34427	SAX_RV_EPICARDIAL	3	1.0	13
14.88743	-14.22915	-25.07984	SAX_RV_EPICARDIAL	3	1.0	13
11.59750	-16.43869	-25.41837	SAX_RV_EPICARDIAL	3	1.0	13
8.83869	-17.54346	-26.44606	SAX_RV_EPICARDIAL	3	1.0	13
5.54876	-19.75300	-26.78459	SAX_RV_EPICARDIAL	3	1.0	13
2.78995	-20.85777	-27.81228	SAX_RV_EPICARDIAL	3	1.0	13
0.03114	-21.96254	-28.83997	SAX_RV_EPICARDIAL	3	1.0	13
-3.25879	-24.17208	-29.17850	SAX_RV_EPICARDIAL	3	1.0	13
-6.01760	-25.27685	-30.20619	SAX_RV_EPICARDIAL	3	1.0	13
-8.77640	-26.38162	-31.23388	SAX_RV_EPICARDIAL	3	1.0	13
-11.53521	-27.48639	-32.26157	SAX_RV_EPICARDIAL	3	1.0	13
-14.29402	-28.59116	-33.28926	SAX_RV_EPICARDIAL	3	1.0	13
-17.05283	-29.69593	-34.31695	SAX_RV_EPICARDIAL	3	1.0	13
-19.28052	-29.69593	-36.03379	SAX_RV_EPICARDIAL	3	1.0	13
-21.50821	-29.69593	-37.75064	SAX_RV_EPICARDIAL	3	1.0	13
-14.69174	12.28525	-74.23967	SAX_RV_SEPTUM	3	1.0	13
-13.52630	10.07571	-71.14451	SAX_RV_SEPTUM	3	1.0	13
-13.47470	7.86618	-68.90777	SAX_RV_SEPTUM	3	1.0	13
-13.42309	5.65664	-66.67104	SAX_RV_SEPTUM	3	1.0	13
-13.37149	3.44711	-64.43430	SAX_RV_SEPTUM	3	1.0	13
-13.31989	1.23757	-62.19757	SAX_RV_SEPTUM	3	1.0	13
-13.26829	-0.97196	-59.96083	SAX_RV_SEPTUM	3	1.0	13
-13.21668	-3.18150	-57.72409	SAX_RV_SEPTUM	3	1.0	13
-12.05124	-5.39103	-54.62893	SAX_RV_SEPTUM	3	1.0	13
-10.88579	-7.60057	-51.53377	SAX_RV_SEPTUM	3	1.0	13
-9.72034	-9.81010	-48.43862	SAX_RV_SEPTUM	3	1.0	13
-8.55490	-12.01964	-45.34346	SAX_RV_SEPTUM	3	1.0	13
-6.85833	-13.12440	-42.93745	SAX_RV_SEPTUM	3	1.0	13
-5.16176	-14.22917	-40.53145	SAX_RV_SEPTUM	3	1.0	13
-2.93407	-14.22917	-38.81461	SAX_RV_SEPTUM	3	1.0	13
-0.70639	-14.22916	-37.09776	SAX_RV_SEPTUM	3	1.0	13
1.52130	-14.22916	-35.38092	SAX_RV_SEPTUM	3	1.0	13
3.74899	-14.22916	-33.66407	SAX_RV_SEPTUM	3	1.0	13
5.97668	-14.22916	-31.94722	SAX_RV_SEPTUM	3	1.0	13
8.20437	-14.22916	-30.23038	SAX_RV_SEPTUM	3	1.0	13
10.43206	-14.22915	-28.51353	SAX_RV_SEPTUM	3	1.0	13
11.54590	-14.22915	-27.65511	SAX_RV_SEPTUM	3	1.0	13
8.78709	-15.33392	-28.68280	SAX_RV_SEPTUM	3	1.0	13
-10.87069	15.59956	-74.59029	SAX_LV_EPICARDIAL	3	1.0	13
-9.80845	17.80909	-75.96861	SAX_LV_EPICARDIAL	3	1.0	13
-7.63237	20.01863	-76.48850	SAX_LV_EPICARDIAL	3	1.0	13
-6.57012	22.22817	-77.86681	SAX_LV_EPICARDIAL	3	1.0	13
-4.39404	24.43770	-78.38670	SAX_LV_EPICARDIAL	3	1.0	13
-1.10411	26.64724	-78.04817	SAX_LV_EPICARDIAL	3	1.0	13
1.07198	28.85678	-78.56806	SAX_LV_EPICARDIAL	3	1.0	13
4.36191	31.06632	-78.22953	SAX_LV_EPICARDIAL	3	1.0	13
7.65184	33.27586	-77.89100	SAX_LV_EPICARDIAL	3	1.0	13
10.41065	34.38063	-76.86331	SAX_LV_EPICARDIAL	3	1.0	13
13.16946	35.48540	-75.83562	SAX_LV_EPICARDIAL	3	1.0	13
15.92827	36.59017	-74.80793	SAX_LV_EPICARDIAL	3	1.0	13
18.68708	37.69494	-73.78024	SAX_LV_EPICARDIAL	3	1.0	13
21.44589	38.79971	-72.75255	SAX_LV_EPICARDIAL	3	1.0	13
23.67357	38.79971	-71.03571	SAX_LV_EPICARDIAL	3	1.0	13
26.43238	39.90448	-70.00802	SAX_LV_EPICARDIAL	3	1.0	13
28.66007	39.90449	-68.29117	SAX_LV_EPICARDIAL	3	1.0	13
30.88776	39.90449	-66.57433	SAX_LV_EPICARDIAL	3	1.0	13
33.11545	39.90449	-64.85748	SAX_LV_EPICARDIAL	3	1.0	13
35.34314	39.90449	-63.14063	SAX_LV_EPICARDIAL	3	1.0	13
37.57083	39.90449	-61.42379	SAX_LV_EPICARDIAL	3	1.0	13
39.79851	39.90450	-59.70694	SAX_LV_EPICARDIAL	3	1.0	13
41.49508	38.79973	-57.30094	SAX_LV_EPICARDIAL	3	1.0	13
43.19165	37.69496	-54.89494	SAX_LV_EPICARDIAL	3	1.0	13
44.88822	36.59020	-52.48894	SAX_LV_EPICARDIAL	3	1.0	13
46.05366	34.38066	-49.39378	SAX_LV_EPICARDIAL	3	1.0	13
47.21911	32.17113	-46.29862	SAX_LV_EPICARDIAL	3	1.0	13
48.38456	29.96159	-43.20346	SAX_LV_EPICARDIAL	3	1.0	13
48.43616	27.75206	-40.96672	SAX_LV_EPICARDIAL	3	1.0	13
48.48776	25.54252	-38.72999	SAX_LV_EPICARDIAL	3	1.0	13
48.53936	23.33299	-36.49325	SAX_LV_EPICARDIAL	3	1.0	13
48.59097	21.12345	-34.25651	SAX_LV_EPICARDIAL	3	1.0	13
47.52872	18.91392	-32.87820	SAX_LV_EPICARDIAL	3	1.0	13
47.58033	16.70438	-30.64146	SAX_LV_EPICARDIAL	3	1.0	13
46.51808	14.49484	-29.26315	SAX_LV_EPICARDIAL	3	1.0	13
45.45584	12.28531	-27.88484	SAX_LV_EPICARDIAL	3	1.0	13
44.39360	10.07577	-26.50652	SAX_LV_EPICARDIAL	3	1.0	13
43.33136	7.86623	-25.12821	SAX_LV_EPICARDIAL	3	1.0	13
41.15527	5.65670	-24.60832	SAX_LV_EPICARDIAL	3	1.0	13
40.09303	3.44716	-23.23001	SAX_LV_EPICARDIAL	3	1.0	13
37.91695	1.23762	-22.71012	SAX_LV_EPICARDIAL	3	1.0	13
35.74086	-0.97191	-22.19023	SAX_LV_EPICARDIAL	3	1.0	13
33.56477	-3.18145	-21.67033	SAX_LV_EPICARDIAL	3	1.0	13
30.27484	-5.39099	-22.00887	SAX_LV_EPICARDIAL	3	1.0	13
27.51603	-6.49576	-23.03656	SAX_LV_EPICARDIAL	3	1.0	13
24.22610	-8.70530	-23.37509	SAX_LV_EPICARDIAL	3	1.0	13
21.46729	-9.81007	-24.40278	SAX_LV_EPICARDIAL	3	1.0	13
18.70848	-10.91484	-25.43047	SAX_LV_EPICARDIAL	3	1.0	13
15.94967	-12.01961	-26.45815	SAX_LV_EPICARDIAL	3	1.0	13
6.83251	-3.18148	-42.27248	SAX_LV_ENDOCARDIAL	3	1.0	13
5.13594	-2.07671	-44.67848	SAX_LV_ENDOCARDIAL	3	1.0	13
2.90826	-2.07672	-46.39533	SAX_LV_ENDOCARDIAL	3	1.0	13
1.74281	0.13282	-49.49049	SAX_LV_ENDOCARDIAL	3	1.0	13
0.04624	1.23759	-51.89649	SAX_LV_ENDOCARDIAL	3	1.0	13
-1.65033	2.34235	-54.30249	SAX_LV_ENDOCARDIAL	3	1.0	13
-2.81577	4.55189	-57.39765	SAX_LV_ENDOCARDIAL	3	1.0	13
-2.86737	6.76142	-59.63439	SAX_LV_ENDOCARDIAL	3	1.0	13
-2.91898	8.97096	-61.87113	SAX_LV_ENDOCARDIAL	3	1.0	13
-2.97058	11.18049	-64.10786	SAX_LV_ENDOCARDIAL	3	1.0	13
-3.02218	13.39003	-66.34460	SAX_LV_ENDOCARDIAL	3	1.0	13
-1.95994	15.59956	-67.72291	SAX_LV_ENDOCARDIAL	3	1.0	13
-0.89770	17.80910	-69.10122	SAX_LV_ENDOCARDIAL	3	1.0	13
1.27839	20.01864	-69.62112	SAX_LV_ENDOCARDIAL	3	1.0	13
3.45447	22.22818	-70.14101	SAX_LV_ENDOCARDIAL	3	1.0	13
5.63056	24.43771	-70.66090	SAX_LV_ENDOCARDIAL	3	1.0	13
7.80665	26.64725	-71.18079	SAX_LV_ENDOCARDIAL	3	1.0	13
10.56546	27.75202	-70.15310	SAX_LV_ENDOCARDIAL	3	1.0	13
13.32427	28.85679	-69.12541	SAX_LV_ENDOCARDIAL	3	1.0	13
16.08307	29.96156	-68.09772	SAX_LV_ENDOCARDIAL	3	1.0	13
18.84188	31.06633	-67.07003	SAX_LV_ENDOCARDIAL	3	1.0	13
21.06957	31.06634	-65.35319	SAX_LV_ENDOCARDIAL	3	1.0	13
23.82838	32.17111	-64.32550	SAX_LV_ENDOCARDIAL	3	1.0	13
26.05607	32.17111	-62.60865	SAX_LV_ENDOCARDIAL	3	1.0	13
28.28376	32.17111	-60.89181	SAX_LV_ENDOCARDIAL	3	1.0	13
29.98033	31.06634	-58.48580	SAX_LV_ENDOCARDIAL	3	1.0	13
32.20801	31.06635	-56.76896	SAX_LV_ENDOCARDIAL	3	1.0	13
34.43570	31.06635	-55.05211	SAX_LV_ENDOCARDIAL	3	1.0	13
36.13227	29.96158	-52.64611	SAX_LV_ENDOCARDIAL	3	1.0	13
37.82884	28.85682	-50.24011	SAX_LV_ENDOCARDIAL	3	1.0	13
38.99428	26.64728	-47.14495	SAX_LV_ENDOCARDIAL	3	1.0	13
40.15973	24.43775	-44.04979	SAX_LV_ENDOCARDIAL	3	1.0	13
41.32518	22.22821	-40.95463	SAX_LV_ENDOCARDIAL	3	1.0	13
41.37678	20.01868	-38.71789	SAX_LV_ENDOCARDIAL	3	1.0	13
40.31454	17.80914	-37.33958	SAX_LV_ENDOCARDIAL	3	1.0	13
40.36614	15.59961	-35.10284	SAX_LV_ENDOCARDIAL	3	1.0	13
39.30390	13.39007	-33.72453	SAX_LV_ENDOCARDIAL	3	1.0	13
39.35550	11.18053	-31.48779	SAX_LV_ENDOCARDIAL	3	1.0	13
37.17942	8.97100	-30.96790	SAX_LV_ENDOCARDIAL	3	1.0	13
36.11717	6.76146	-29.58959	SAX_LV_ENDOCARDIAL	3	1.0	13
33.94109	4.55192	-29.06970	SAX_LV_ENDOCARDIAL	3	1.0	13
31.76500	2.34238	-28.54981	SAX_LV_ENDOCARDIAL	3	1.0	13
28.47507	0.13285	-28.88834	SAX_LV_ENDOCARDIAL	3	1.0	13
25.71626	-0.97192	-29.91603	SAX_LV_ENDOCARDIAL	3	1.0	13
22.95745	-2.07670	-30.94372	SAX_LV_ENDOCARDIAL	3	1.0	13
20.19864	-3.18147	-31.97141	SAX_LV_ENDOCARDIAL	3	1.0	13
17.97095	-3.18147	-33.68825	SAX_LV_ENDOCARDIAL	3	1.0	13
15.74327	-3.18147	-35.40510	SAX_LV_ENDOCARDIAL	3	1.0	13
13.51558	-3.18147	-37.12195	SAX_LV_ENDOCARDIAL	3	1.0	13
11.28789	-3.18147	-38.83879	SAX_LV_ENDOCARDIAL	3	1.0	13
9.06020	-3.18148	-40.55564	SAX_LV_ENDOCARDIAL	3	1.0	13
11.54590	-14.22915	-27.65511	RV_INSERT	3	1.0	13
-14.69174	12.28525	-74.23967	RV_INSERT	3	1.0	13
-28.82044	-31.80881	-69.72900	SAX_RV_FREEWALL	4	1.0	13
-30.51701	-30.70404	-72.13501	SAX_RV_FREEWALL	4	1.0	13
-32.74469	-30.70404	-73.85185	SAX_RV_FREEWALL	4	1.0	13
-34.44126	-29.59928	-76.25786	SAX_RV_FREEWALL	4	1.0	13
-36.13783	-28.49451	-78.66386	SAX_RV_FREEWALL	4	1.0	13
-37.83440	-27.38974	-81.06986	SAX_RV_FREEWALL	4	1.0	13
-38.99984	-25.18021	-84.16502	SAX_RV_FREEWALL	4	1.0	13
-39.58257	-24.07544	-85.71260	SAX_RV_FREEWALL	4	1.0	13
-39.63417	-21.86591	-87.94933	SAX_RV_FREEWALL	4	1.0	13
-38.57193	-19.65637	-89.32765	SAX_RV_FREEWALL	4	1.0	13
-36.39584	-17.44683	-89.84754	SAX_RV_FREEWALL	4	1.0	13
-33.10591	-15.23729	-89.50901	SAX_RV_FREEWALL	4	1.0	13
-29.81598	-13.02776	-89.17047	SAX_RV_FREEWALL	4	1.0	13
-26.52605	-10.81822	-88.83194	SAX_RV_FREEWALL	4	1.0	13
-23.23612	-8.60868	-88.49341	SAX_RV_FREEWALL	4	1.0	13
-19.94619	-6.39914	-88.15488	SAX_RV_FREEWALL	4	1.0	13
-16.65626	-4.18960	-87.81635	SAX_RV_FREEWALL	4	1.0	13
-13.36633	-1.98006	-87.47781	SAX_RV_FREEWALL	4	1.0	13
-10.07640	0.22948	-87.13928	SAX_RV_FREEWALL	4	1.0	13
-6.78647	2.43902	-86.80075	SAX_RV_FREEWALL	4	1.0	13
-4.55878	2.43902	-85.08390	SAX_RV_FREEWALL	4	1.0	13
7.73001	-22.97063	-50.34800	SAX_RV_FREEWALL	4	1.0	13
4.97120	-24.07540	-51.37569	SAX_RV_FREEWALL	4	1.0	13
2.74351	-24.07540	-53.09253	SAX_RV_FREEWALL	4	1.0	13
0.51583	-24.07540	-54.80938	SAX_RV_FREEWALL	4	1.0	13
-1.71186	-24.07541	-56.52622	SAX_RV_FREEWALL	4	1.0	13
-3.93955	-24.07541	-58.24307	SAX_RV_FREEWALL	4	1.0	13
-6.69836	-25.18018	-59.27076	SAX_RV_FREEWALL	4	1.0	13
-9.45717	-26.28495	-60.29845	SAX_RV_FREEWALL	4	1.0	13
-12.21598	-27.38972	-61.32614	SAX_RV_FREEWALL	4	1.0	13
-15.50591	-29.59926	-61.66467	SAX_RV_FREEWALL	4	1.0	13
-18.26472	-30.70403	-62.69236	SAX_RV_FREEWALL	4	1.0	13
-20.49241	-30.70403	-64.40920	SAX_RV_FREEWALL	4	1.0	13
-23.25122	-31.80880	-65.43689	SAX_RV_FREEWALL	4	1.0	13
-25.47891	-31.80880	-67.15374	SAX_RV_FREEWALL	4	1.0	13
-27.70659	-31.80881	-68.87058	SAX_RV_FREEWALL	4	1.0	13
-32.64149	-35.12311	-69.37838	SAX_RV_EPICARDIAL	4	1.0	13
-34.33806	-34.01835	-71.78438	SAX_RV_EPICARDIAL	4	1.0	13
-36.03462	-32.91358	-74.19039	SAX_RV_EPICARDIAL	4	1.0	13
-37.73119	-31.80882	-76.59639	SAX_RV_EPICARDIAL	4	1.0	13
-39.42776	-30.70405	-79.00239	SAX_RV_EPICARDIAL	4	1.0	13
-41.12433	-29.59928	-81.40839	SAX_RV_EPICARDIAL	4	1.0	13
-42.28977	-27.38975	-84.50355	SAX_RV_EPICARDIAL	4	1.0	13
-43.45522	-25.18022	-87.59871	SAX_RV_EPICARDIAL	4	1.0	13
-43.50682	-22.97068	-89.83545	SAX_RV_EPICARDIAL	4	1.0	13
-42.44458	-20.76114	-91.21376	SAX_RV_EPICARDIAL	4	1.0	13
-41.38234	-18.55161	-92.59207	SAX_RV_EPICARDIAL	4	1.0	13
-38.09241	-16.34207	-92.25354	SAX_RV_EPICARDIAL	4	1.0	13
-35.91632	-14.13253	-92.77343	SAX_RV_EPICARDIAL	4	1.0	13
-32.62639	-11.92299	-92.43490	SAX_RV_EPICARDIAL	4	1.0	13
-29.33646	-9.71345	-92.09637	SAX_RV_EPICARDIAL	4	1.0	13
-27.16038	-7.50391	-92.61626	SAX_RV_EPICARDIAL	4	1.0	13
-23.87045	-5.29438	-92.27773	SAX_RV_EPICARDIAL	4	1.0	13
-20.58051	-3.08484	-91.93919	SAX_RV_EPICARDIAL	4	1.0	13
-17.82171	-1.98007	-90.91150	SAX_RV_EPICARDIAL	4	1.0	13
-14.53178	0.22947	-90.57297	SAX_RV_EPICARDIAL	4	1.0	13
-11.24184	2.43901	-90.23444	SAX_RV_EPICARDIAL	4	1.0	13
-7.95191	4.64855	-89.89591	SAX_RV_EPICARDIAL	4	1.0	13
-5.19311	5.75332	-88.86822	SAX_RV_EPICARDIAL	4	1.0	13
-2.43430	6.85809	-87.84053	SAX_RV_EPICARDIAL	4	1.0	13
0.32451	7.96286	-86.81284	SAX_RV_EPICARDIAL	4	1.0	13
0.37612	5.75333	-84.57611	SAX_RV_EPICARDIAL	4	1.0	13
-0.68613	3.54379	-83.19779	SAX_RV_EPICARDIAL	4	1.0	13
10.48882	-21.86586	-49.32031	SAX_RV_EPICARDIAL	4	1.0	13
10.54042	-24.07539	-47.08357	SAX_RV_EPICARDIAL	4	1.0	13
7.78161	-25.18016	-48.11126	SAX_RV_EPICARDIAL	4	1.0	13
5.02280	-26.28493	-49.13895	SAX_RV_EPICARDIAL	4	1.0	13
2.26400	-27.38971	-50.16664	SAX_RV_EPICARDIAL	4	1.0	13
0.03631	-27.38971	-51.88348	SAX_RV_EPICARDIAL	4	1.0	13
-2.19138	-27.38971	-53.60033	SAX_RV_EPICARDIAL	4	1.0	13
-4.41907	-27.38971	-55.31718	SAX_RV_EPICARDIAL	4	1.0	13
-7.17788	-28.49448	-56.34486	SAX_RV_EPICARDIAL	4	1.0	13
-9.93669	-29.59925	-57.37255	SAX_RV_EPICARDIAL	4	1.0	13
-13.22662	-31.80879	-57.71109	SAX_RV_EPICARDIAL	4	1.0	13
-15.98543	-32.91356	-58.73877	SAX_RV_EPICARDIAL	4	1.0	13
-18.74424	-34.01833	-59.76646	SAX_RV_EPICARDIAL	4	1.0	13
-20.97193	-34.01833	-61.48331	SAX_RV_EPICARDIAL	4	1.0	13
-23.73074	-35.12311	-62.51100	SAX_RV_EPICARDIAL	4	1.0	13
-25.95842	-35.12311	-64.22784	SAX_RV_EPICARDIAL	4	1.0	13
-28.18611	-35.12311	-65.94469	SAX_RV_EPICARDIAL	4	1.0	13
-30.41380	-35.12311	-67.66153	SAX_RV_EPICARDIAL	4	1.0	13
-1.79997	3.54379	-84.05621	SAX_RV_SEPTUM	4	1.0	13
-1.21725	2.43902	-82.50864	SAX_RV_SEPTUM	4	1.0	13
-2.27949	0.22948	-81.13032	SAX_RV_SEPTUM	4	1.0	13
-2.22789	-1.98005	-78.89359	SAX_RV_SEPTUM	4	1.0	13
-2.17628	-4.18959	-76.65685	SAX_RV_SEPTUM	4	1.0	13
-2.12468	-6.39912	-74.42011	SAX_RV_SEPTUM	4	1.0	13
-3.18692	-8.60866	-73.04180	SAX_RV_SEPTUM	4	1.0	13
-3.13532	-10.81819	-70.80506	SAX_RV_SEPTUM	4	1.0	13
-1.96987	-13.02773	-67.70990	SAX_RV_SEPTUM	4	1.0	13
-0.80443	-15.23726	-64.61474	SAX_RV_SEPTUM	4	1.0	13
0.89214	-16.34203	-62.20874	SAX_RV_SEPTUM	4	1.0	13
2.05759	-18.55156	-59.11358	SAX_RV_SEPTUM	4	1.0	13
4.28527	-18.55156	-57.39674	SAX_RV_SEPTUM	4	1.0	13
5.98184	-19.65633	-54.99074	SAX_RV_SEPTUM	4	1.0	13
8.20953	-19.65632	-53.27389	SAX_RV_SEPTUM	4	1.0	13
9.90610	-20.76109	-50.86789	SAX_RV_SEPTUM	4	1.0	13
13.83035	-21.86585	-46.74504	SAX_LV_EPICARDIAL	4	1.0	13
3.66605	7.96286	-84.23757	SAX_LV_EPICARDIAL	4	1.0	13
4.72829	10.17240	-85.61589	SAX_LV_EPICARDIAL	4	1.0	13
6.90437	12.38194	-86.13578	SAX_LV_EPICARDIAL	4	1.0	13
9.08046	14.59148	-86.65567	SAX_LV_EPICARDIAL	4	1.0	13
12.37039	16.80102	-86.31714	SAX_LV_EPICARDIAL	4	1.0	13
15.66032	19.01055	-85.97860	SAX_LV_EPICARDIAL	4	1.0	13
17.83641	21.22009	-86.49849	SAX_LV_EPICARDIAL	4	1.0	13
20.59522	22.32486	-85.47080	SAX_LV_EPICARDIAL	4	1.0	13
23.88515	24.53440	-85.13227	SAX_LV_EPICARDIAL	4	1.0	13
26.64396	25.63917	-84.10458	SAX_LV_EPICARDIAL	4	1.0	13
28.87164	25.63917	-82.38774	SAX_LV_EPICARDIAL	4	1.0	13
31.09933	25.63918	-80.67089	SAX_LV_EPICARDIAL	4	1.0	13
33.85814	26.74395	-79.64320	SAX_LV_EPICARDIAL	4	1.0	13
36.08583	26.74395	-77.92636	SAX_LV_EPICARDIAL	4	1.0	13
38.31352	26.74395	-76.20951	SAX_LV_EPICARDIAL	4	1.0	13
40.54121	26.74395	-74.49267	SAX_LV_EPICARDIAL	4	1.0	13
42.76890	26.74396	-72.77582	SAX_LV_EPICARDIAL	4	1.0	13
44.46546	25.63919	-70.36982	SAX_LV_EPICARDIAL	4	1.0	13
46.69315	25.63919	-68.65297	SAX_LV_EPICARDIAL	4	1.0	13
48.38972	24.53443	-66.24697	SAX_LV_EPICARDIAL	4	1.0	13
50.08629	23.42966	-63.84097	SAX_LV_EPICARDIAL	4	1.0	13
51.78285	22.32489	-61.43497	SAX_LV_EPICARDIAL	4	1.0	13
52.94830	20.11536	-58.33981	SAX_LV_EPICARDIAL	4	1.0	13
52.99990	17.90582	-56.10307	SAX_LV_EPICARDIAL	4	1.0	13
54.16535	15.69629	-53.00791	SAX_LV_EPICARDIAL	4	1.0	13
53.10311	13.48675	-51.62960	SAX_LV_EPICARDIAL	4	1.0	13
53.15471	11.27722	-49.39286	SAX_LV_EPICARDIAL	4	1.0	13
53.20631	9.06768	-47.15613	SAX_LV_EPICARDIAL	4	1.0	13
52.14407	6.85814	-45.77781	SAX_LV_EPICARDIAL	4	1.0	13
52.19567	4.64861	-43.54108	SAX_LV_EPICARDIAL	4	1.0	13
51.13343	2.43907	-42.16276	SAX_LV_EPICARDIAL	4	1.0	13
50.07119	0.22954	-40.78445	SAX_LV_EPICARDIAL	4	1.0	13
47.89510	-1.98000	-40.26456	SAX_LV_EPICARDIAL	4	1.0	13
46.83286	-4.18954	-38.88625	SAX_LV_EPICARDIAL	4	1.0	13
45.77062	-6.39907	-37.50793	SAX_LV_EPICARDIAL	4	1.0	13
43.59453	-8.60861	-36.98804	SAX_LV_EPICARDIAL	4	1.0	13
41.41845	-10.81815	-36.46815	SAX_LV_EPICARDIAL	4	1.0	13
38.12852	-13.02769	-36.80668	SAX_LV_EPICARDIAL	4	1.0	13
34.83859	-15.23723	-37.14521	SAX_LV_EPICARDIAL	4	1.0	13
32.07978	-16.34200	-38.17290	SAX_LV_EPICARDIAL	4	1.0	13
29.32097	-17.44677	-39.20059	SAX_LV_EPICARDIAL	4	1.0	13
26.56216	-18.55154	-40.22828	SAX_LV_EPICARDIAL	4	1.0	13
23.80335	-19.65631	-41.25597	SAX_LV_EPICARDIAL	4	1.0	13
21.57566	-19.65631	-42.97282	SAX_LV_EPICARDIAL	4	1.0	13
18.81685	-20.76108	-44.00051	SAX_LV_EPICARDIAL	4	1.0	13
16.58916	-20.76108	-45.71735	SAX_LV_EPICARDIAL	4	1.0	13
17.49660	-11.92294	-53.80587	SAX_LV_ENDOCARDIAL	4	1.0	13
15.80003	-10.81818	-56.21188	SAX_LV_ENDOCARDIAL	4	1.0	13
13.57234	-10.81818	-57.92872	SAX_LV_ENDOCARDIAL	4	1.0	13
11.87577	-9.71341	-60.33472	SAX_LV_ENDOCARDIAL	4	1.0	13
10.17921	-8.60865	-62.74073	SAX_LV_ENDOCARDIAL	4	1.0	13
8.48264	-7.50388	-65.14673	SAX_LV_ENDOCARDIAL	4	1.0	13
8.43104	-5.29434	-67.38346	SAX_LV_ENDOCARDIAL	4	1.0	13
7.26559	-3.08481	-70.47862	SAX_LV_ENDOCARDIAL	4	1.0	13
7.21399	-0.87527	-72.71536	SAX_LV_ENDOCARDIAL	4	1.0	13
8.27623	1.33426	-74.09367	SAX_LV_ENDOCARDIAL	4	1.0	13
9.33847	3.54380	-75.47199	SAX_LV_ENDOCARDIAL	4	1.0	13
10.40071	5.75334	-76.85030	SAX_LV_ENDOCARDIAL	4	1.0	13
11.46296	7.96287	-78.22861	SAX_LV_ENDOCARDIAL	4	1.0	13
13.63904	10.17241	-78.74850	SAX_LV_ENDOCARDIAL	4	1.0	13
15.81513	12.38195	-79.26839	SAX_LV_ENDOCARDIAL	4	1.0	13
19.10506	14.59149	-78.92986	SAX_LV_ENDOCARDIAL	4	1.0	13
22.39499	16.80103	-78.59133	SAX_LV_ENDOCARDIAL	4	1.0	13
24.62268	16.80103	-76.87448	SAX_LV_ENDOCARDIAL	4	1.0	13
27.38149	17.90580	-75.84680	SAX_LV_ENDOCARDIAL	4	1.0	13
30.14030	19.01057	-74.81911	SAX_LV_ENDOCARDIAL	4	1.0	13
32.36798	19.01057	-73.10226	SAX_LV_ENDOCARDIAL	4	1.0	13
34.59567	19.01057	-71.38542	SAX_LV_ENDOCARDIAL	4	1.0	13
36.29224	17.90581	-68.97941	SAX_LV_ENDOCARDIAL	4	1.0	13
38.51993	17.90581	-67.26257	SAX_LV_ENDOCARDIAL	4	1.0	13
40.21650	16.80104	-64.85657	SAX_LV_ENDOCARDIAL	4	1.0	13
41.91306	15.69628	-62.45056	SAX_LV_ENDOCARDIAL	4	1.0	13
43.60963	14.59151	-60.04456	SAX_LV_ENDOCARDIAL	4	1.0	13
44.77508	12.38198	-56.94940	SAX_LV_ENDOCARDIAL	4	1.0	13
44.82668	10.17244	-54.71267	SAX_LV_ENDOCARDIAL	4	1.0	13
44.87828	7.96291	-52.47593	SAX_LV_ENDOCARDIAL	4	1.0	13
44.92988	5.75337	-50.23919	SAX_LV_ENDOCARDIAL	4	1.0	13
43.86764	3.54383	-48.86088	SAX_LV_ENDOCARDIAL	4	1.0	13
41.69156	1.33430	-48.34099	SAX_LV_ENDOCARDIAL	4	1.0	13
40.62931	-0.87524	-46.96268	SAX_LV_ENDOCARDIAL	4	1.0	13
38.45323	-3.08478	-46.44278	SAX_LV_ENDOCARDIAL	4	1.0	13
36.27714	-5.29432	-45.92289	SAX_LV_ENDOCARDIAL	4	1.0	13
34.10106	-7.50385	-45.40300	SAX_LV_ENDOCARDIAL	4	1.0	13
30.81113	-9.71339	-45.74154	SAX_LV_ENDOCARDIAL	4	1.0	13
28.05232	-10.81816	-46.76922	SAX_LV_ENDOCARDIAL	4	1.0	13
25.29351	-11.92293	-47.79691	SAX_LV_ENDOCARDIAL	4	1.0	13
23.06582	-11.92294	-49.51376	SAX_LV_ENDOCARDIAL	4	1.0	13
20.83813	-11.92294	-51.23060	SAX_LV_ENDOCARDIAL	4	1.0	13
18.61044	-11.92294	-52.94745	SAX_LV_ENDOCARDIAL	4	1.0	13
-1.79997	3.54379	-84.05621	RV_INSERT	4	1.0	13
7.73001	-22.97063	-50.34800	RV_INSERT	4	1.0	13
-20.05933	-30.60736	-92.61584	SAX_RV_FREEWALL	5	1.0	13
-21.75590	-29.50260	-95.02185	SAX_RV_FREEWALL	5	1.0	13
-23.98358	-29.50260	-96.73869	SAX_RV_FREEWALL	5	1.0	13
-22.92134	-27.29306	-98.11700	SAX_RV_FREEWALL	5	1.0	13
-21.27638	-26.18829	-97.94774	SAX_RV_FREEWALL	5	1.0	13
-17.98645	-23.97875	-97.60921	SAX_RV_FREEWALL	5	1.0	13
-14.69652	-21.76921	-97.27067	SAX_RV_FREEWALL	5	1.0	13
-11.40659	-19.55968	-96.93214	SAX_RV_FREEWALL	5	1.0	13
-8.11666	-17.35014	-96.59361	SAX_RV_FREEWALL	5	1.0	13
-4.82673	-15.14060	-96.25508	SAX_RV_FREEWALL	5	1.0	13
-1.53680	-12.93106	-95.91654	SAX_RV_FREEWALL	5	1.0	13
1.75313	-10.72152	-95.57801	SAX_RV_FREEWALL	5	1.0	13
5.04306	-8.51198	-95.23948	SAX_RV_FREEWALL	5	1.0	13
7.80187	-7.40721	-94.21179	SAX_RV_FREEWALL	5	1.0	13
10.56068	-6.30244	-93.18410	SAX_RV_FREEWALL	5	1.0	13
10.97350	-23.97872	-75.29021	SAX_RV_FREEWALL	5	1.0	13
8.74581	-23.97873	-77.00706	SAX_RV_FREEWALL	5	1.0	13
5.98700	-25.08350	-78.03475	SAX_RV_FREEWALL	5	1.0	13
3.75932	-25.08350	-79.75159	SAX_RV_FREEWALL	5	1.0	13
1.00051	-26.18827	-80.77928	SAX_RV_FREEWALL	5	1.0	13
-1.75830	-27.29304	-81.80697	SAX_RV_FREEWALL	5	1.0	13
-4.51711	-28.39781	-82.83466	SAX_RV_FREEWALL	5	1.0	13
-6.74480	-28.39781	-84.55151	SAX_RV_FREEWALL	5	1.0	13
-9.50361	-29.50258	-85.57919	SAX_RV_FREEWALL	5	1.0	13
-11.73130	-29.50259	-87.29604	SAX_RV_FREEWALL	5	1.0	13
-13.95899	-29.50259	-89.01289	SAX_RV_FREEWALL	5	1.0	13
-16.71780	-30.60736	-90.04057	SAX_RV_FREEWALL	5	1.0	13
-18.94548	-30.60736	-91.75742	SAX_RV_FREEWALL	5	1.0	13
-24.46310	-32.81690	-93.81280	SAX_RV_EPICARDIAL	5	1.0	13
-26.15967	-31.71214	-96.21880	SAX_RV_EPICARDIAL	5	1.0	13
-23.98358	-29.50260	-96.73869	SAX_RV_EPICARDIAL	5	1.0	13
-22.92134	-27.29306	-98.11700	SAX_RV_EPICARDIAL	5	1.0	13
-22.97295	-25.08353	-100.35374	SAX_RV_EPICARDIAL	5	1.0	13
-19.68301	-22.87399	-100.01521	SAX_RV_EPICARDIAL	5	1.0	13
-17.50693	-20.66445	-100.53510	SAX_RV_EPICARDIAL	5	1.0	13
-14.74812	-19.55968	-99.50741	SAX_RV_EPICARDIAL	5	1.0	13
-11.45819	-17.35014	-99.16888	SAX_RV_EPICARDIAL	5	1.0	13
-9.28210	-15.14060	-99.68877	SAX_RV_EPICARDIAL	5	1.0	13
-5.99217	-12.93106	-99.35024	SAX_RV_EPICARDIAL	5	1.0	13
-2.70224	-10.72152	-99.01170	SAX_RV_EPICARDIAL	5	1.0	13
0.05657	-9.61675	-97.98402	SAX_RV_EPICARDIAL	5	1.0	13
3.34650	-7.40722	-97.64548	SAX_RV_EPICARDIAL	5	1.0	13
6.10531	-6.30244	-96.61779	SAX_RV_EPICARDIAL	5	1.0	13
9.39524	-4.09291	-96.27926	SAX_RV_EPICARDIAL	5	1.0	13
12.15405	-2.98814	-95.25157	SAX_RV_EPICARDIAL	5	1.0	13
14.38173	-2.98813	-93.53473	SAX_RV_EPICARDIAL	5	1.0	13
14.43334	-5.19767	-91.29799	SAX_RV_EPICARDIAL	5	1.0	13
15.42888	-23.97872	-71.85652	SAX_RV_EPICARDIAL	5	1.0	13
13.25279	-26.18826	-71.33663	SAX_RV_EPICARDIAL	5	1.0	13
10.49398	-27.29303	-72.36432	SAX_RV_EPICARDIAL	5	1.0	13
8.26630	-27.29303	-74.08117	SAX_RV_EPICARDIAL	5	1.0	13
6.03861	-27.29303	-75.79801	SAX_RV_EPICARDIAL	5	1.0	13
3.27980	-28.39780	-76.82570	SAX_RV_EPICARDIAL	5	1.0	13
1.05211	-28.39780	-78.54255	SAX_RV_EPICARDIAL	5	1.0	13
-1.70670	-29.50258	-79.57023	SAX_RV_EPICARDIAL	5	1.0	13
-4.46551	-30.60735	-80.59792	SAX_RV_EPICARDIAL	5	1.0	13
-7.22432	-31.71212	-81.62561	SAX_RV_EPICARDIAL	5	1.0	13
-9.45201	-31.71212	-83.34246	SAX_RV_EPICARDIAL	5	1.0	13
-11.67970	-31.71212	-85.05930	SAX_RV_EPICARDIAL	5	1.0	13
-14.43851	-32.81689	-86.08699	SAX_RV_EPICARDIAL	5	1.0	13
-16.66619	-32.81689	-87.80384	SAX_RV_EPICARDIAL	5	1.0	13
-18.89388	-32.81690	-89.52068	SAX_RV_EPICARDIAL	5	1.0	13
-21.12157	-32.81690	-91.23753	SAX_RV_EPICARDIAL	5	1.0	13
-23.34926	-32.81690	-92.95437	SAX_RV_EPICARDIAL	5	1.0	13
12.78837	-6.30244	-91.46726	SAX_RV_SEPTUM	5	1.0	13
13.37110	-7.40721	-89.91968	SAX_RV_SEPTUM	5	1.0	13
12.30885	-9.61674	-88.54136	SAX_RV_SEPTUM	5	1.0	13
11.24661	-11.82628	-87.16305	SAX_RV_SEPTUM	5	1.0	13
11.29821	-14.03581	-84.92631	SAX_RV_SEPTUM	5	1.0	13
11.34982	-16.24535	-82.68958	SAX_RV_SEPTUM	5	1.0	13
12.51526	-18.45488	-79.59442	SAX_RV_SEPTUM	5	1.0	13
12.56686	-20.66442	-77.35768	SAX_RV_SEPTUM	5	1.0	13
14.26343	-21.76919	-74.95168	SAX_RV_SEPTUM	5	1.0	13
13.20119	-23.97872	-73.57337	SAX_RV_SEPTUM	5	1.0	13
21.58082	-25.08348	-66.01683	SAX_LV_EPICARDIAL	5	1.0	13
19.88426	-23.97872	-68.42283	SAX_LV_EPICARDIAL	5	1.0	13
17.65657	-23.97872	-70.13968	SAX_LV_EPICARDIAL	5	1.0	13
17.19215	-4.09290	-90.27030	SAX_LV_EPICARDIAL	5	1.0	13
19.36823	-1.88336	-90.79019	SAX_LV_EPICARDIAL	5	1.0	13
21.54432	0.32618	-91.31008	SAX_LV_EPICARDIAL	5	1.0	13
24.83425	2.53572	-90.97155	SAX_LV_EPICARDIAL	5	1.0	13
28.12418	4.74525	-90.63302	SAX_LV_EPICARDIAL	5	1.0	13
30.88299	5.85003	-89.60533	SAX_LV_EPICARDIAL	5	1.0	13
33.64180	6.95480	-88.57764	SAX_LV_EPICARDIAL	5	1.0	13
35.86949	6.95480	-86.86080	SAX_LV_EPICARDIAL	5	1.0	13
38.09717	6.95480	-85.14395	SAX_LV_EPICARDIAL	5	1.0	13
40.32486	6.95480	-83.42710	SAX_LV_EPICARDIAL	5	1.0	13
42.55255	6.95480	-81.71026	SAX_LV_EPICARDIAL	5	1.0	13
44.78024	6.95481	-79.99341	SAX_LV_EPICARDIAL	5	1.0	13
47.00793	6.95481	-78.27657	SAX_LV_EPICARDIAL	5	1.0	13
49.23562	6.95481	-76.55972	SAX_LV_EPICARDIAL	5	1.0	13
50.93218	5.85005	-74.15372	SAX_LV_EPICARDIAL	5	1.0	13
52.62875	4.74528	-71.74772	SAX_LV_EPICARDIAL	5	1.0	13
53.79420	2.53574	-68.65256	SAX_LV_EPICARDIAL	5	1.0	13
54.95965	0.32621	-65.55740	SAX_LV_EPICARDIAL	5	1.0	13
55.01125	-1.88333	-63.32066	SAX_LV_EPICARDIAL	5	1.0	13
53.94901	-4.09286	-61.94235	SAX_LV_EPICARDIAL	5	1.0	13
52.88676	-6.30240	-60.56404	SAX_LV_EPICARDIAL	5	1.0	13
52.93837	-8.51193	-58.32730	SAX_LV_EPICARDIAL	5	1.0	13
50.76228	-10.72147	-57.80741	SAX_LV_EPICARDIAL	5	1.0	13
49.70004	-12.93101	-56.42910	SAX_LV_EPICARDIAL	5	1.0	13
47.52395	-15.14055	-55.90920	SAX_LV_EPICARDIAL	5	1.0	13
45.34787	-17.35008	-55.38931	SAX_LV_EPICARDIAL	5	1.0	13
43.17178	-19.55962	-54.86942	SAX_LV_EPICARDIAL	5	1.0	13
39.88185	-21.76916	-55.20796	SAX_LV_EPICARDIAL	5	1.0	13
37.12304	-22.87393	-56.23564	SAX_LV_EPICARDIAL	5	1.0	13
34.36423	-23.97870	-57.26333	SAX_LV_EPICARDIAL	5	1.0	13
31.60542	-25.08347	-58.29102	SAX_LV_EPICARDIAL	5	1.0	13
29.37773	-25.08347	-60.00787	SAX_LV_EPICARDIAL	5	1.0	13
27.15004	-25.08348	-61.72471	SAX_LV_EPICARDIAL	5	1.0	13
24.92236	-25.08348	-63.44156	SAX_LV_EPICARDIAL	5	1.0	13
22.69467	-25.08348	-65.15841	SAX_LV_EPICARDIAL	5	1.0	13
25.29867	-17.35010	-70.84092	SAX_LV_ENDOCARDIAL	5	1.0	13
23.60210	-16.24534	-73.24693	SAX_LV_ENDOCARDIAL	5	1.0	13
21.90553	-15.14057	-75.65293	SAX_LV_ENDOCARDIAL	5	1.0	13
20.74009	-12.93104	-78.74809	SAX_LV_ENDOCARDIAL	5	1.0	13
20.68849	-10.72150	-80.98482	SAX_LV_ENDOCARDIAL	5	1.0	13
21.75073	-8.51196	-82.36314	SAX_LV_ENDOCARDIAL	5	1.0	13
22.81297	-6.30243	-83.74145	SAX_LV_ENDOCARDIAL	5	1.0	13
24.98906	-4.09289	-84.26134	SAX_LV_ENDOCARDIAL	5	1.0	13
28.27899	-1.88335	-83.92281	SAX_LV_ENDOCARDIAL	5	1.0	13
31.03780	-0.77858	-82.89512	SAX_LV_ENDOCARDIAL	5	1.0	13
33.79660	0.32619	-81.86743	SAX_LV_ENDOCARDIAL	5	1.0	13
36.55541	1.43096	-80.83974	SAX_LV_ENDOCARDIAL	5	1.0	13
38.78310	1.43096	-79.12290	SAX_LV_ENDOCARDIAL	5	1.0	13
40.47967	0.32620	-76.71690	SAX_LV_ENDOCARDIAL	5	1.0	13
42.70736	0.32620	-75.00005	SAX_LV_ENDOCARDIAL	5	1.0	13
44.40393	-0.77857	-72.59405	SAX_LV_ENDOCARDIAL	5	1.0	13
45.56937	-2.98810	-69.49889	SAX_LV_ENDOCARDIAL	5	1.0	13
45.62098	-5.19764	-67.26215	SAX_LV_ENDOCARDIAL	5	1.0	13
44.55873	-7.40717	-65.88384	SAX_LV_ENDOCARDIAL	5	1.0	13
43.49649	-9.61671	-64.50553	SAX_LV_ENDOCARDIAL	5	1.0	13
41.32041	-11.82625	-63.98563	SAX_LV_ENDOCARDIAL	5	1.0	13
39.14432	-14.03579	-63.46574	SAX_LV_ENDOCARDIAL	5	1.0	13
35.85439	-16.24533	-63.80428	SAX_LV_ENDOCARDIAL	5	1.0	13
33.09558	-17.35010	-64.83197	SAX_LV_ENDOCARDIAL	5	1.0	13
30.86789	-17.35010	-66.54881	SAX_LV_ENDOCARDIAL	5	1.0	13
28.64020	-17.35010	-68.26566	SAX_LV_ENDOCARDIAL	5	1.0	13
26.41251	-17.35010	-69.98250	SAX_LV_ENDOCARDIAL	5	1.0	13
12.78837	-6.30244	-91.46726	RV_INSERT	5	1.0	13
13.20119	-23.97872	-73.57337	RV_INSERT	5	1.0	13
12.57303	-26.09259	-100.40169	SAX_RV_FREEWALL	6	1.0	13
10.87646	-24.98782	-102.80770	SAX_RV_FREEWALL	6	1.0	13
10.82486	-22.77829	-105.04443	SAX_RV_FREEWALL	6	1.0	13
11.88710	-20.56875	-106.42275	SAX_RV_FREEWALL	6	1.0	13
14.64591	-19.46398	-105.39506	SAX_RV_FREEWALL	6	1.0	13
17.93584	-17.25444	-105.05653	SAX_RV_FREEWALL	6	1.0	13
20.16353	-17.25444	-103.33968	SAX_RV_FREEWALL	6	1.0	13
22.39122	-17.25444	-101.62283	SAX_RV_FREEWALL	6	1.0	13
19.78721	-24.98781	-95.94031	SAX_RV_FREEWALL	6	1.0	13
17.02840	-26.09258	-96.96800	SAX_RV_FREEWALL	6	1.0	13
14.80072	-26.09259	-98.68485	SAX_RV_FREEWALL	6	1.0	13
10.39694	-28.30213	-99.88180	SAX_RV_EPICARDIAL	6	1.0	13
8.70037	-27.19736	-102.28781	SAX_RV_EPICARDIAL	6	1.0	13
7.00381	-26.09259	-104.69381	SAX_RV_EPICARDIAL	6	1.0	13
6.42108	-24.98783	-106.24139	SAX_RV_EPICARDIAL	6	1.0	13
7.48333	-22.77829	-107.61970	SAX_RV_EPICARDIAL	6	1.0	13
9.65941	-20.56875	-108.13959	SAX_RV_EPICARDIAL	6	1.0	13
11.30438	-19.46398	-107.97033	SAX_RV_EPICARDIAL	6	1.0	13
14.59431	-17.25444	-107.63179	SAX_RV_EPICARDIAL	6	1.0	13
17.35312	-16.14967	-106.60411	SAX_RV_EPICARDIAL	6	1.0	13
19.58080	-16.14967	-104.88726	SAX_RV_EPICARDIAL	6	1.0	13
21.80849	-16.14967	-103.17041	SAX_RV_EPICARDIAL	6	1.0	13
24.03618	-16.14967	-101.45357	SAX_RV_EPICARDIAL	6	1.0	13
26.26387	-16.14967	-99.73672	SAX_RV_EPICARDIAL	6	1.0	13
24.08778	-18.35920	-99.21683	SAX_RV_EPICARDIAL	6	1.0	13
24.24259	-24.98781	-92.50662	SAX_RV_EPICARDIAL	6	1.0	13
22.06650	-27.19735	-91.98673	SAX_RV_EPICARDIAL	6	1.0	13
19.83882	-27.19735	-93.70358	SAX_RV_EPICARDIAL	6	1.0	13
17.61113	-27.19735	-95.42042	SAX_RV_EPICARDIAL	6	1.0	13
14.85232	-28.30212	-96.44811	SAX_RV_EPICARDIAL	6	1.0	13
12.62463	-28.30212	-98.16496	SAX_RV_EPICARDIAL	6	1.0	13
24.08778	-18.35920	-99.21683	SAX_RV_SEPTUM	6	1.0	13
24.13939	-20.56874	-96.98010	SAX_RV_SEPTUM	6	1.0	13
24.19099	-22.77827	-94.74336	SAX_RV_SEPTUM	6	1.0	13
22.54602	-23.88304	-94.91263	SAX_RV_SEPTUM	6	1.0	13
32.14270	-29.40687	-82.02419	SAX_LV_EPICARDIAL	6	1.0	13
30.44614	-28.30211	-84.43019	SAX_LV_EPICARDIAL	6	1.0	13
28.21845	-28.30211	-86.14704	SAX_LV_EPICARDIAL	6	1.0	13
26.52188	-27.19734	-88.55304	SAX_LV_EPICARDIAL	6	1.0	13
29.55380	-13.94013	-99.39819	SAX_LV_EPICARDIAL	6	1.0	13
31.72989	-11.73059	-99.91808	SAX_LV_EPICARDIAL	6	1.0	13
34.48870	-10.62582	-98.89039	SAX_LV_EPICARDIAL	6	1.0	13
37.24750	-9.52105	-97.86270	SAX_LV_EPICARDIAL	6	1.0	13
40.00631	-8.41628	-96.83501	SAX_LV_EPICARDIAL	6	1.0	13
42.23400	-8.41628	-95.11817	SAX_LV_EPICARDIAL	6	1.0	13
44.46169	-8.41627	-93.40132	SAX_LV_EPICARDIAL	6	1.0	13
46.68938	-8.41627	-91.68448	SAX_LV_EPICARDIAL	6	1.0	13
48.38595	-9.52104	-89.27848	SAX_LV_EPICARDIAL	6	1.0	13
49.55139	-11.73057	-86.18332	SAX_LV_EPICARDIAL	6	1.0	13
49.60300	-13.94011	-83.94658	SAX_LV_EPICARDIAL	6	1.0	13
48.54075	-16.14964	-82.56827	SAX_LV_EPICARDIAL	6	1.0	13
47.47851	-18.35918	-81.18995	SAX_LV_EPICARDIAL	6	1.0	13
46.41627	-20.56872	-79.81164	SAX_LV_EPICARDIAL	6	1.0	13
45.35403	-22.77825	-78.43333	SAX_LV_EPICARDIAL	6	1.0	13
43.17794	-24.98779	-77.91344	SAX_LV_EPICARDIAL	6	1.0	13
39.88801	-27.19733	-78.25197	SAX_LV_EPICARDIAL	6	1.0	13
37.12920	-28.30210	-79.27966	SAX_LV_EPICARDIAL	6	1.0	13
34.90151	-28.30210	-80.99650	SAX_LV_EPICARDIAL	6	1.0	13
34.21559	-22.77826	-87.01755	SAX_LV_ENDOCARDIAL	6	1.0	13
32.51902	-21.67350	-89.42356	SAX_LV_ENDOCARDIAL	6	1.0	13
31.35357	-19.46396	-92.51872	SAX_LV_ENDOCARDIAL	6	1.0	13
32.41581	-17.25443	-93.89703	SAX_LV_ENDOCARDIAL	6	1.0	13
34.59190	-15.04489	-94.41692	SAX_LV_ENDOCARDIAL	6	1.0	13
36.23687	-13.94012	-94.24765	SAX_LV_ENDOCARDIAL	6	1.0	13
38.99567	-12.83535	-93.21996	SAX_LV_ENDOCARDIAL	6	1.0	13
41.22336	-12.83535	-91.50312	SAX_LV_ENDOCARDIAL	6	1.0	13
42.38881	-15.04488	-88.40796	SAX_LV_ENDOCARDIAL	6	1.0	13
42.44041	-17.25442	-86.17122	SAX_LV_ENDOCARDIAL	6	1.0	13
41.37817	-19.46395	-84.79291	SAX_LV_ENDOCARDIAL	6	1.0	13
39.20208	-21.67349	-84.27302	SAX_LV_ENDOCARDIAL	6	1.0	13
36.44327	-22.77826	-85.30071	SAX_LV_ENDOCARDIAL	6	1.0	13
22.54602	-23.88304	-94.91263	RV_INSERT	6	1.0	13
22.39122	-17.25444	-101.62283	RV_INSERT	6	1.0	13
7.79138	20.49465	-25.54199	LAX_LV_ENDOCARDIAL	9	1.0	13
9.59417	18.32631	-26.93338	LAX_LV_ENDOCARDIAL	9	1.0	13
11.39696	16.15798	-28.32476	LAX_LV_ENDOCARDIAL	9	1.0	13
13.14471	13.95449	-28.31142	LAX_LV_ENDOCARDIAL	9	1.0	13
14.94750	11.78616	-29.70281	LAX_LV_ENDOCARDIAL	9	1.0	13
16.69524	9.58267	-29.68946	LAX_LV_ENDOCARDIAL	9	1.0	13
18.44299	7.37918	-29.67611	LAX_LV_ENDOCARDIAL	9	1.0	13
20.19074	5.17569	-29.66277	LAX_LV_ENDOCARDIAL	9	1.0	13
21.93848	2.97221	-29.64942	LAX_LV_ENDOCARDIAL	9	1.0	13
23.68623	0.76872	-29.63608	LAX_LV_ENDOCARDIAL	9	1.0	13
25.43398	-1.43477	-29.62273	LAX_LV_ENDOCARDIAL	9	1.0	13
27.23677	-3.60310	-31.01412	LAX_LV_ENDOCARDIAL	9	1.0	13
29.09460	-5.73628	-33.81024	LAX_LV_ENDOCARDIAL	9	1.0	13
30.07857	-6.76772	-36.61303	LAX_LV_ENDOCARDIAL	9	1.0	13
31.06253	-7.79916	-39.41582	LAX_LV_ENDOCARDIAL	9	1.0	13
32.04649	-8.83060	-42.21861	LAX_LV_ENDOCARDIAL	9	1.0	13
33.03045	-9.86204	-45.02141	LAX_LV_ENDOCARDIAL	9	1.0	13
34.01442	-10.89348	-47.82420	LAX_LV_ENDOCARDIAL	9	1.0	13
34.99838	-11.92492	-50.62699	LAX_LV_ENDOCARDIAL	9	1.0	13
35.98234	-12.95636	-53.42978	LAX_LV_ENDOCARDIAL	9	1.0	13
36.09243	-12.88606	-56.23925	LAX_LV_ENDOCARDIAL	9	1.0	13
37.07639	-13.91750	-59.04204	LAX_LV_ENDOCARDIAL	9	1.0	13
38.06035	-14.94894	-61.84483	LAX_LV_ENDOCARDIAL	9	1.0	13
39.04432	-15.98038	-64.64763	LAX_LV_ENDOCARDIAL	9	1.0	13
40.02828	-17.01182	-67.45042	LAX_LV_ENDOCARDIAL	9	1.0	13
41.01224	-18.04326	-70.25321	LAX_LV_ENDOCARDIAL	9	1.0	13
41.12233	-17.97295	-73.06268	LAX_LV_ENDOCARDIAL	9	1.0	13
42.10629	-19.00439	-75.86547	LAX_LV_ENDOCARDIAL	9	1.0	13
42.21638	-18.93409	-78.67493	LAX_LV_ENDOCARDIAL	9	1.0	13
42.32647	-18.86378	-81.48440	LAX_LV_ENDOCARDIAL	9	1.0	13
42.43656	-18.79348	-84.29387	LAX_LV_ENDOCARDIAL	9	1.0	13
42.54665	-18.72318	-87.10333	LAX_LV_ENDOCARDIAL	9	1.0	13
42.65674	-18.65287	-89.91280	LAX_LV_ENDOCARDIAL	9	1.0	13
41.89295	-17.48083	-92.72893	LAX_LV_ENDOCARDIAL	9	1.0	13
41.12917	-16.30878	-95.54507	LAX_LV_ENDOCARDIAL	9	1.0	13
40.36539	-15.13673	-98.36121	LAX_LV_ENDOCARDIAL	9	1.0	13
38.56260	-12.96840	-96.96982	LAX_LV_ENDOCARDIAL	9	1.0	13
36.81485	-10.76491	-96.98317	LAX_LV_ENDOCARDIAL	9	1.0	13
34.95701	-8.63173	-94.18705	LAX_LV_ENDOCARDIAL	9	1.0	13
33.15422	-6.46339	-92.79566	LAX_LV_ENDOCARDIAL	9	1.0	13
31.35143	-4.29506	-91.40428	LAX_LV_ENDOCARDIAL	9	1.0	13
29.54864	-2.12672	-90.01289	LAX_LV_ENDOCARDIAL	9	1.0	13
27.74585	0.04161	-88.62150	LAX_LV_ENDOCARDIAL	9	1.0	13
25.94306	2.20995	-87.23012	LAX_LV_ENDOCARDIAL	9	1.0	13
24.19531	4.41344	-87.24346	LAX_LV_ENDOCARDIAL	9	1.0	13
22.39252	6.58177	-85.85207	LAX_LV_ENDOCARDIAL	9	1.0	13
20.64477	8.78526	-85.86542	LAX_LV_ENDOCARDIAL	9	1.0	13
18.84198	10.95359	-84.47403	LAX_LV_ENDOCARDIAL	9	1.0	13
17.09424	13.15708	-84.48738	LAX_LV_ENDOCARDIAL	9	1.0	13
15.29144	15.32541	-83.09599	LAX_LV_ENDOCARDIAL	9	1.0	13
13.48865	17.49375	-81.70461	LAX_LV_ENDOCARDIAL	9	1.0	13
11.68586	19.66208	-80.31322	LAX_LV_ENDOCARDIAL	9	1.0	13
9.88307	21.83042	-78.92183	LAX_LV_ENDOCARDIAL	9	1.0	13
8.08028	23.99875	-77.53045	LAX_LV_ENDOCARDIAL	9	1.0	13
6.27749	26.16709	-76.13906	LAX_LV_ENDOCARDIAL	9	1.0	13
4.41965	28.30027	-73.34294	LAX_LV_ENDOCARDIAL	9	1.0	13
2.56182	30.43345	-70.54682	LAX_LV_ENDOCARDIAL	9	1.0	13
1.57786	31.46489	-67.74403	LAX_LV_ENDOCARDIAL	9	1.0	13
0.59389	32.49633	-64.94123	LAX_LV_ENDOCARDIAL	9	1.0	13
-1.26394	34.62952	-62.14511	LAX_LV_ENDOCARDIAL	9	1.0	13
-3.12178	36.76270	-59.34900	LAX_LV_ENDOCARDIAL	9	1.0	13
20.67930	3.82789	-19.82297	LAX_LV_EPICARDIAL	9	1.0	13
22.48209	1.65955	-21.21435	LAX_LV_EPICARDIAL	9	1.0	13
24.22984	-0.54393	-21.20101	LAX_LV_EPICARDIAL	9	1.0	13
26.03263	-2.71227	-22.59239	LAX_LV_EPICARDIAL	9	1.0	13
27.83542	-4.88060	-23.98378	LAX_LV_EPICARDIAL	9	1.0	13
29.63821	-7.04894	-25.37517	LAX_LV_EPICARDIAL	9	1.0	13
31.44100	-9.21727	-26.76656	LAX_LV_EPICARDIAL	9	1.0	13
33.29884	-11.35046	-29.56268	LAX_LV_EPICARDIAL	9	1.0	13
34.28280	-12.38190	-32.36547	LAX_LV_EPICARDIAL	9	1.0	13
36.14063	-14.51508	-35.16159	LAX_LV_EPICARDIAL	9	1.0	13
37.12460	-15.54652	-37.96438	LAX_LV_EPICARDIAL	9	1.0	13
38.10856	-16.57796	-40.76717	LAX_LV_EPICARDIAL	9	1.0	13
39.09252	-17.60940	-43.56996	LAX_LV_EPICARDIAL	9	1.0	13
40.07648	-18.64084	-46.37276	LAX_LV_EPICARDIAL	9	1.0	13
41.06045	-19.67228	-49.17555	LAX_LV_EPICARDIAL	9	1.0	13
42.04441	-20.70372	-51.97834	LAX_LV_EPICARDIAL	9	1.0	13
42.15450	-20.63341	-54.78781	LAX_LV_EPICARDIAL	9	1.0	13
43.13846	-21.66485	-57.59060	LAX_LV_EPICARDIAL	9	1.0	13
43.24855	-21.59455	-60.40006	LAX_LV_EPICARDIAL	9	1.0	13
44.23251	-22.62599	-63.20286	LAX_LV_EPICARDIAL	9	1.0	13
45.21647	-23.65743	-66.00565	LAX_LV_EPICARDIAL	9	1.0	13
45.32656	-23.58713	-68.81511	LAX_LV_EPICARDIAL	9	1.0	13
46.31053	-24.61857	-71.61791	LAX_LV_EPICARDIAL	9	1.0	13
46.42062	-24.54826	-74.42737	LAX_LV_EPICARDIAL	9	1.0	13
46.53070	-24.47796	-77.23684	LAX_LV_EPICARDIAL	9	1.0	13
46.64079	-24.40765	-80.04630	LAX_LV_EPICARDIAL	9	1.0	13
46.75088	-24.33735	-82.85577	LAX_LV_EPICARDIAL	9	1.0	13
45.98710	-23.16530	-85.67191	LAX_LV_EPICARDIAL	9	1.0	13
46.09719	-23.09500	-88.48137	LAX_LV_EPICARDIAL	9	1.0	13
45.33340	-21.92295	-91.29751	LAX_LV_EPICARDIAL	9	1.0	13
44.56962	-20.75090	-94.11365	LAX_LV_EPICARDIAL	9	1.0	13
44.67971	-20.68060	-96.92311	LAX_LV_EPICARDIAL	9	1.0	13
43.91592	-19.50855	-99.73925	LAX_LV_EPICARDIAL	9	1.0	13
42.22322	-17.26991	-101.15733	LAX_LV_EPICARDIAL	9	1.0	13
40.53052	-15.03128	-102.57541	LAX_LV_EPICARDIAL	9	1.0	13
38.78277	-12.82779	-102.58875	LAX_LV_EPICARDIAL	9	1.0	13
37.03503	-10.62430	-102.60210	LAX_LV_EPICARDIAL	9	1.0	13
35.23224	-8.45597	-101.21071	LAX_LV_EPICARDIAL	9	1.0	13
33.42944	-6.28763	-99.81933	LAX_LV_EPICARDIAL	9	1.0	13
31.68170	-4.08415	-99.83267	LAX_LV_EPICARDIAL	9	1.0	13
29.87891	-1.91581	-98.44129	LAX_LV_EPICARDIAL	9	1.0	13
28.07612	0.25252	-97.04990	LAX_LV_EPICARDIAL	9	1.0	13
26.32837	2.45601	-97.06324	LAX_LV_EPICARDIAL	9	1.0	13
24.52558	4.62435	-95.67186	LAX_LV_EPICARDIAL	9	1.0	13
22.77783	6.82783	-95.68520	LAX_LV_EPICARDIAL	9	1.0	13
20.97504	8.99617	-94.29382	LAX_LV_EPICARDIAL	9	1.0	13
19.22729	11.19966	-94.30716	LAX_LV_EPICARDIAL	9	1.0	13
17.42450	13.36799	-92.91578	LAX_LV_EPICARDIAL	9	1.0	13
15.67676	15.57148	-92.92912	LAX_LV_EPICARDIAL	9	1.0	13
13.87397	17.73981	-91.53773	LAX_LV_EPICARDIAL	9	1.0	13
12.07117	19.90815	-90.14635	LAX_LV_EPICARDIAL	9	1.0	13
10.26838	22.07648	-88.75496	LAX_LV_EPICARDIAL	9	1.0	13
8.46559	24.24482	-87.36357	LAX_LV_EPICARDIAL	9	1.0	13
6.66280	26.41315	-85.97219	LAX_LV_EPICARDIAL	9	1.0	13
4.86001	28.58149	-84.58080	LAX_LV_EPICARDIAL	9	1.0	13
3.05722	30.74982	-83.18941	LAX_LV_EPICARDIAL	9	1.0	13
1.25443	32.91816	-81.79803	LAX_LV_EPICARDIAL	9	1.0	13
-0.60341	35.05134	-79.00191	LAX_LV_EPICARDIAL	9	1.0	13
-2.40620	37.21968	-77.61052	LAX_LV_EPICARDIAL	9	1.0	13
-3.39016	38.25111	-74.80773	LAX_LV_EPICARDIAL	9	1.0	13
-5.24800	40.38430	-72.01161	LAX_LV_EPICARDIAL	9	1.0	13
-5.35809	40.31399	-69.20214	LAX_LV_EPICARDIAL	9	1.0	13
-6.34205	41.34543	-66.39935	LAX_LV_EPICARDIAL	9	1.0	13
-6.45214	41.27513	-63.58988	LAX_LV_EPICARDIAL	9	1.0	13
-5.68835	40.10308	-60.77375	LAX_LV_EPICARDIAL	9	1.0	13
-4.86953	38.96619	-59.36234	LAX_LV_EPICARDIAL	9	1.0	13
7.68129	20.42434	-22.73253	LAX_LV_EPICARDIAL	9	1.0	13
9.37399	18.18570	-21.31445	LAX_LV_EPICARDIAL	9	1.0	13
11.06669	15.94707	-19.89637	LAX_LV_EPICARDIAL	9	1.0	13
12.81444	13.74358	-19.88302	LAX_LV_EPICARDIAL	9	1.0	13
14.56219	11.54009	-19.86968	LAX_LV_EPICARDIAL	9	1.0	13
16.30993	9.33661	-19.85633	LAX_LV_EPICARDIAL	9	1.0	13
18.05768	7.13312	-19.84299	LAX_LV_EPICARDIAL	9	1.0	13
19.80543	4.92963	-19.82964	LAX_LV_EPICARDIAL	9	1.0	13
6.04363	22.69813	-25.55534	MITRAL_VALVE	9	1.0	13
-2.41304	35.55550	-55.12812	MITRAL_VALVE	9	1.0	13
-27.71097	-11.88040	-6.60358	LAX_RV_FREEWALL	8	1.0	1.0
-26.46492	-14.59730	-9.22772	LAX_RV_FREEWALL	8	1.0	1.0
-24.66104	-14.59730	-11.38554	LAX_RV_FREEWALL	8	1.0	1.0
-23.13607	-15.95575	-13.77652	LAX_RV_FREEWALL	8	1.0	1.0
-21.33219	-15.95576	-15.93434	LAX_RV_FREEWALL	8	1.0	1.0
-19.80722	-17.31421	-18.32532	LAX_RV_FREEWALL	8	1.0	1.0
-18.00334	-17.31421	-20.48314	LAX_RV_FREEWALL	8	1.0	1.0
-16.47837	-18.67266	-22.87411	LAX_RV_FREEWALL	8	1.0	1.0
-14.95340	-20.03111	-25.26509	LAX_RV_FREEWALL	8	1.0	1.0
-13.42843	-21.38956	-27.65607	LAX_RV_FREEWALL	8	1.0	1.0
-11.90346	-22.74801	-30.04705	LAX_RV_FREEWALL	8	1.0	1.0
-10.09958	-22.74801	-32.20487	LAX_RV_FREEWALL	8	1.0	1.0
-8.29570	-22.74801	-34.36269	LAX_RV_FREEWALL	8	1.0	1.0
-6.77073	-24.10646	-36.75367	LAX_RV_FREEWALL	8	1.0	1.0
-4.68794	-22.74802	-38.67832	LAX_RV_FREEWALL	8	1.0	1.0
-2.88406	-22.74802	-40.83614	LAX_RV_FREEWALL	8	1.0	1.0
-1.08018	-22.74802	-42.99396	LAX_RV_FREEWALL	8	1.0	1.0
0.72370	-22.74802	-45.15178	LAX_RV_FREEWALL	8	1.0	1.0
2.24867	-24.10647	-47.54275	LAX_RV_FREEWALL	8	1.0	1.0
4.05255	-24.10647	-49.70057	LAX_RV_FREEWALL	8	1.0	1.0
5.85644	-24.10648	-51.85839	LAX_RV_FREEWALL	8	1.0	1.0
7.93923	-22.74803	-53.78304	LAX_RV_FREEWALL	8	1.0	1.0
-9.11434	-9.16352	-27.71543	LAX_RV_FREEWALL	8	1.0	1.0
-10.91822	-9.16352	-25.55762	LAX_RV_FREEWALL	8	1.0	1.0
-13.00101	-10.52197	-23.63296	LAX_RV_FREEWALL	8	1.0	1.0
-14.80489	-10.52197	-21.47514	LAX_RV_FREEWALL	8	1.0	1.0
-16.32986	-9.16352	-19.08416	LAX_RV_FREEWALL	8	1.0	1.0
-18.13374	-9.16351	-16.92635	LAX_RV_FREEWALL	8	1.0	1.0
-19.65871	-7.80506	-14.53537	LAX_RV_FREEWALL	8	1.0	1.0
-21.46259	-7.80506	-12.37755	LAX_RV_FREEWALL	8	1.0	1.0
-23.26647	-7.80506	-10.21973	LAX_RV_FREEWALL	8	1.0	1.0
-25.07035	-7.80506	-8.06191	LAX_RV_FREEWALL	8	1.0	1.0
-27.43206	-10.52195	-6.37042	LAX_RV_FREEWALL	8	1.0	1.0
-29.79377	-13.23885	-4.67893	LAX_RV_EPICARDIAL	8	1.0	1.0
-28.54771	-15.95575	-7.30307	LAX_RV_EPICARDIAL	8	1.0	1.0
-27.02274	-17.31420	-9.69405	LAX_RV_EPICARDIAL	8	1.0	1.0
-25.49778	-18.67265	-12.08503	LAX_RV_EPICARDIAL	8	1.0	1.0
-23.97281	-20.03110	-14.47601	LAX_RV_EPICARDIAL	8	1.0	1.0
-22.16893	-20.03110	-16.63382	LAX_RV_EPICARDIAL	8	1.0	1.0
-20.64396	-21.38955	-19.02480	LAX_RV_EPICARDIAL	8	1.0	1.0
-19.11899	-22.74800	-21.41578	LAX_RV_EPICARDIAL	8	1.0	1.0
-17.59402	-24.10645	-23.80676	LAX_RV_EPICARDIAL	8	1.0	1.0
-16.06905	-25.46490	-26.19774	LAX_RV_EPICARDIAL	8	1.0	1.0
-14.26517	-25.46491	-28.35556	LAX_RV_EPICARDIAL	8	1.0	1.0
-12.74020	-26.82336	-30.74654	LAX_RV_EPICARDIAL	8	1.0	1.0
-10.93632	-26.82336	-32.90436	LAX_RV_EPICARDIAL	8	1.0	1.0
-9.13244	-26.82336	-35.06217	LAX_RV_EPICARDIAL	8	1.0	1.0
-7.32856	-26.82336	-37.21999	LAX_RV_EPICARDIAL	8	1.0	1.0
-5.52468	-26.82336	-39.37781	LAX_RV_EPICARDIAL	8	1.0	1.0
-3.72080	-26.82336	-41.53563	LAX_RV_EPICARDIAL	8	1.0	1.0
-1.63800	-25.46492	-43.46028	LAX_RV_EPICARDIAL	8	1.0	1.0
0.16588	-25.46492	-45.61810	LAX_RV_EPICARDIAL	8	1.0	1.0
1.96976	-25.46492	-47.77592	LAX_RV_EPICARDIAL	8	1.0	1.0
3.77364	-25.46492	-49.93373	LAX_RV_EPICARDIAL	8	1.0	1.0
5.57752	-25.46492	-52.09155	LAX_RV_EPICARDIAL	8	1.0	1.0
7.38140	-25.46493	-54.24937	LAX_RV_EPICARDIAL	8	1.0	1.0
9.46420	-24.10648	-56.17402	LAX_RV_EPICARDIAL	8	1.0	1.0
9.74311	-22.74803	-55.94086	LAX_RV_EPICARDIAL	8	1.0	1.0
-7.58937	-10.52197	-30.10641	LAX_RV_EPICARDIAL	8	1.0	1.0
-9.17954	-5.08818	-25.93704	LAX_RV_EPICARDIAL	8	1.0	1.0
-10.70451	-3.72972	-23.54606	LAX_RV_EPICARDIAL	8	1.0	1.0
-12.78730	-5.08817	-21.62140	LAX_RV_EPICARDIAL	8	1.0	1.0
-14.87009	-6.44662	-19.69675	LAX_RV_EPICARDIAL	8	1.0	1.0
-16.67398	-6.44662	-17.53893	LAX_RV_EPICARDIAL	8	1.0	1.0
-18.47786	-6.44662	-15.38111	LAX_RV_EPICARDIAL	8	1.0	1.0
-20.00283	-5.08816	-12.99013	LAX_RV_EPICARDIAL	8	1.0	1.0
-21.80671	-5.08816	-10.83232	LAX_RV_EPICARDIAL	8	1.0	1.0
-23.88950	-6.44661	-8.90766	LAX_RV_EPICARDIAL	8	1.0	1.0
-25.69338	-6.44661	-6.74984	LAX_RV_EPICARDIAL	8	1.0	1.0
-27.15315	-9.16350	-6.13726	LAX_RV_EPICARDIAL	8	1.0	1.0
-29.23594	-10.52195	-4.21260	LAX_RV_EPICARDIAL	8	1.0	1.0
9.74311	-22.74803	-55.94086	LAX_RV_SEPTUM	8	1.0	1.0
8.49706	-20.03113	-53.31672	LAX_RV_SEPTUM	8	1.0	1.0
6.69317	-20.03113	-51.15890	LAX_RV_SEPTUM	8	1.0	1.0
5.16821	-18.67268	-48.76792	LAX_RV_SEPTUM	8	1.0	1.0
3.36432	-18.67268	-46.61011	LAX_RV_SEPTUM	8	1.0	1.0
1.83936	-17.31423	-44.21913	LAX_RV_SEPTUM	8	1.0	1.0
0.31439	-15.95578	-41.82815	LAX_RV_SEPTUM	8	1.0	1.0
-1.21058	-14.59733	-39.43717	LAX_RV_SEPTUM	8	1.0	1.0
-2.73555	-13.23888	-37.04619	LAX_RV_SEPTUM	8	1.0	1.0
-4.26052	-11.88043	-34.65521	LAX_RV_SEPTUM	8	1.0	1.0
-5.78549	-10.52197	-32.26423	LAX_RV_SEPTUM	8	1.0	1.0
-7.58937	-10.52197	-30.10641	LAX_RV_SEPTUM	8	1.0	1.0
-7.65457	-6.44663	-28.32802	LAX_LV_EPICARDIAL	8	1.0	1.0
11.54699	-22.74803	-58.09868	LAX_LV_EPICARDIAL	8	1.0	1.0
13.35087	-22.74803	-60.25650	LAX_LV_EPICARDIAL	8	1.0	1.0
14.87584	-24.10648	-62.64748	LAX_LV_EPICARDIAL	8	1.0	1.0
16.67972	-24.10649	-64.80529	LAX_LV_EPICARDIAL	8	1.0	1.0
18.48360	-24.10649	-66.96311	LAX_LV_EPICARDIAL	8	1.0	1.0
20.00857	-25.46494	-69.35409	LAX_LV_EPICARDIAL	8	1.0	1.0
21.81245	-25.46494	-71.51191	LAX_LV_EPICARDIAL	8	1.0	1.0
23.33742	-26.82339	-73.90289	LAX_LV_EPICARDIAL	8	1.0	1.0
25.14130	-26.82339	-76.06071	LAX_LV_EPICARDIAL	8	1.0	1.0
26.94519	-26.82339	-78.21852	LAX_LV_EPICARDIAL	8	1.0	1.0
28.47015	-28.18184	-80.60950	LAX_LV_EPICARDIAL	8	1.0	1.0
30.27403	-28.18185	-82.76732	LAX_LV_EPICARDIAL	8	1.0	1.0
32.35683	-26.82340	-84.69198	LAX_LV_EPICARDIAL	8	1.0	1.0
34.16071	-26.82340	-86.84979	LAX_LV_EPICARDIAL	8	1.0	1.0
35.96459	-26.82340	-89.00761	LAX_LV_EPICARDIAL	8	1.0	1.0
38.04739	-25.46496	-90.93227	LAX_LV_EPICARDIAL	8	1.0	1.0
40.13018	-24.10651	-92.85692	LAX_LV_EPICARDIAL	8	1.0	1.0
41.31103	-22.74806	-93.70267	LAX_LV_EPICARDIAL	8	1.0	1.0
43.67274	-20.03117	-95.39416	LAX_LV_EPICARDIAL	8	1.0	1.0
45.13251	-17.31427	-96.00675	LAX_LV_EPICARDIAL	8	1.0	1.0
45.69033	-14.59737	-95.54042	LAX_LV_EPICARDIAL	8	1.0	1.0
46.24816	-11.88047	-95.07410	LAX_LV_EPICARDIAL	8	1.0	1.0
46.80598	-9.16358	-94.60778	LAX_LV_EPICARDIAL	8	1.0	1.0
46.46187	-6.44668	-93.06254	LAX_LV_EPICARDIAL	8	1.0	1.0
46.11775	-3.72978	-91.51731	LAX_LV_EPICARDIAL	8	1.0	1.0
45.77364	-1.01288	-89.97208	LAX_LV_EPICARDIAL	8	1.0	1.0
44.52758	1.70402	-87.34794	LAX_LV_EPICARDIAL	8	1.0	1.0
44.18347	4.42092	-85.80271	LAX_LV_EPICARDIAL	8	1.0	1.0
43.83935	7.13781	-84.25747	LAX_LV_EPICARDIAL	8	1.0	1.0
43.49524	9.85471	-82.71224	LAX_LV_EPICARDIAL	8	1.0	1.0
43.15112	12.57161	-81.16701	LAX_LV_EPICARDIAL	8	1.0	1.0
42.80701	15.28851	-79.62178	LAX_LV_EPICARDIAL	8	1.0	1.0
42.46289	18.00541	-78.07654	LAX_LV_EPICARDIAL	8	1.0	1.0
42.11878	20.72231	-76.53131	LAX_LV_EPICARDIAL	8	1.0	1.0
41.77466	23.43921	-74.98608	LAX_LV_EPICARDIAL	8	1.0	1.0
41.43055	26.15610	-73.44084	LAX_LV_EPICARDIAL	8	1.0	1.0
41.08643	28.87300	-71.89561	LAX_LV_EPICARDIAL	8	1.0	1.0
39.84038	31.58990	-69.27147	LAX_LV_EPICARDIAL	8	1.0	1.0
39.49626	34.30680	-67.72624	LAX_LV_EPICARDIAL	8	1.0	1.0
39.15215	37.02370	-66.18101	LAX_LV_EPICARDIAL	8	1.0	1.0
37.90609	39.74060	-63.55686	LAX_LV_EPICARDIAL	8	1.0	1.0
36.38112	41.09905	-61.16589	LAX_LV_EPICARDIAL	8	1.0	1.0
35.13507	43.81595	-58.54174	LAX_LV_EPICARDIAL	8	1.0	1.0
33.61010	45.17440	-56.15076	LAX_LV_EPICARDIAL	8	1.0	1.0
32.08513	46.53285	-53.75979	LAX_LV_EPICARDIAL	8	1.0	1.0
30.56016	47.89130	-51.36881	LAX_LV_EPICARDIAL	8	1.0	1.0
28.75628	47.89130	-49.21099	LAX_LV_EPICARDIAL	8	1.0	1.0
27.23131	49.24975	-46.82001	LAX_LV_EPICARDIAL	8	1.0	1.0
25.42743	49.24975	-44.66219	LAX_LV_EPICARDIAL	8	1.0	1.0
23.90246	50.60820	-42.27121	LAX_LV_EPICARDIAL	8	1.0	1.0
22.09858	50.60820	-40.11340	LAX_LV_EPICARDIAL	8	1.0	1.0
20.29470	50.60821	-37.95558	LAX_LV_EPICARDIAL	8	1.0	1.0
18.21191	49.24976	-36.03092	LAX_LV_EPICARDIAL	8	1.0	1.0
16.75214	46.53286	-35.41834	LAX_LV_EPICARDIAL	8	1.0	1.0
-0.55134	19.36390	-26.05576	LAX_LV_EPICARDIAL	8	1.0	1.0
-2.35523	19.36390	-23.89794	LAX_LV_EPICARDIAL	8	1.0	1.0
-5.07915	1.70407	-28.00796	LAX_LV_ENDOCARDIAL	8	1.0	1.0
-2.99636	3.06251	-29.93261	LAX_LV_ENDOCARDIAL	8	1.0	1.0
-1.19248	3.06251	-32.09043	LAX_LV_ENDOCARDIAL	8	1.0	1.0
0.61140	3.06251	-34.24825	LAX_LV_ENDOCARDIAL	8	1.0	1.0
2.41529	3.06251	-36.40606	LAX_LV_ENDOCARDIAL	8	1.0	1.0
3.94025	1.70406	-38.79704	LAX_LV_ENDOCARDIAL	8	1.0	1.0
5.18631	-1.01284	-41.42118	LAX_LV_ENDOCARDIAL	8	1.0	1.0
6.71128	-2.37129	-43.81216	LAX_LV_ENDOCARDIAL	8	1.0	1.0
7.95733	-5.08819	-46.43631	LAX_LV_ENDOCARDIAL	8	1.0	1.0
9.48230	-6.44664	-48.82729	LAX_LV_ENDOCARDIAL	8	1.0	1.0
11.00727	-7.80509	-51.21826	LAX_LV_ENDOCARDIAL	8	1.0	1.0
12.25333	-10.52199	-53.84241	LAX_LV_ENDOCARDIAL	8	1.0	1.0
13.77829	-11.88044	-56.23339	LAX_LV_ENDOCARDIAL	8	1.0	1.0
15.58218	-11.88044	-58.39120	LAX_LV_ENDOCARDIAL	8	1.0	1.0
17.10714	-13.23889	-60.78218	LAX_LV_ENDOCARDIAL	8	1.0	1.0
18.91103	-13.23890	-62.94000	LAX_LV_ENDOCARDIAL	8	1.0	1.0
20.43599	-14.59735	-65.33098	LAX_LV_ENDOCARDIAL	8	1.0	1.0
21.96096	-15.95580	-67.72196	LAX_LV_ENDOCARDIAL	8	1.0	1.0
23.48593	-17.31425	-70.11294	LAX_LV_ENDOCARDIAL	8	1.0	1.0
25.28981	-17.31425	-72.27076	LAX_LV_ENDOCARDIAL	8	1.0	1.0
26.81478	-18.67270	-74.66173	LAX_LV_ENDOCARDIAL	8	1.0	1.0
28.33975	-20.03115	-77.05271	LAX_LV_ENDOCARDIAL	8	1.0	1.0
30.14363	-20.03115	-79.21053	LAX_LV_ENDOCARDIAL	8	1.0	1.0
31.94751	-20.03115	-81.36835	LAX_LV_ENDOCARDIAL	8	1.0	1.0
33.75139	-20.03116	-83.52617	LAX_LV_ENDOCARDIAL	8	1.0	1.0
35.55527	-20.03116	-85.68398	LAX_LV_ENDOCARDIAL	8	1.0	1.0
37.08024	-21.38961	-88.07496	LAX_LV_ENDOCARDIAL	8	1.0	1.0
38.88412	-21.38961	-90.23278	LAX_LV_ENDOCARDIAL	8	1.0	1.0
40.96692	-20.03116	-92.15744	LAX_LV_ENDOCARDIAL	8	1.0	1.0
42.42668	-17.31427	-92.77002	LAX_LV_ENDOCARDIAL	8	1.0	1.0
42.98451	-14.59737	-92.30370	LAX_LV_ENDOCARDIAL	8	1.0	1.0
42.64039	-11.88047	-90.75847	LAX_LV_ENDOCARDIAL	8	1.0	1.0
41.39434	-9.16357	-88.13432	LAX_LV_ENDOCARDIAL	8	1.0	1.0
41.05022	-6.44667	-86.58909	LAX_LV_ENDOCARDIAL	8	1.0	1.0
39.52526	-5.08822	-84.19811	LAX_LV_ENDOCARDIAL	8	1.0	1.0
39.18114	-2.37132	-82.65288	LAX_LV_ENDOCARDIAL	8	1.0	1.0
37.93509	0.34558	-80.02874	LAX_LV_ENDOCARDIAL	8	1.0	1.0
37.59097	3.06247	-78.48351	LAX_LV_ENDOCARDIAL	8	1.0	1.0
36.34491	5.77937	-75.85936	LAX_LV_ENDOCARDIAL	8	1.0	1.0
35.09886	8.49627	-73.23522	LAX_LV_ENDOCARDIAL	8	1.0	1.0
34.75474	11.21317	-71.68999	LAX_LV_ENDOCARDIAL	8	1.0	1.0
33.50869	13.93007	-69.06585	LAX_LV_ENDOCARDIAL	8	1.0	1.0
33.16457	16.64697	-67.52062	LAX_LV_ENDOCARDIAL	8	1.0	1.0
31.91852	19.36387	-64.89648	LAX_LV_ENDOCARDIAL	8	1.0	1.0
32.47634	22.08076	-64.43015	LAX_LV_ENDOCARDIAL	8	1.0	1.0
33.03417	24.79766	-63.96383	LAX_LV_ENDOCARDIAL	8	1.0	1.0
33.59199	27.51456	-63.49750	LAX_LV_ENDOCARDIAL	8	1.0	1.0
32.34594	30.23146	-60.87336	LAX_LV_ENDOCARDIAL	8	1.0	1.0
32.00182	32.94836	-59.32813	LAX_LV_ENDOCARDIAL	8	1.0	1.0
30.47686	34.30681	-56.93715	LAX_LV_ENDOCARDIAL	8	1.0	1.0
28.95189	35.66526	-54.54617	LAX_LV_ENDOCARDIAL	8	1.0	1.0
27.42692	37.02371	-52.15519	LAX_LV_ENDOCARDIAL	8	1.0	1.0
25.90195	38.38216	-49.76421	LAX_LV_ENDOCARDIAL	8	1.0	1.0
24.37698	39.74061	-47.37323	LAX_LV_ENDOCARDIAL	8	1.0	1.0
22.85201	41.09906	-44.98225	LAX_LV_ENDOCARDIAL	8	1.0	1.0
21.04813	41.09906	-42.82444	LAX_LV_ENDOCARDIAL	8	1.0	1.0
19.24425	41.09906	-40.66662	LAX_LV_ENDOCARDIAL	8	1.0	1.0
-0.55134	19.36390	-26.05576	LAX_LV_ENDOCARDIAL	8	1.0	1.0
-2.35523	19.36390	-23.89794	LAX_LV_ENDOCARDIAL	8	1.0	1.0
-29.79377	-13.23885	-4.67893	LAX_RV_EPICARDIAL	8	1.0	1.0
-28.54771	-15.95575	-7.30307	LAX_RV_EPICARDIAL	8	1.0	1.0
-27.02274	-17.31420	-9.69405	LAX_RV_EPICARDIAL	8	1.0	1.0
-25.49778	-18.67265	-12.08503	LAX_RV_EPICARDIAL	8	1.0	1.0
-23.97281	-20.03110	-14.47601	LAX_RV_EPICARDIAL	8	1.0	1.0
-22.16893	-20.03110	-16.63382	LAX_RV_EPICARDIAL	8	1.0	1.0
-20.64396	-21.38955	-19.02480	LAX_RV_EPICARDIAL	8	1.0	1.0
-19.11899	-22.74800	-21.41578	LAX_RV_EPICARDIAL	8	1.0	1.0
-17.59402	-24.10645	-23.80676	LAX_RV_EPICARDIAL	8	1.0	1.0
-16.06905	-25.46490	-26.19774	LAX_RV_EPICARDIAL	8	1.0	1.0
-14.26517	-25.46491	-28.35556	LAX_RV_EPICARDIAL	8	1.0	1.0
-12.74020	-26.82336	-30.74654	LAX_RV_EPICARDIAL	8	1.0	1.0
-10.93632	-26.82336	-32.90436	LAX_RV_EPICARDIAL	8	1.0	1.0
-9.13244	-26.82336	-35.06217	LAX_RV_EPICARDIAL	8	1.0	1.0
-7.32856	-26.82336	-37.21999	LAX_RV_EPICARDIAL	8	1.0	1.0
-5.52468	-26.82336	-39.37781	LAX_RV_EPICARDIAL	8	1.0	1.0
-3.72080	-26.82336	-41.53563	LAX_RV_EPICARDIAL	8	1.0	1.0
-1.63800	-25.46492	-43.46028	LAX_RV_EPICARDIAL	8	1.0	1.0
0.16588	-25.46492	-45.61810	LAX_RV_EPICARDIAL	8	1.0	1.0
1.96976	-25.46492	-47.77592	LAX_RV_EPICARDIAL	8	1.0	1.0
3.77364	-25.46492	-49.93373	LAX_RV_EPICARDIAL	8	1.0	1.0
5.57752	-25.46492	-52.09155	LAX_RV_EPICARDIAL	8	1.0	1.0
7.38140	-25.46493	-54.24937	LAX_RV_EPICARDIAL	8	1.0	1.0
9.46420	-24.10648	-56.17402	LAX_RV_EPICARDIAL	8	1.0	1.0
9.74311	-22.74803	-55.94086	LAX_RV_EPICARDIAL	8	1.0	1.0
-7.58937	-10.52197	-30.10641	LAX_RV_EPICARDIAL	8	1.0	1.0
-9.17954	-5.08818	-25.93704	LAX_RV_EPICARDIAL	8	1.0	1.0
-10.70451	-3.72972	-23.54606	LAX_RV_EPICARDIAL	8	1.0	1.0
-12.78730	-5.08817	-21.62140	LAX_RV_EPICARDIAL	8	1.0	1.0
-14.87009	-6.44662	-19.69675	LAX_RV_EPICARDIAL	8	1.0	1.0
-16.67398	-6.44662	-17.53893	LAX_RV_EPICARDIAL	8	1.0	1.0
-18.47786	-6.44662	-15.38111	LAX_RV_EPICARDIAL	8	1.0	1.0
-20.00283	-5.08816	-12.99013	LAX_RV_EPICARDIAL	8	1.0	1.0
-21.80671	-5.08816	-10.83232	LAX_RV_EPICARDIAL	8	1.0	1.0
-23.88950	-6.44661	-8.90766	LAX_RV_EPICARDIAL	8	1.0	1.0
-25.69338	-6.44661	-6.74984	LAX_RV_EPICARDIAL	8	1.0	1.0
-27.15315	-9.16350	-6.13726	LAX_RV_EPICARDIAL	8	1.0	1.0
-29.23594	-10.52195	-4.21260	LAX_RV_EPICARDIAL	8	1.0	1.0
0.90842	22.08080	-26.66835	MITRAL_VALVE	8	1.0	1.0
16.81734	42.45752	-37.19673	MITRAL_VALVE	8	1.0	1.0
-8.06389	0.34562	-25.00439	AORTA_VALVE	8	1.0	1.0
-4.71693	16.64700	-22.20645	AORTA_VALVE	8	1.0	1.0
-54.25234	1.48700	-76.38484	LAX_RV_FREEWALL	7	1.0	13
-56.94115	0.68635	-77.80504	LAX_RV_FREEWALL	7	1.0	13
-56.71963	-0.91494	-80.10656	LAX_RV_FREEWALL	7	1.0	13
-55.09834	-2.51623	-82.27334	LAX_RV_FREEWALL	7	1.0	13
-53.47705	-4.11752	-84.44013	LAX_RV_FREEWALL	7	1.0	13
-50.45597	-5.71881	-86.47219	LAX_RV_FREEWALL	7	1.0	13
-48.83468	-7.32010	-88.63898	LAX_RV_FREEWALL	7	1.0	13
-45.81360	-8.92140	-90.67104	LAX_RV_FREEWALL	7	1.0	13
-42.79252	-10.52269	-92.70310	LAX_RV_FREEWALL	7	1.0	13
-39.77145	-12.12398	-94.73516	LAX_RV_FREEWALL	7	1.0	13
-36.86113	-12.92463	-95.61647	LAX_RV_FREEWALL	7	1.0	13
-33.95081	-13.72527	-96.49777	LAX_RV_FREEWALL	7	1.0	13
-30.92973	-15.32657	-98.52983	LAX_RV_FREEWALL	7	1.0	13
-28.01942	-16.12721	-99.41114	LAX_RV_FREEWALL	7	1.0	13
-25.10910	-16.92786	-100.29245	LAX_RV_FREEWALL	7	1.0	13
-22.19878	-17.72850	-101.17375	LAX_RV_FREEWALL	7	1.0	13
-19.39922	-17.72851	-100.90430	LAX_RV_FREEWALL	7	1.0	13
-16.48890	-18.52915	-101.78561	LAX_RV_FREEWALL	7	1.0	13
-13.57858	-19.32980	-102.66692	LAX_RV_FREEWALL	7	1.0	13
-10.66826	-20.13044	-103.54822	LAX_RV_FREEWALL	7	1.0	13
-7.75794	-20.93109	-104.42953	LAX_RV_FREEWALL	7	1.0	13
-4.84762	-21.73174	-105.31083	LAX_RV_FREEWALL	7	1.0	13
-2.04806	-21.73174	-105.04139	LAX_RV_FREEWALL	7	1.0	13
0.75150	-21.73174	-104.77194	LAX_RV_FREEWALL	7	1.0	13
3.66182	-22.53239	-105.65324	LAX_RV_FREEWALL	7	1.0	13
6.46139	-22.53239	-105.38379	LAX_RV_FREEWALL	7	1.0	13
9.37171	-23.33303	-106.26510	LAX_RV_FREEWALL	7	1.0	13
12.17127	-23.33303	-105.99565	LAX_RV_FREEWALL	7	1.0	13
15.08159	-24.13368	-106.87696	LAX_RV_FREEWALL	7	1.0	13
17.88115	-24.13368	-106.60751	LAX_RV_FREEWALL	7	1.0	13
20.68071	-24.13368	-106.33806	LAX_RV_FREEWALL	7	1.0	13
23.25876	-22.53239	-103.76710	LAX_RV_FREEWALL	7	1.0	13
-54.47385	3.08829	-74.08333	LAX_RV_EPICARDIAL	7	1.0	13
-57.27342	3.08829	-74.35278	LAX_RV_EPICARDIAL	7	1.0	13
-59.96222	2.28765	-75.77298	LAX_RV_EPICARDIAL	7	1.0	13
-61.14049	0.68636	-78.20922	LAX_RV_EPICARDIAL	7	1.0	13
-60.91898	-0.91494	-80.51073	LAX_RV_EPICARDIAL	7	1.0	13
-59.29768	-2.51623	-82.67752	LAX_RV_EPICARDIAL	7	1.0	13
-57.67639	-4.11752	-84.84430	LAX_RV_EPICARDIAL	7	1.0	13
-56.05509	-5.71881	-87.01109	LAX_RV_EPICARDIAL	7	1.0	13
-54.43380	-7.32010	-89.17787	LAX_RV_EPICARDIAL	7	1.0	13
-52.81251	-8.92139	-91.34466	LAX_RV_EPICARDIAL	7	1.0	13
-51.19121	-10.52269	-93.51145	LAX_RV_EPICARDIAL	7	1.0	13
-48.17014	-12.12398	-95.54351	LAX_RV_EPICARDIAL	7	1.0	13
-45.25982	-12.92462	-96.42481	LAX_RV_EPICARDIAL	7	1.0	13
-42.23874	-14.52592	-98.45688	LAX_RV_EPICARDIAL	7	1.0	13
-39.32842	-15.32656	-99.33818	LAX_RV_EPICARDIAL	7	1.0	13
-36.41810	-16.12721	-100.21949	LAX_RV_EPICARDIAL	7	1.0	13
-33.50778	-16.92786	-101.10079	LAX_RV_EPICARDIAL	7	1.0	13
-30.59747	-17.72850	-101.98210	LAX_RV_EPICARDIAL	7	1.0	13
-27.68715	-18.52915	-102.86341	LAX_RV_EPICARDIAL	7	1.0	13
-24.77683	-19.32979	-103.74471	LAX_RV_EPICARDIAL	7	1.0	13
-21.86651	-20.13044	-104.62602	LAX_RV_EPICARDIAL	7	1.0	13
-18.95619	-20.93109	-105.50733	LAX_RV_EPICARDIAL	7	1.0	13
-16.15663	-20.93109	-105.23788	LAX_RV_EPICARDIAL	7	1.0	13
-13.24631	-21.73174	-106.11918	LAX_RV_EPICARDIAL	7	1.0	13
-10.33599	-22.53238	-107.00049	LAX_RV_EPICARDIAL	7	1.0	13
-7.42567	-23.33303	-107.88179	LAX_RV_EPICARDIAL	7	1.0	13
-4.51535	-24.13367	-108.76310	LAX_RV_EPICARDIAL	7	1.0	13
-1.71579	-24.13368	-108.49365	LAX_RV_EPICARDIAL	7	1.0	13
1.08377	-24.13368	-108.22420	LAX_RV_EPICARDIAL	7	1.0	13
3.99409	-24.93432	-109.10551	LAX_RV_EPICARDIAL	7	1.0	13
6.79366	-24.93432	-108.83606	LAX_RV_EPICARDIAL	7	1.0	13
9.59322	-24.93432	-108.56661	LAX_RV_EPICARDIAL	7	1.0	13
12.50354	-25.73497	-109.44792	LAX_RV_EPICARDIAL	7	1.0	13
15.30310	-25.73497	-109.17847	LAX_RV_EPICARDIAL	7	1.0	13
18.10266	-25.73497	-108.90902	LAX_RV_EPICARDIAL	7	1.0	13
21.01298	-26.53562	-109.79032	LAX_RV_EPICARDIAL	7	1.0	13
23.70179	-25.73497	-108.37012	LAX_RV_EPICARDIAL	7	1.0	13
26.27984	-24.13368	-105.79916	LAX_RV_EPICARDIAL	7	1.0	13
27.45811	-22.53239	-103.36292	LAX_RV_EPICARDIAL	7	1.0	13
25.83681	-20.93110	-101.19614	LAX_RV_EPICARDIAL	7	1.0	13
-22.09743	11.89538	-58.19163	LAX_RV_SEPTUM	7	1.0	13
24.43703	-20.93110	-101.33086	LAX_RV_SEPTUM	7	1.0	13
22.81574	-19.32981	-99.16408	LAX_RV_SEPTUM	7	1.0	13
19.79466	-17.72852	-97.13201	LAX_RV_SEPTUM	7	1.0	13
16.88434	-16.92787	-96.25071	LAX_RV_SEPTUM	7	1.0	13
13.86327	-15.32658	-94.21865	LAX_RV_SEPTUM	7	1.0	13
10.84219	-13.72529	-92.18658	LAX_RV_SEPTUM	7	1.0	13
7.82111	-12.12399	-90.15452	LAX_RV_SEPTUM	7	1.0	13
4.80004	-10.52270	-88.12246	LAX_RV_SEPTUM	7	1.0	13
1.77896	-8.92141	-86.09040	LAX_RV_SEPTUM	7	1.0	13
0.15767	-7.32012	-83.92361	LAX_RV_SEPTUM	7	1.0	13
-2.86341	-5.71883	-81.89155	LAX_RV_SEPTUM	7	1.0	13
-4.48470	-4.11753	-79.72476	LAX_RV_SEPTUM	7	1.0	13
-6.10600	-2.51624	-77.55798	LAX_RV_SEPTUM	7	1.0	13
-7.72729	-0.91495	-75.39119	LAX_RV_SEPTUM	7	1.0	13
-9.34858	0.68634	-73.22441	LAX_RV_SEPTUM	7	1.0	13
-10.96988	2.28763	-71.05762	LAX_RV_SEPTUM	7	1.0	13
-13.99095	3.88892	-69.02556	LAX_RV_SEPTUM	7	1.0	13
-15.61225	5.49022	-66.85877	LAX_RV_SEPTUM	7	1.0	13
-17.23354	7.09151	-64.69199	LAX_RV_SEPTUM	7	1.0	13
-18.85484	8.69280	-62.52520	LAX_RV_SEPTUM	7	1.0	13
-20.47613	10.29409	-60.35841	LAX_RV_SEPTUM	7	1.0	13
-21.91597	20.70248	-45.39859	LAX_LV_EPICARDIAL	7	1.0	13
-21.69445	19.10119	-47.70010	LAX_LV_EPICARDIAL	7	1.0	13
-21.47294	17.49990	-50.00161	LAX_LV_EPICARDIAL	7	1.0	13
-21.25143	15.89861	-52.30312	LAX_LV_EPICARDIAL	7	1.0	13
-21.02991	14.29732	-54.60464	LAX_LV_EPICARDIAL	7	1.0	13
28.52562	-20.13046	-99.77593	LAX_LV_EPICARDIAL	7	1.0	13
31.43594	-20.93110	-100.65724	LAX_LV_EPICARDIAL	7	1.0	13
34.23550	-20.93110	-100.38779	LAX_LV_EPICARDIAL	7	1.0	13
37.03506	-20.93110	-100.11834	LAX_LV_EPICARDIAL	7	1.0	13
39.83462	-20.93110	-99.84889	LAX_LV_EPICARDIAL	7	1.0	13
42.52343	-20.13046	-98.42869	LAX_LV_EPICARDIAL	7	1.0	13
45.10148	-18.52917	-95.85773	LAX_LV_EPICARDIAL	7	1.0	13
46.27975	-16.92788	-93.42149	LAX_LV_EPICARDIAL	7	1.0	13
48.85780	-15.32659	-90.85053	LAX_LV_EPICARDIAL	7	1.0	13
48.63628	-13.72530	-88.54902	LAX_LV_EPICARDIAL	7	1.0	13
49.81455	-12.12401	-86.11278	LAX_LV_EPICARDIAL	7	1.0	13
50.99282	-10.52271	-83.67655	LAX_LV_EPICARDIAL	7	1.0	13
52.17109	-8.92142	-81.24031	LAX_LV_EPICARDIAL	7	1.0	13
51.94957	-7.32013	-78.93880	LAX_LV_EPICARDIAL	7	1.0	13
53.12784	-5.71884	-76.50256	LAX_LV_EPICARDIAL	7	1.0	13
54.30611	-4.11755	-74.06633	LAX_LV_EPICARDIAL	7	1.0	13
54.08460	-2.51626	-71.76482	LAX_LV_EPICARDIAL	7	1.0	13
55.26287	-0.91497	-69.32858	LAX_LV_EPICARDIAL	7	1.0	13
55.04135	0.68632	-67.02707	LAX_LV_EPICARDIAL	7	1.0	13
56.21962	2.28761	-64.59084	LAX_LV_EPICARDIAL	7	1.0	13
55.99811	3.88890	-62.28933	LAX_LV_EPICARDIAL	7	1.0	13
55.77660	5.49020	-59.98781	LAX_LV_EPICARDIAL	7	1.0	13
55.55508	7.09149	-57.68630	LAX_LV_EPICARDIAL	7	1.0	13
53.93379	8.69278	-55.51952	LAX_LV_EPICARDIAL	7	1.0	13
53.71227	10.29407	-53.21801	LAX_LV_EPICARDIAL	7	1.0	13
53.49076	11.89536	-50.91650	LAX_LV_EPICARDIAL	7	1.0	13
51.86947	13.49665	-48.74971	LAX_LV_EPICARDIAL	7	1.0	13
51.64795	15.09794	-46.44820	LAX_LV_EPICARDIAL	7	1.0	13
50.02666	16.69924	-44.28141	LAX_LV_EPICARDIAL	7	1.0	13
49.80515	18.30053	-41.97990	LAX_LV_EPICARDIAL	7	1.0	13
48.18385	19.90182	-39.81311	LAX_LV_EPICARDIAL	7	1.0	13
46.56256	21.50311	-37.64633	LAX_LV_EPICARDIAL	7	1.0	13
46.34105	23.10440	-35.34482	LAX_LV_EPICARDIAL	7	1.0	13
44.71975	24.70569	-33.17803	LAX_LV_EPICARDIAL	7	1.0	13
41.69868	26.30699	-31.14597	LAX_LV_EPICARDIAL	7	1.0	13
40.07738	27.90828	-28.97918	LAX_LV_EPICARDIAL	7	1.0	13
38.45609	29.50957	-26.81240	LAX_LV_EPICARDIAL	7	1.0	13
35.43501	31.11086	-24.78034	LAX_LV_EPICARDIAL	7	1.0	13
32.41394	32.71215	-22.74827	LAX_LV_EPICARDIAL	7	1.0	13
29.50362	33.51280	-21.86697	LAX_LV_EPICARDIAL	7	1.0	13
26.48254	35.11409	-19.83491	LAX_LV_EPICARDIAL	7	1.0	13
23.68298	35.11409	-20.10436	LAX_LV_EPICARDIAL	7	1.0	13
20.77266	35.91474	-19.22305	LAX_LV_EPICARDIAL	7	1.0	13
-19.11640	20.70248	-45.12914	LAX_LV_ENDOCARDIAL	7	1.0	13
-17.49511	19.10119	-47.29593	LAX_LV_ENDOCARDIAL	7	1.0	13
-15.87382	17.49990	-49.46272	LAX_LV_ENDOCARDIAL	7	1.0	13
-15.65230	15.89861	-51.76423	LAX_LV_ENDOCARDIAL	7	1.0	13
-14.03101	14.29732	-53.93101	LAX_LV_ENDOCARDIAL	7	1.0	13
-11.00993	12.69602	-55.96307	LAX_LV_ENDOCARDIAL	7	1.0	13
-9.38864	11.09473	-58.12986	LAX_LV_ENDOCARDIAL	7	1.0	13
-7.76734	9.49344	-60.29665	LAX_LV_ENDOCARDIAL	7	1.0	13
-4.74627	7.89215	-62.32871	LAX_LV_ENDOCARDIAL	7	1.0	13
-1.72519	6.29086	-64.36077	LAX_LV_ENDOCARDIAL	7	1.0	13
-0.10390	4.68957	-66.52756	LAX_LV_ENDOCARDIAL	7	1.0	13
2.91718	3.08827	-68.55962	LAX_LV_ENDOCARDIAL	7	1.0	13
4.53847	1.48698	-70.72640	LAX_LV_ENDOCARDIAL	7	1.0	13
6.15977	-0.11431	-72.89319	LAX_LV_ENDOCARDIAL	7	1.0	13
9.18084	-1.71560	-74.92525	LAX_LV_ENDOCARDIAL	7	1.0	13
10.80214	-3.31689	-77.09204	LAX_LV_ENDOCARDIAL	7	1.0	13
12.42343	-4.91818	-79.25882	LAX_LV_ENDOCARDIAL	7	1.0	13
14.04472	-6.51948	-81.42561	LAX_LV_ENDOCARDIAL	7	1.0	13
17.06580	-8.12077	-83.45767	LAX_LV_ENDOCARDIAL	7	1.0	13
18.68709	-9.72206	-85.62446	LAX_LV_ENDOCARDIAL	7	1.0	13
21.70817	-11.32335	-87.65652	LAX_LV_ENDOCARDIAL	7	1.0	13
24.72925	-12.92464	-89.68858	LAX_LV_ENDOCARDIAL	7	1.0	13
27.75032	-14.52594	-91.72064	LAX_LV_ENDOCARDIAL	7	1.0	13
30.66064	-15.32658	-92.60195	LAX_LV_ENDOCARDIAL	7	1.0	13
33.68172	-16.92787	-94.63401	LAX_LV_ENDOCARDIAL	7	1.0	13
36.59203	-17.72852	-95.51532	LAX_LV_ENDOCARDIAL	7	1.0	13
39.39160	-17.72852	-95.24587	LAX_LV_ENDOCARDIAL	7	1.0	13
40.56987	-16.12723	-92.80963	LAX_LV_ENDOCARDIAL	7	1.0	13
41.74813	-14.52594	-90.37340	LAX_LV_ENDOCARDIAL	7	1.0	13
41.52662	-12.92465	-88.07189	LAX_LV_ENDOCARDIAL	7	1.0	13
42.70489	-11.32336	-85.63565	LAX_LV_ENDOCARDIAL	7	1.0	13
42.48338	-9.72207	-83.33414	LAX_LV_ENDOCARDIAL	7	1.0	13
42.26186	-8.12078	-81.03263	LAX_LV_ENDOCARDIAL	7	1.0	13
43.44013	-6.51948	-78.59639	LAX_LV_ENDOCARDIAL	7	1.0	13
43.21862	-4.91819	-76.29488	LAX_LV_ENDOCARDIAL	7	1.0	13
44.39689	-3.31690	-73.85865	LAX_LV_ENDOCARDIAL	7	1.0	13
44.17537	-1.71561	-71.55714	LAX_LV_ENDOCARDIAL	7	1.0	13
45.35364	-0.11432	-69.12090	LAX_LV_ENDOCARDIAL	7	1.0	13
45.13213	1.48697	-66.81939	LAX_LV_ENDOCARDIAL	7	1.0	13
44.91061	3.08826	-64.51788	LAX_LV_ENDOCARDIAL	7	1.0	13
44.68910	4.68955	-62.21637	LAX_LV_ENDOCARDIAL	7	1.0	13
44.46759	6.29084	-59.91486	LAX_LV_ENDOCARDIAL	7	1.0	13
44.24608	7.89214	-57.61335	LAX_LV_ENDOCARDIAL	7	1.0	13
44.02456	9.49343	-55.31183	LAX_LV_ENDOCARDIAL	7	1.0	13
42.40327	11.09472	-53.14505	LAX_LV_ENDOCARDIAL	7	1.0	13
42.18176	12.69601	-50.84354	LAX_LV_ENDOCARDIAL	7	1.0	13
40.56046	14.29730	-48.67675	LAX_LV_ENDOCARDIAL	7	1.0	13
40.33895	15.89859	-46.37524	LAX_LV_ENDOCARDIAL	7	1.0	13
38.71765	17.49988	-44.20845	LAX_LV_ENDOCARDIAL	7	1.0	13
38.49614	19.10118	-41.90694	LAX_LV_ENDOCARDIAL	7	1.0	13
38.27463	20.70247	-39.60543	LAX_LV_ENDOCARDIAL	7	1.0	13
35.25355	22.30376	-37.57337	LAX_LV_ENDOCARDIAL	7	1.0	13
33.63226	23.90505	-35.40658	LAX_LV_ENDOCARDIAL	7	1.0	13
30.61118	25.50634	-33.37452	LAX_LV_ENDOCARDIAL	7	1.0	13
27.59011	27.10763	-31.34246	LAX_LV_ENDOCARDIAL	7	1.0	13
24.56903	28.70893	-29.31040	LAX_LV_ENDOCARDIAL	7	1.0	13
21.65871	29.50957	-28.42909	LAX_LV_ENDOCARDIAL	7	1.0	13
20.03742	31.11086	-26.26231	LAX_LV_ENDOCARDIAL	7	1.0	13
18.41612	32.71216	-24.09552	LAX_LV_ENDOCARDIAL	7	1.0	13
-54.47385	3.08829	-74.08333	LAX_RV_EPICARDIAL	7	1.0	13
-57.27342	3.08829	-74.35278	LAX_RV_EPICARDIAL	7	1.0	13
-59.96222	2.28765	-75.77298	LAX_RV_EPICARDIAL	7	1.0	13
-61.14049	0.68636	-78.20922	LAX_RV_EPICARDIAL	7	1.0	13
-60.91898	-0.91494	-80.51073	LAX_RV_EPICARDIAL	7	1.0	13
-59.29768	-2.51623	-82.67752	LAX_RV_EPICARDIAL	7	1.0	13
-57.67639	-4.11752	-84.84430	LAX_RV_EPICARDIAL	7	1.0	13
-56.05509	-5.71881	-87.01109	LAX_RV_EPICARDIAL	7	1.0	13
-54.43380	-7.32010	-89.17787	LAX_RV_EPICARDIAL	7	1.0	13
-52.81251	-8.92139	-91.34466	LAX_RV_EPICARDIAL	7	1.0	13
-51.19121	-10.52269	-93.51145	LAX_RV_EPICARDIAL	7	1.0	13
-48.17014	-12.12398	-95.54351	LAX_RV_EPICARDIAL	7	1.0	13
-45.25982	-12.92462	-96.42481	LAX_RV_EPICARDIAL	7	1.0	13
-42.23874	-14.52592	-98.45688	LAX_RV_EPICARDIAL	7	1.0	13
-39.32842	-15.32656	-99.33818	LAX_RV_EPICARDIAL	7	1.0	13
-36.41810	-16.12721	-100.21949	LAX_RV_EPICARDIAL	7	1.0	13
-33.50778	-16.92786	-101.10079	LAX_RV_EPICARDIAL	7	1.0	13
-30.59747	-17.72850	-101.98210	LAX_RV_EPICARDIAL	7	1.0	13
-27.68715	-18.52915	-102.86341	LAX_RV_EPICARDIAL	7	1.0	13
-24.77683	-19.32979	-103.74471	LAX_RV_EPICARDIAL	7	1.0	13
-21.86651	-20.13044	-104.62602	LAX_RV_EPICARDIAL	7	1.0	13
-18.95619	-20.93109	-105.50733	LAX_RV_EPICARDIAL	7	1.0	13
-16.15663	-20.93109	-105.23788	LAX_RV_EPICARDIAL	7	1.0	13
-13.24631	-21.73174	-106.11918	LAX_RV_EPICARDIAL	7	1.0	13
-10.33599	-22.53238	-107.00049	LAX_RV_EPICARDIAL	7	1.0	13
-7.42567	-23.33303	-107.88179	LAX_RV_EPICARDIAL	7	1.0	13
-4.51535	-24.13367	-108.76310	LAX_RV_EPICARDIAL	7	1.0	13
-1.71579	-24.13368	-108.49365	LAX_RV_EPICARDIAL	7	1.0	13
1.08377	-24.13368	-108.22420	LAX_RV_EPICARDIAL	7	1.0	13
3.99409	-24.93432	-109.10551	LAX_RV_EPICARDIAL	7	1.0	13
6.79366	-24.93432	-108.83606	LAX_RV_EPICARDIAL	7	1.0	13
9.59322	-24.93432	-108.56661	LAX_RV_EPICARDIAL	7	1.0	13
12.50354	-25.73497	-109.44792	LAX_RV_EPICARDIAL	7	1.0	13
15.30310	-25.73497	-109.17847	LAX_RV_EPICARDIAL	7	1.0	13
18.10266	-25.73497	-108.90902	LAX_RV_EPICARDIAL	7	1.0	13
21.01298	-26.53562	-109.79032	LAX_RV_EPICARDIAL	7	1.0	13
23.70179	-25.73497	-108.37012	LAX_RV_EPICARDIAL	7	1.0	13
26.27984	-24.13368	-105.79916	LAX_RV_EPICARDIAL	7	1.0	13
27.45811	-22.53239	-103.36292	LAX_RV_EPICARDIAL	7	1.0	13
25.83681	-20.93110	-101.19614	LAX_RV_EPICARDIAL	7	1.0	13
16.79483	34.31345	-21.92873	MITRAL_VALVE	7	1.0	13
-20.84845	23.10442	-41.81160	MITRAL_VALVE	7	1.0	13
-53.07407	3.08829	-73.94860	TRICUSPID_VALVE	7	1.0	13
-23.49721	11.89538	-58.32635	TRICUSPID_VALVE	7	1.0	13
39.83462	-20.93110	-99.84889	APEX_POINT	7	1.0	13
-10.50699	-17.18129	-5.34827	LAX_RV_FREEWALL	11	1.0	13
-10.12868	-17.17141	-8.13520	LAX_RV_FREEWALL	11	1.0	13
-9.66495	-18.56517	-10.91550	LAX_RV_FREEWALL	11	1.0	13
-9.28664	-18.55529	-13.70242	LAX_RV_FREEWALL	11	1.0	13
-8.82291	-19.94905	-16.48273	LAX_RV_FREEWALL	11	1.0	13
-8.44460	-19.93917	-19.26965	LAX_RV_FREEWALL	11	1.0	13
-7.98087	-21.33293	-22.04995	LAX_RV_FREEWALL	11	1.0	13
-7.60256	-21.32305	-24.83688	LAX_RV_FREEWALL	11	1.0	13
-7.13883	-22.71681	-27.61718	LAX_RV_FREEWALL	11	1.0	13
-6.76052	-22.70694	-30.40410	LAX_RV_FREEWALL	11	1.0	13
-6.29679	-24.10070	-33.18441	LAX_RV_FREEWALL	11	1.0	13
-5.91848	-24.09082	-35.97133	LAX_RV_FREEWALL	11	1.0	13
-5.54017	-24.08094	-38.75825	LAX_RV_FREEWALL	11	1.0	13
-5.16186	-24.07106	-41.54518	LAX_RV_FREEWALL	11	1.0	13
-4.69813	-25.46482	-44.32548	LAX_RV_FREEWALL	11	1.0	13
-4.31982	-25.45494	-47.11240	LAX_RV_FREEWALL	11	1.0	13
-3.94150	-25.44506	-49.89933	LAX_RV_FREEWALL	11	1.0	13
-3.56319	-25.43518	-52.68625	LAX_RV_FREEWALL	11	1.0	13
-3.18488	-25.42530	-55.47317	LAX_RV_FREEWALL	11	1.0	13
-2.89198	-24.01179	-58.26672	LAX_RV_FREEWALL	11	1.0	13
-2.51367	-24.00191	-61.05364	LAX_RV_FREEWALL	11	1.0	13
-2.04994	-25.39567	-63.83394	LAX_RV_FREEWALL	11	1.0	13
-1.58621	-26.78943	-66.61425	LAX_RV_FREEWALL	11	1.0	13
-1.12249	-28.18319	-69.39455	LAX_RV_FREEWALL	11	1.0	13
-0.82959	-26.76967	-72.18809	LAX_RV_FREEWALL	11	1.0	13
-0.45128	-26.75979	-74.97502	LAX_RV_FREEWALL	11	1.0	13
-0.07297	-26.74991	-77.76194	LAX_RV_FREEWALL	11	1.0	13
0.39076	-28.14367	-80.54224	LAX_RV_FREEWALL	11	1.0	13
0.68366	-26.73015	-83.33579	LAX_RV_FREEWALL	11	1.0	13
1.06197	-26.72028	-86.12271	LAX_RV_FREEWALL	11	1.0	13
1.44028	-26.71040	-88.90963	LAX_RV_FREEWALL	11	1.0	13
1.81859	-26.70052	-91.69655	LAX_RV_FREEWALL	11	1.0	13
2.19691	-26.69064	-94.48348	LAX_RV_FREEWALL	11	1.0	13
2.57522	-26.68076	-97.27040	LAX_RV_FREEWALL	11	1.0	13
2.95353	-26.67088	-100.05732	LAX_RV_FREEWALL	11	1.0	13
3.33184	-26.66100	-102.84425	LAX_RV_FREEWALL	11	1.0	13
3.62474	-25.24749	-105.63779	LAX_RV_FREEWALL	11	1.0	13
3.83222	-22.43033	-108.43795	LAX_RV_FREEWALL	11	1.0	13
3.47223	-19.62799	-107.05773	LAX_RV_FREEWALL	11	1.0	13
3.30140	-16.82071	-107.07097	LAX_RV_FREEWALL	11	1.0	13
2.94141	-14.01838	-105.69074	LAX_RV_FREEWALL	11	1.0	13
2.58142	-11.21604	-104.31052	LAX_RV_FREEWALL	11	1.0	13
2.03228	-8.41864	-101.53684	LAX_RV_FREEWALL	11	1.0	13
1.67229	-5.61630	-100.15661	LAX_RV_FREEWALL	11	1.0	13
1.31231	-2.81396	-98.77639	LAX_RV_FREEWALL	11	1.0	13
0.76316	-0.01657	-96.00271	LAX_RV_FREEWALL	11	1.0	13
0.21402	2.78083	-93.22902	LAX_RV_FREEWALL	11	1.0	13
-0.33513	5.57823	-90.45534	LAX_RV_FREEWALL	11	1.0	13
-0.71344	5.56835	-87.66842	LAX_RV_FREEWALL	11	1.0	13
-0.73176	2.75613	-86.26172	LAX_RV_SEPTUM	11	1.0	13
-0.93924	-0.06102	-83.46155	LAX_RV_SEPTUM	11	1.0	13
-1.14672	-2.87818	-80.66139	LAX_RV_SEPTUM	11	1.0	13
-1.16505	-5.69039	-79.25469	LAX_RV_SEPTUM	11	1.0	13
-1.37253	-8.50755	-76.45453	LAX_RV_SEPTUM	11	1.0	13
-1.66543	-9.92107	-73.66099	LAX_RV_SEPTUM	11	1.0	13
-2.04374	-9.93095	-70.87406	LAX_RV_SEPTUM	11	1.0	13
-2.33663	-11.34446	-68.08052	LAX_RV_SEPTUM	11	1.0	13
-2.71495	-11.35434	-65.29360	LAX_RV_SEPTUM	11	1.0	13
-3.00784	-12.76786	-62.50006	LAX_RV_SEPTUM	11	1.0	13
-3.38615	-12.77774	-59.71313	LAX_RV_SEPTUM	11	1.0	13
-3.67905	-14.19126	-56.91959	LAX_RV_SEPTUM	11	1.0	13
-4.05736	-14.20113	-54.13267	LAX_RV_SEPTUM	11	1.0	13
-4.35026	-15.61465	-51.33912	LAX_RV_SEPTUM	11	1.0	13
-4.81399	-14.22089	-48.55882	LAX_RV_SEPTUM	11	1.0	13
-5.19230	-14.23077	-45.77190	LAX_RV_SEPTUM	11	1.0	13
-5.57061	-14.24065	-42.98497	LAX_RV_SEPTUM	11	1.0	13
-5.94892	-14.25053	-40.19805	LAX_RV_SEPTUM	11	1.0	13
-6.41265	-12.85677	-37.41775	LAX_RV_SEPTUM	11	1.0	13
-6.79096	-12.86665	-34.63082	LAX_RV_SEPTUM	11	1.0	13
-7.25469	-11.47289	-31.85052	LAX_RV_SEPTUM	11	1.0	13
-7.71842	-10.07913	-29.07022	LAX_RV_SEPTUM	11	1.0	13
-8.09673	-10.08901	-26.28329	LAX_RV_SEPTUM	11	1.0	13
-8.56046	-8.69525	-23.50299	LAX_RV_SEPTUM	11	1.0	13
-9.02419	-7.30149	-20.72269	LAX_RV_SEPTUM	11	1.0	13
-9.48792	-5.90773	-17.94238	LAX_RV_SEPTUM	11	1.0	13
-9.95164	-4.51397	-15.16208	LAX_RV_SEPTUM	11	1.0	13
-10.52532	-19.99351	-3.94157	LAX_RV_EPICARDIAL	11	1.0	13
-10.14701	-19.98363	-6.72850	LAX_RV_EPICARDIAL	11	1.0	13
-9.68328	-21.37739	-9.50880	LAX_RV_EPICARDIAL	11	1.0	13
-9.21955	-22.77115	-12.28910	LAX_RV_EPICARDIAL	11	1.0	13
-8.84124	-22.76127	-15.07603	LAX_RV_EPICARDIAL	11	1.0	13
-8.37751	-24.15503	-17.85633	LAX_RV_EPICARDIAL	11	1.0	13
-7.99920	-24.14515	-20.64325	LAX_RV_EPICARDIAL	11	1.0	13
-7.53547	-25.53891	-23.42356	LAX_RV_EPICARDIAL	11	1.0	13
-7.15716	-25.52903	-26.21048	LAX_RV_EPICARDIAL	11	1.0	13
-6.69343	-26.92279	-28.99078	LAX_RV_EPICARDIAL	11	1.0	13
-6.31512	-26.91291	-31.77771	LAX_RV_EPICARDIAL	11	1.0	13
-5.93680	-26.90303	-34.56463	LAX_RV_EPICARDIAL	11	1.0	13
-5.47308	-28.29679	-37.34493	LAX_RV_EPICARDIAL	11	1.0	13
-5.09476	-28.28691	-40.13186	LAX_RV_EPICARDIAL	11	1.0	13
-4.71645	-28.27704	-42.91878	LAX_RV_EPICARDIAL	11	1.0	13
-4.33814	-28.26716	-45.70570	LAX_RV_EPICARDIAL	11	1.0	13
-3.95983	-28.25728	-48.49263	LAX_RV_EPICARDIAL	11	1.0	13
-3.66693	-26.84376	-51.28617	LAX_RV_EPICARDIAL	11	1.0	13
-3.28862	-26.83388	-54.07309	LAX_RV_EPICARDIAL	11	1.0	13
-2.91031	-26.82400	-56.86002	LAX_RV_EPICARDIAL	11	1.0	13
-2.44658	-28.21776	-59.64032	LAX_RV_EPICARDIAL	11	1.0	13
-2.06827	-28.20788	-62.42724	LAX_RV_EPICARDIAL	11	1.0	13
-1.60454	-29.60164	-65.20755	LAX_RV_EPICARDIAL	11	1.0	13
-1.14081	-30.99540	-67.98785	LAX_RV_EPICARDIAL	11	1.0	13
-0.76250	-30.98552	-70.77477	LAX_RV_EPICARDIAL	11	1.0	13
-0.38419	-30.97565	-73.56170	LAX_RV_EPICARDIAL	11	1.0	13
-0.09129	-29.56213	-76.35524	LAX_RV_EPICARDIAL	11	1.0	13
0.28702	-29.55225	-79.14216	LAX_RV_EPICARDIAL	11	1.0	13
0.66533	-29.54237	-81.92909	LAX_RV_EPICARDIAL	11	1.0	13
1.04365	-29.53249	-84.71601	LAX_RV_EPICARDIAL	11	1.0	13
1.42196	-29.52261	-87.50293	LAX_RV_EPICARDIAL	11	1.0	13
1.80027	-29.51273	-90.28985	LAX_RV_EPICARDIAL	11	1.0	13
2.17858	-29.50286	-93.07678	LAX_RV_EPICARDIAL	11	1.0	13
2.55690	-29.49298	-95.86370	LAX_RV_EPICARDIAL	11	1.0	13
2.93521	-29.48310	-98.65062	LAX_RV_EPICARDIAL	11	1.0	13
3.31352	-29.47322	-101.43755	LAX_RV_EPICARDIAL	11	1.0	13
3.60642	-28.05970	-104.23109	LAX_RV_EPICARDIAL	11	1.0	13
3.98473	-28.04982	-107.01801	LAX_RV_EPICARDIAL	11	1.0	13
4.27762	-26.63631	-109.81156	LAX_RV_EPICARDIAL	11	1.0	13
4.48510	-23.81915	-112.61172	LAX_RV_EPICARDIAL	11	1.0	13
4.31427	-21.01187	-112.62496	LAX_RV_EPICARDIAL	11	1.0	13
3.95428	-18.20953	-111.24473	LAX_RV_EPICARDIAL	11	1.0	13
3.59430	-15.40720	-109.86451	LAX_RV_EPICARDIAL	11	1.0	13
3.42347	-12.59992	-109.87775	LAX_RV_EPICARDIAL	11	1.0	13
3.06348	-9.79758	-108.49753	LAX_RV_EPICARDIAL	11	1.0	13
2.70349	-6.99524	-107.11730	LAX_RV_EPICARDIAL	11	1.0	13
2.15435	-4.19785	-104.34362	LAX_RV_EPICARDIAL	11	1.0	13
1.79436	-1.39551	-102.96340	LAX_RV_EPICARDIAL	11	1.0	13
1.43437	1.40683	-101.58317	LAX_RV_EPICARDIAL	11	1.0	13
0.88523	4.20423	-98.80949	LAX_RV_EPICARDIAL	11	1.0	13
0.33608	7.00163	-96.03580	LAX_RV_EPICARDIAL	11	1.0	13
-0.21306	9.79902	-93.26212	LAX_RV_EPICARDIAL	11	1.0	13
-0.76221	12.59642	-90.48844	LAX_RV_EPICARDIAL	11	1.0	13
-1.14052	12.58654	-87.70151	LAX_RV_EPICARDIAL	11	1.0	13
-1.15884	9.77433	-86.29481	LAX_RV_EPICARDIAL	11	1.0	13
-0.79886	6.97199	-87.67504	LAX_RV_EPICARDIAL	11	1.0	13
-10.77536	-0.31787	-11.00155	PULMONARY_VALVE	11	1.0	13
-11.05614	-14.38389	-2.57459	PULMONARY_VALVE	11	1.0	13
