x	y	z	contour type	frameID	weight	time frame
-48.40144	-17.63968	-42.01898	SAX_RV_FREEWALL	2	1.0	14
-50.09801	-16.53492	-44.42499	SAX_RV_FREEWALL	2	1.0	14
-52.32570	-16.53492	-46.14183	SAX_RV_FREEWALL	2	1.0	14
-54.55338	-16.53492	-47.85868	SAX_RV_FREEWALL	2	1.0	14
-56.78107	-16.53492	-49.57552	SAX_RV_FREEWALL	2	1.0	14
-59.00876	-16.53493	-51.29237	SAX_RV_FREEWALL	2	1.0	14
-61.23645	-16.53493	-53.00922	SAX_RV_FREEWALL	2	1.0	14
-62.40190	-14.32539	-56.10437	SAX_RV_FREEWALL	2	1.0	14
-63.56734	-12.11586	-59.19953	SAX_RV_FREEWALL	2	1.0	14
-65.26391	-11.01109	-61.60554	SAX_RV_FREEWALL	2	1.0	14
-67.49160	-11.01110	-63.32238	SAX_RV_FREEWALL	2	1.0	14
-68.65705	-8.80156	-66.41754	SAX_RV_FREEWALL	2	1.0	14
-67.59480	-6.59203	-67.79585	SAX_RV_FREEWALL	2	1.0	14
-66.53256	-4.38249	-69.17417	SAX_RV_FREEWALL	2	1.0	14
-64.35648	-2.17295	-69.69406	SAX_RV_FREEWALL	2	1.0	14
-62.18039	0.03659	-70.21395	SAX_RV_FREEWALL	2	1.0	14
-60.00430	2.24612	-70.73384	SAX_RV_FREEWALL	2	1.0	14
-58.94206	4.45566	-72.11215	SAX_RV_FREEWALL	2	1.0	14
-56.76598	6.66520	-72.63204	SAX_RV_FREEWALL	2	1.0	14
-54.58989	8.87474	-73.15193	SAX_RV_FREEWALL	2	1.0	14
-52.41380	11.08427	-73.67182	SAX_RV_FREEWALL	2	1.0	14
-49.12387	13.29381	-73.33329	SAX_RV_FREEWALL	2	1.0	14
-46.89618	13.29381	-71.61645	SAX_RV_FREEWALL	2	1.0	14
-46.84458	11.08428	-69.37971	SAX_RV_FREEWALL	2	1.0	14
-44.61689	11.08428	-67.66287	SAX_RV_FREEWALL	2	1.0	14
-42.38921	11.08428	-65.94602	SAX_RV_FREEWALL	2	1.0	14
-39.63040	12.18905	-64.91833	SAX_RV_FREEWALL	2	1.0	14
-37.93383	11.08429	-62.51233	SAX_RV_FREEWALL	2	1.0	14
-36.23726	9.97952	-60.10633	SAX_RV_FREEWALL	2	1.0	14
-37.29950	7.76999	-58.72801	SAX_RV_FREEWALL	2	1.0	14
-36.13406	5.56045	-55.63285	SAX_RV_FREEWALL	2	1.0	14
-34.96861	3.35092	-52.53769	SAX_RV_FREEWALL	2	1.0	14
-36.03085	1.14138	-51.15938	SAX_RV_FREEWALL	2	1.0	14
-37.09309	-1.06816	-49.78107	SAX_RV_FREEWALL	2	1.0	14
-38.15534	-3.27769	-48.40275	SAX_RV_FREEWALL	2	1.0	14
-39.21758	-5.48723	-47.02444	SAX_RV_FREEWALL	2	1.0	14
-40.27982	-7.69677	-45.64613	SAX_RV_FREEWALL	2	1.0	14
-41.34206	-9.90630	-44.26781	SAX_RV_FREEWALL	2	1.0	14
-41.29046	-12.11584	-42.03108	SAX_RV_FREEWALL	2	1.0	14
-42.35270	-14.32537	-40.65276	SAX_RV_FREEWALL	2	1.0	14
-43.41494	-16.53491	-39.27445	SAX_RV_FREEWALL	2	1.0	14
-46.17375	-17.63968	-40.30214	SAX_RV_FREEWALL	2	1.0	14
-46.65327	-20.95399	-37.37625	SAX_RV_EPICARDIAL	2	1.0	14
-48.34984	-19.84922	-39.78225	SAX_RV_EPICARDIAL	2	1.0	14
-50.57753	-19.84922	-41.49909	SAX_RV_EPICARDIAL	2	1.0	14
-52.80522	-19.84922	-43.21594	SAX_RV_EPICARDIAL	2	1.0	14
-55.03290	-19.84923	-44.93279	SAX_RV_EPICARDIAL	2	1.0	14
-57.26059	-19.84923	-46.64963	SAX_RV_EPICARDIAL	2	1.0	14
-59.48828	-19.84923	-48.36648	SAX_RV_EPICARDIAL	2	1.0	14
-61.18485	-18.74446	-50.77248	SAX_RV_EPICARDIAL	2	1.0	14
-69.18817	-9.90633	-65.72838	SAX_RV_EPICARDIAL	2	1.0	14
-67.06368	-5.48726	-68.48501	SAX_RV_EPICARDIAL	2	1.0	14
-67.11529	-3.27772	-70.72175	SAX_RV_EPICARDIAL	2	1.0	14
-66.05304	-1.06819	-72.10006	SAX_RV_EPICARDIAL	2	1.0	14
-63.87696	1.14135	-72.61995	SAX_RV_EPICARDIAL	2	1.0	14
-61.70087	3.35089	-73.13984	SAX_RV_EPICARDIAL	2	1.0	14
-59.52479	5.56043	-73.65973	SAX_RV_EPICARDIAL	2	1.0	14
-58.46254	7.76996	-75.03805	SAX_RV_EPICARDIAL	2	1.0	14
-55.17261	9.97950	-74.69951	SAX_RV_EPICARDIAL	2	1.0	14
-52.99653	12.18904	-75.21940	SAX_RV_EPICARDIAL	2	1.0	14
-50.76884	12.18904	-73.50256	SAX_RV_EPICARDIAL	2	1.0	14
-45.05991	-17.63968	-39.44372	SAX_RV_EPICARDIAL	2	1.0	14
-46.12215	-19.84922	-38.06540	SAX_RV_EPICARDIAL	2	1.0	14
-44.42558	-20.95398	-35.65940	SAX_RV_EPICARDIAL	2	1.0	14
-3.14665	0.03665	-24.71754	SAX_LV_EPICARDIAL	2	1.0	14
-2.08440	2.24618	-26.09585	SAX_LV_EPICARDIAL	2	1.0	14
0.09168	4.45572	-26.61574	SAX_LV_EPICARDIAL	2	1.0	14
2.26777	6.66526	-27.13563	SAX_LV_EPICARDIAL	2	1.0	14
-17.93624	13.29384	-49.29745	SAX_LV_EPICARDIAL	2	1.0	14
-18.99848	11.08431	-47.91914	SAX_LV_EPICARDIAL	2	1.0	14
-21.22617	11.08430	-49.63599	SAX_LV_EPICARDIAL	2	1.0	14
-21.27777	13.29384	-51.87272	SAX_LV_EPICARDIAL	2	1.0	14
-21.32937	15.50338	-54.10946	SAX_LV_EPICARDIAL	2	1.0	14
-20.26713	17.71291	-55.48777	SAX_LV_EPICARDIAL	2	1.0	14
-20.31873	19.92245	-57.72451	SAX_LV_EPICARDIAL	2	1.0	14
-19.25649	22.13198	-59.10282	SAX_LV_EPICARDIAL	2	1.0	14
-18.19425	24.34152	-60.48113	SAX_LV_EPICARDIAL	2	1.0	14
-17.13201	26.55106	-61.85945	SAX_LV_EPICARDIAL	2	1.0	14
-16.06976	28.76059	-63.23776	SAX_LV_EPICARDIAL	2	1.0	14
-15.00752	30.97013	-64.61608	SAX_LV_EPICARDIAL	2	1.0	14
-12.83144	33.17967	-65.13597	SAX_LV_EPICARDIAL	2	1.0	14
-10.65535	35.38921	-65.65586	SAX_LV_EPICARDIAL	2	1.0	14
-8.47926	37.59874	-66.17575	SAX_LV_EPICARDIAL	2	1.0	14
-5.18933	39.80828	-65.83722	SAX_LV_EPICARDIAL	2	1.0	14
-1.89940	42.01782	-65.49868	SAX_LV_EPICARDIAL	2	1.0	14
0.85941	43.12259	-64.47099	SAX_LV_EPICARDIAL	2	1.0	14
3.61822	44.22736	-63.44330	SAX_LV_EPICARDIAL	2	1.0	14
6.90815	46.43690	-63.10477	SAX_LV_EPICARDIAL	2	1.0	14
9.13584	46.43690	-61.38793	SAX_LV_EPICARDIAL	2	1.0	14
11.89464	47.54167	-60.36024	SAX_LV_EPICARDIAL	2	1.0	14
14.12233	47.54168	-58.64339	SAX_LV_EPICARDIAL	2	1.0	14
16.88114	48.64645	-57.61570	SAX_LV_EPICARDIAL	2	1.0	14
19.10883	48.64645	-55.89886	SAX_LV_EPICARDIAL	2	1.0	14
21.33652	48.64645	-54.18201	SAX_LV_EPICARDIAL	2	1.0	14
23.56421	48.64645	-52.46517	SAX_LV_EPICARDIAL	2	1.0	14
25.26078	47.54169	-50.05916	SAX_LV_EPICARDIAL	2	1.0	14
27.48846	47.54169	-48.34232	SAX_LV_EPICARDIAL	2	1.0	14
29.18503	46.43692	-45.93632	SAX_LV_EPICARDIAL	2	1.0	14
30.88160	45.33216	-43.53031	SAX_LV_EPICARDIAL	2	1.0	14
32.04705	43.12262	-40.43516	SAX_LV_EPICARDIAL	2	1.0	14
33.74361	42.01786	-38.02915	SAX_LV_EPICARDIAL	2	1.0	14
34.90906	39.80832	-34.93399	SAX_LV_EPICARDIAL	2	1.0	14
34.96066	37.59879	-32.69726	SAX_LV_EPICARDIAL	2	1.0	14
35.01226	35.38925	-30.46052	SAX_LV_EPICARDIAL	2	1.0	14
35.06387	33.17972	-28.22378	SAX_LV_EPICARDIAL	2	1.0	14
35.11547	30.97018	-25.98705	SAX_LV_EPICARDIAL	2	1.0	14
34.05323	28.76064	-24.60874	SAX_LV_EPICARDIAL	2	1.0	14
32.99098	26.55111	-23.23042	SAX_LV_EPICARDIAL	2	1.0	14
31.92874	24.34157	-21.85211	SAX_LV_EPICARDIAL	2	1.0	14
30.86650	22.13203	-20.47379	SAX_LV_EPICARDIAL	2	1.0	14
28.69041	19.92250	-19.95390	SAX_LV_EPICARDIAL	2	1.0	14
26.51433	17.71296	-19.43401	SAX_LV_EPICARDIAL	2	1.0	14
24.33824	15.50342	-18.91412	SAX_LV_EPICARDIAL	2	1.0	14
22.16216	13.29388	-18.39423	SAX_LV_EPICARDIAL	2	1.0	14
19.98607	11.08435	-17.87434	SAX_LV_EPICARDIAL	2	1.0	14
16.69614	8.87481	-18.21287	SAX_LV_EPICARDIAL	2	1.0	14
13.93733	7.77004	-19.24056	SAX_LV_EPICARDIAL	2	1.0	14
11.17852	6.66527	-20.26825	SAX_LV_EPICARDIAL	2	1.0	14
7.88859	4.45573	-20.60678	SAX_LV_EPICARDIAL	2	1.0	14
5.12978	3.35096	-21.63447	SAX_LV_EPICARDIAL	2	1.0	14
2.37097	2.24619	-22.66216	SAX_LV_EPICARDIAL	2	1.0	14
-0.38784	1.14142	-23.68985	SAX_LV_EPICARDIAL	2	1.0	14
-3.88418	7.77002	-32.97533	SAX_LV_ENDOCARDIAL	2	1.0	14
-3.93578	9.97955	-35.21206	SAX_LV_ENDOCARDIAL	2	1.0	14
-5.63235	11.08432	-37.61807	SAX_LV_ENDOCARDIAL	2	1.0	14
-7.32891	12.18909	-40.02407	SAX_LV_ENDOCARDIAL	2	1.0	14
-9.55660	12.18908	-41.74091	SAX_LV_ENDOCARDIAL	2	1.0	14
-11.78429	12.18908	-43.45776	SAX_LV_ENDOCARDIAL	2	1.0	14
-13.48086	13.29385	-45.86376	SAX_LV_ENDOCARDIAL	2	1.0	14
-15.17743	14.39861	-48.26976	SAX_LV_ENDOCARDIAL	2	1.0	14
-15.76015	15.50338	-49.81734	SAX_LV_ENDOCARDIAL	2	1.0	14
-15.81175	17.71292	-52.05408	SAX_LV_ENDOCARDIAL	2	1.0	14
-14.74951	19.92245	-53.43239	SAX_LV_ENDOCARDIAL	2	1.0	14
-13.68727	22.13199	-54.81071	SAX_LV_ENDOCARDIAL	2	1.0	14
-12.62503	24.34153	-56.18902	SAX_LV_ENDOCARDIAL	2	1.0	14
-11.56278	26.55106	-57.56733	SAX_LV_ENDOCARDIAL	2	1.0	14
-9.38670	28.76060	-58.08722	SAX_LV_ENDOCARDIAL	2	1.0	14
-7.21061	30.97014	-58.60712	SAX_LV_ENDOCARDIAL	2	1.0	14
-5.03453	33.17968	-59.12701	SAX_LV_ENDOCARDIAL	2	1.0	14
-1.74460	35.38921	-58.78847	SAX_LV_ENDOCARDIAL	2	1.0	14
1.01421	36.49399	-57.76079	SAX_LV_ENDOCARDIAL	2	1.0	14
4.30414	38.70352	-57.42225	SAX_LV_ENDOCARDIAL	2	1.0	14
7.06295	39.80829	-56.39456	SAX_LV_ENDOCARDIAL	2	1.0	14
9.29064	39.80830	-54.67772	SAX_LV_ENDOCARDIAL	2	1.0	14
12.04945	40.91307	-53.65003	SAX_LV_ENDOCARDIAL	2	1.0	14
14.27714	40.91307	-51.93318	SAX_LV_ENDOCARDIAL	2	1.0	14
16.50483	40.91307	-50.21634	SAX_LV_ENDOCARDIAL	2	1.0	14
18.73252	40.91307	-48.49949	SAX_LV_ENDOCARDIAL	2	1.0	14
20.42908	39.80831	-46.09349	SAX_LV_ENDOCARDIAL	2	1.0	14
22.12565	38.70354	-43.68749	SAX_LV_ENDOCARDIAL	2	1.0	14
23.82222	37.59878	-41.28149	SAX_LV_ENDOCARDIAL	2	1.0	14
25.51879	36.49401	-38.87548	SAX_LV_ENDOCARDIAL	2	1.0	14
26.68423	34.28448	-35.78032	SAX_LV_ENDOCARDIAL	2	1.0	14
27.84968	32.07494	-32.68517	SAX_LV_ENDOCARDIAL	2	1.0	14
26.78744	29.86540	-31.30685	SAX_LV_ENDOCARDIAL	2	1.0	14
25.72520	27.65587	-29.92854	SAX_LV_ENDOCARDIAL	2	1.0	14
24.66295	25.44633	-28.55022	SAX_LV_ENDOCARDIAL	2	1.0	14
22.48687	23.23679	-28.03033	SAX_LV_ENDOCARDIAL	2	1.0	14
21.42463	21.02726	-26.65202	SAX_LV_ENDOCARDIAL	2	1.0	14
18.13470	18.81772	-26.99055	SAX_LV_ENDOCARDIAL	2	1.0	14
15.95861	16.60818	-26.47066	SAX_LV_ENDOCARDIAL	2	1.0	14
13.19980	15.50341	-27.49835	SAX_LV_ENDOCARDIAL	2	1.0	14
9.90987	13.29387	-27.83688	SAX_LV_ENDOCARDIAL	2	1.0	14
6.61994	11.08433	-28.17542	SAX_LV_ENDOCARDIAL	2	1.0	14
4.44385	8.87479	-27.65552	SAX_LV_ENDOCARDIAL	2	1.0	14
1.68504	7.77002	-28.68321	SAX_LV_ENDOCARDIAL	2	1.0	14
-0.54264	7.77002	-30.40006	SAX_LV_ENDOCARDIAL	2	1.0	14
-2.77033	7.77002	-32.11691	SAX_LV_ENDOCARDIAL	2	1.0	14
-36.03979	-27.48641	-51.14687	SAX_RV_FREEWALL	3	1.0	14
-37.73635	-26.38165	-53.55288	SAX_RV_FREEWALL	3	1.0	14
-39.96404	-26.38165	-55.26972	SAX_RV_FREEWALL	3	1.0	14
-42.19173	-26.38165	-56.98657	SAX_RV_FREEWALL	3	1.0	14
-44.41942	-26.38165	-58.70341	SAX_RV_FREEWALL	3	1.0	14
-46.64711	-26.38166	-60.42026	SAX_RV_FREEWALL	3	1.0	14
-48.34368	-25.27689	-62.82626	SAX_RV_FREEWALL	3	1.0	14
-50.57136	-25.27689	-64.54311	SAX_RV_FREEWALL	3	1.0	14
-52.26793	-24.17213	-66.94911	SAX_RV_FREEWALL	3	1.0	14
-53.96450	-23.06736	-69.35511	SAX_RV_FREEWALL	3	1.0	14
-55.12995	-20.85782	-72.45027	SAX_RV_FREEWALL	3	1.0	14
-56.82651	-19.75306	-74.85627	SAX_RV_FREEWALL	3	1.0	14
-57.99196	-17.54352	-77.95143	SAX_RV_FREEWALL	3	1.0	14
-58.04356	-15.33399	-80.18817	SAX_RV_FREEWALL	3	1.0	14
-58.09516	-13.12445	-82.42490	SAX_RV_FREEWALL	3	1.0	14
-55.91908	-10.91492	-82.94479	SAX_RV_FREEWALL	3	1.0	14
-53.74299	-8.70538	-83.46468	SAX_RV_FREEWALL	3	1.0	14
-51.56691	-6.49584	-83.98458	SAX_RV_FREEWALL	3	1.0	14
-48.27698	-4.28630	-83.64604	SAX_RV_FREEWALL	3	1.0	14
-44.98705	-2.07676	-83.30751	SAX_RV_FREEWALL	3	1.0	14
-41.69712	0.13278	-82.96898	SAX_RV_FREEWALL	3	1.0	14
-38.40718	2.34231	-82.63045	SAX_RV_FREEWALL	3	1.0	14
-35.11725	4.55185	-82.29191	SAX_RV_FREEWALL	3	1.0	14
-32.94117	6.76139	-82.81181	SAX_RV_FREEWALL	3	1.0	14
-29.65124	8.97093	-82.47327	SAX_RV_FREEWALL	3	1.0	14
-26.89243	10.07570	-81.44558	SAX_RV_FREEWALL	3	1.0	14
-24.13362	11.18047	-80.41790	SAX_RV_FREEWALL	3	1.0	14
-21.37481	12.28524	-79.39021	SAX_RV_FREEWALL	3	1.0	14
-18.61600	13.39001	-78.36252	SAX_RV_FREEWALL	3	1.0	14
-16.38831	13.39001	-76.64567	SAX_RV_FREEWALL	3	1.0	14
1.04178	-17.54347	-32.45502	SAX_RV_FREEWALL	3	1.0	14
-2.24815	-19.75300	-32.79355	SAX_RV_FREEWALL	3	1.0	14
-5.53808	-21.96254	-33.13209	SAX_RV_FREEWALL	3	1.0	14
-8.29689	-23.06731	-34.15978	SAX_RV_FREEWALL	3	1.0	14
-11.05570	-24.17208	-35.18746	SAX_RV_FREEWALL	3	1.0	14
-13.81450	-25.27685	-36.21515	SAX_RV_FREEWALL	3	1.0	14
-16.04219	-25.27686	-37.93200	SAX_RV_FREEWALL	3	1.0	14
-18.80100	-26.38163	-38.95969	SAX_RV_FREEWALL	3	1.0	14
-21.02869	-26.38163	-40.67653	SAX_RV_FREEWALL	3	1.0	14
-23.25638	-26.38163	-42.39338	SAX_RV_FREEWALL	3	1.0	14
-26.01519	-27.48640	-43.42107	SAX_RV_FREEWALL	3	1.0	14
-28.24288	-27.48640	-45.13791	SAX_RV_FREEWALL	3	1.0	14
-29.93944	-26.38164	-47.54392	SAX_RV_FREEWALL	3	1.0	14
-32.16713	-26.38164	-49.26076	SAX_RV_FREEWALL	3	1.0	14
-34.92594	-27.48641	-50.28845	SAX_RV_FREEWALL	3	1.0	14
-32.06393	-30.80071	-44.78729	SAX_RV_EPICARDIAL	3	1.0	14
-33.76050	-29.69595	-47.19329	SAX_RV_EPICARDIAL	3	1.0	14
-35.98818	-29.69595	-48.91014	SAX_RV_EPICARDIAL	3	1.0	14
-38.21587	-29.69595	-50.62698	SAX_RV_EPICARDIAL	3	1.0	14
-40.44356	-29.69595	-52.34383	SAX_RV_EPICARDIAL	3	1.0	14
-42.67125	-29.69595	-54.06067	SAX_RV_EPICARDIAL	3	1.0	14
-44.89894	-29.69596	-55.77752	SAX_RV_EPICARDIAL	3	1.0	14
-47.12663	-29.69596	-57.49437	SAX_RV_EPICARDIAL	3	1.0	14
-48.82319	-28.59119	-59.90037	SAX_RV_EPICARDIAL	3	1.0	14
-51.05088	-28.59119	-61.61721	SAX_RV_EPICARDIAL	3	1.0	14
-52.74745	-27.48643	-64.02322	SAX_RV_EPICARDIAL	3	1.0	14
-54.44402	-26.38166	-66.42922	SAX_RV_EPICARDIAL	3	1.0	14
-56.14059	-25.27690	-68.83522	SAX_RV_EPICARDIAL	3	1.0	14
-57.30603	-23.06736	-71.93038	SAX_RV_EPICARDIAL	3	1.0	14
-59.00260	-21.96260	-74.33638	SAX_RV_EPICARDIAL	3	1.0	14
-60.16805	-19.75306	-77.43154	SAX_RV_EPICARDIAL	3	1.0	14
-60.21965	-17.54353	-79.66828	SAX_RV_EPICARDIAL	3	1.0	14
-60.27125	-15.33399	-81.90501	SAX_RV_EPICARDIAL	3	1.0	14
-59.20901	-13.12445	-83.28333	SAX_RV_EPICARDIAL	3	1.0	14
-58.14677	-10.91492	-84.66164	SAX_RV_EPICARDIAL	3	1.0	14
-57.08452	-8.70538	-86.03995	SAX_RV_EPICARDIAL	3	1.0	14
-54.90844	-6.49584	-86.55984	SAX_RV_EPICARDIAL	3	1.0	14
-52.73235	-4.28631	-87.07973	SAX_RV_EPICARDIAL	3	1.0	14
-49.44242	-2.07677	-86.74120	SAX_RV_EPICARDIAL	3	1.0	14
-46.15249	0.13277	-86.40267	SAX_RV_EPICARDIAL	3	1.0	14
-42.86256	2.34231	-86.06414	SAX_RV_EPICARDIAL	3	1.0	14
-39.57263	4.55185	-85.72561	SAX_RV_EPICARDIAL	3	1.0	14
-36.28270	6.76139	-85.38707	SAX_RV_EPICARDIAL	3	1.0	14
-32.99277	8.97093	-85.04854	SAX_RV_EPICARDIAL	3	1.0	14
-29.70284	11.18047	-84.71001	SAX_RV_EPICARDIAL	3	1.0	14
-26.94403	12.28524	-83.68232	SAX_RV_EPICARDIAL	3	1.0	14
-23.65410	14.49477	-83.34379	SAX_RV_EPICARDIAL	3	1.0	14
-20.89529	15.59955	-82.31610	SAX_RV_EPICARDIAL	3	1.0	14
-18.13648	16.70432	-81.28841	SAX_RV_EPICARDIAL	3	1.0	14
-15.90879	16.70432	-79.57156	SAX_RV_EPICARDIAL	3	1.0	14
-13.14998	17.80909	-78.54388	SAX_RV_EPICARDIAL	3	1.0	14
-13.04678	13.39002	-74.07040	SAX_RV_EPICARDIAL	3	1.0	14
10.43206	-14.22915	-28.51353	SAX_RV_EPICARDIAL	3	1.0	14
10.48366	-16.43869	-26.27680	SAX_RV_EPICARDIAL	3	1.0	14
7.72485	-17.54346	-27.30449	SAX_RV_EPICARDIAL	3	1.0	14
4.96604	-18.64823	-28.33217	SAX_RV_EPICARDIAL	3	1.0	14
1.67611	-20.85777	-28.67071	SAX_RV_EPICARDIAL	3	1.0	14
-1.08270	-21.96254	-29.69840	SAX_RV_EPICARDIAL	3	1.0	14
-4.37263	-24.17208	-30.03693	SAX_RV_EPICARDIAL	3	1.0	14
-7.13144	-25.27685	-31.06462	SAX_RV_EPICARDIAL	3	1.0	14
-10.42137	-27.48639	-31.40315	SAX_RV_EPICARDIAL	3	1.0	14
-13.18018	-28.59116	-32.43084	SAX_RV_EPICARDIAL	3	1.0	14
-15.93899	-29.69593	-33.45853	SAX_RV_EPICARDIAL	3	1.0	14
-18.16668	-29.69593	-35.17537	SAX_RV_EPICARDIAL	3	1.0	14
-20.39437	-29.69593	-36.89222	SAX_RV_EPICARDIAL	3	1.0	14
-23.15317	-30.80070	-37.91991	SAX_RV_EPICARDIAL	3	1.0	14
-25.38086	-30.80070	-39.63675	SAX_RV_EPICARDIAL	3	1.0	14
-27.60855	-30.80071	-41.35360	SAX_RV_EPICARDIAL	3	1.0	14
-29.83624	-30.80071	-43.07044	SAX_RV_EPICARDIAL	3	1.0	14
-14.69174	12.28525	-74.23967	SAX_RV_SEPTUM	3	1.0	14
-14.64014	10.07571	-72.00293	SAX_RV_SEPTUM	3	1.0	14
-14.58854	7.86618	-69.76620	SAX_RV_SEPTUM	3	1.0	14
-14.53694	5.65664	-67.52946	SAX_RV_SEPTUM	3	1.0	14
-14.48534	3.44711	-65.29272	SAX_RV_SEPTUM	3	1.0	14
-14.43373	1.23757	-63.05599	SAX_RV_SEPTUM	3	1.0	14
-14.38213	-0.97196	-60.81925	SAX_RV_SEPTUM	3	1.0	14
-14.33053	-3.18150	-58.58252	SAX_RV_SEPTUM	3	1.0	14
-13.16508	-5.39103	-55.48736	SAX_RV_SEPTUM	3	1.0	14
-11.99964	-7.60057	-52.39220	SAX_RV_SEPTUM	3	1.0	14
-10.83419	-9.81010	-49.29704	SAX_RV_SEPTUM	3	1.0	14
-9.66874	-12.01964	-46.20188	SAX_RV_SEPTUM	3	1.0	14
-7.97217	-13.12440	-43.79588	SAX_RV_SEPTUM	3	1.0	14
-6.27561	-14.22917	-41.38987	SAX_RV_SEPTUM	3	1.0	14
-4.04792	-14.22917	-39.67303	SAX_RV_SEPTUM	3	1.0	14
-2.35135	-15.33393	-37.26703	SAX_RV_SEPTUM	3	1.0	14
-0.12366	-15.33393	-35.55018	SAX_RV_SEPTUM	3	1.0	14
2.10403	-15.33393	-33.83334	SAX_RV_SEPTUM	3	1.0	14
4.33171	-15.33393	-32.11649	SAX_RV_SEPTUM	3	1.0	14
7.09052	-14.22916	-31.08880	SAX_RV_SEPTUM	3	1.0	14
9.31821	-14.22915	-29.37196	SAX_RV_SEPTUM	3	1.0	14
8.78709	-15.33392	-28.68280	SAX_RV_SEPTUM	3	1.0	14
6.55940	-15.33392	-30.39964	SAX_RV_SEPTUM	3	1.0	14
3.80059	-16.43870	-31.42733	SAX_RV_SEPTUM	3	1.0	14
-10.87069	15.59956	-74.59029	SAX_LV_EPICARDIAL	3	1.0	14
-9.80845	17.80909	-75.96861	SAX_LV_EPICARDIAL	3	1.0	14
-8.74621	20.01863	-77.34692	SAX_LV_EPICARDIAL	3	1.0	14
-6.57012	22.22817	-77.86681	SAX_LV_EPICARDIAL	3	1.0	14
-4.39404	24.43770	-78.38670	SAX_LV_EPICARDIAL	3	1.0	14
-2.21795	26.64724	-78.90659	SAX_LV_EPICARDIAL	3	1.0	14
1.07198	28.85678	-78.56806	SAX_LV_EPICARDIAL	3	1.0	14
4.36191	31.06632	-78.22953	SAX_LV_EPICARDIAL	3	1.0	14
7.65184	33.27586	-77.89100	SAX_LV_EPICARDIAL	3	1.0	14
10.41065	34.38063	-76.86331	SAX_LV_EPICARDIAL	3	1.0	14
13.70058	36.59017	-76.52478	SAX_LV_EPICARDIAL	3	1.0	14
16.45939	37.69494	-75.49709	SAX_LV_EPICARDIAL	3	1.0	14
19.21820	38.79971	-74.46940	SAX_LV_EPICARDIAL	3	1.0	14
21.44589	38.79971	-72.75255	SAX_LV_EPICARDIAL	3	1.0	14
24.20470	39.90448	-71.72486	SAX_LV_EPICARDIAL	3	1.0	14
26.43238	39.90448	-70.00802	SAX_LV_EPICARDIAL	3	1.0	14
28.66007	39.90449	-68.29117	SAX_LV_EPICARDIAL	3	1.0	14
31.41888	41.00926	-67.26348	SAX_LV_EPICARDIAL	3	1.0	14
33.64657	41.00926	-65.54664	SAX_LV_EPICARDIAL	3	1.0	14
35.34314	39.90449	-63.14063	SAX_LV_EPICARDIAL	3	1.0	14
37.57083	39.90449	-61.42379	SAX_LV_EPICARDIAL	3	1.0	14
39.79851	39.90450	-59.70694	SAX_LV_EPICARDIAL	3	1.0	14
41.49508	38.79973	-57.30094	SAX_LV_EPICARDIAL	3	1.0	14
43.19165	37.69496	-54.89494	SAX_LV_EPICARDIAL	3	1.0	14
44.88822	36.59020	-52.48894	SAX_LV_EPICARDIAL	3	1.0	14
46.58478	35.48543	-50.08293	SAX_LV_EPICARDIAL	3	1.0	14
47.75023	33.27590	-46.98777	SAX_LV_EPICARDIAL	3	1.0	14
48.91568	31.06636	-43.89262	SAX_LV_EPICARDIAL	3	1.0	14
48.96728	28.85683	-41.65588	SAX_LV_EPICARDIAL	3	1.0	14
49.01888	26.64729	-39.41914	SAX_LV_EPICARDIAL	3	1.0	14
49.07049	24.43776	-37.18241	SAX_LV_EPICARDIAL	3	1.0	14
49.12209	22.22822	-34.94567	SAX_LV_EPICARDIAL	3	1.0	14
49.17369	20.01869	-32.70893	SAX_LV_EPICARDIAL	3	1.0	14
48.11145	17.80915	-31.33062	SAX_LV_EPICARDIAL	3	1.0	14
48.16305	15.59961	-29.09388	SAX_LV_EPICARDIAL	3	1.0	14
47.10081	13.39008	-27.71557	SAX_LV_EPICARDIAL	3	1.0	14
46.03857	11.18054	-26.33726	SAX_LV_EPICARDIAL	3	1.0	14
44.97632	8.97100	-24.95894	SAX_LV_EPICARDIAL	3	1.0	14
42.80024	6.76147	-24.43905	SAX_LV_EPICARDIAL	3	1.0	14
41.73800	4.55193	-23.06074	SAX_LV_EPICARDIAL	3	1.0	14
39.56191	2.34239	-22.54085	SAX_LV_EPICARDIAL	3	1.0	14
37.38582	0.13285	-22.02096	SAX_LV_EPICARDIAL	3	1.0	14
35.20974	-2.07668	-21.50107	SAX_LV_EPICARDIAL	3	1.0	14
33.03365	-4.28622	-20.98118	SAX_LV_EPICARDIAL	3	1.0	14
29.74372	-6.49576	-21.31971	SAX_LV_EPICARDIAL	3	1.0	14
26.98491	-7.60053	-22.34740	SAX_LV_EPICARDIAL	3	1.0	14
23.69498	-9.81007	-22.68593	SAX_LV_EPICARDIAL	3	1.0	14
20.93617	-10.91484	-23.71362	SAX_LV_EPICARDIAL	3	1.0	14
18.17736	-12.01961	-24.74131	SAX_LV_EPICARDIAL	3	1.0	14
15.94967	-12.01961	-26.45815	SAX_LV_EPICARDIAL	3	1.0	14
13.19087	-13.12438	-27.48584	SAX_LV_EPICARDIAL	3	1.0	14
6.30139	-4.28625	-41.58333	SAX_LV_ENDOCARDIAL	3	1.0	14
4.60482	-3.18148	-43.98933	SAX_LV_ENDOCARDIAL	3	1.0	14
2.37714	-3.18148	-45.70617	SAX_LV_ENDOCARDIAL	3	1.0	14
0.68057	-2.07672	-48.11218	SAX_LV_ENDOCARDIAL	3	1.0	14
-0.48488	0.13282	-51.20733	SAX_LV_ENDOCARDIAL	3	1.0	14
-2.18145	1.23758	-53.61334	SAX_LV_ENDOCARDIAL	3	1.0	14
-3.34689	3.44712	-56.70850	SAX_LV_ENDOCARDIAL	3	1.0	14
-4.51234	5.65665	-59.80366	SAX_LV_ENDOCARDIAL	3	1.0	14
-4.56394	7.86619	-62.04039	SAX_LV_ENDOCARDIAL	3	1.0	14
-4.61554	10.07572	-64.27713	SAX_LV_ENDOCARDIAL	3	1.0	14
-4.66715	12.28526	-66.51386	SAX_LV_ENDOCARDIAL	3	1.0	14
-3.60490	14.49479	-67.89218	SAX_LV_ENDOCARDIAL	3	1.0	14
-2.54266	16.70433	-69.27049	SAX_LV_ENDOCARDIAL	3	1.0	14
-1.48042	18.91387	-70.64880	SAX_LV_ENDOCARDIAL	3	1.0	14
0.69567	21.12341	-71.16870	SAX_LV_ENDOCARDIAL	3	1.0	14
2.87175	23.33294	-71.68859	SAX_LV_ENDOCARDIAL	3	1.0	14
6.16168	25.54248	-71.35005	SAX_LV_ENDOCARDIAL	3	1.0	14
8.33777	27.75202	-71.86994	SAX_LV_ENDOCARDIAL	3	1.0	14
11.09658	28.85679	-70.84226	SAX_LV_ENDOCARDIAL	3	1.0	14
13.85539	29.96156	-69.81457	SAX_LV_ENDOCARDIAL	3	1.0	14
16.61420	31.06633	-68.78688	SAX_LV_ENDOCARDIAL	3	1.0	14
19.37300	32.17110	-67.75919	SAX_LV_ENDOCARDIAL	3	1.0	14
21.60069	32.17110	-66.04234	SAX_LV_ENDOCARDIAL	3	1.0	14
24.35950	33.27587	-65.01465	SAX_LV_ENDOCARDIAL	3	1.0	14
26.58719	33.27588	-63.29781	SAX_LV_ENDOCARDIAL	3	1.0	14
28.81488	33.27588	-61.58096	SAX_LV_ENDOCARDIAL	3	1.0	14
31.04257	33.27588	-59.86412	SAX_LV_ENDOCARDIAL	3	1.0	14
33.27026	33.27588	-58.14727	SAX_LV_ENDOCARDIAL	3	1.0	14
35.49795	33.27589	-56.43043	SAX_LV_ENDOCARDIAL	3	1.0	14
37.19451	32.17112	-54.02442	SAX_LV_ENDOCARDIAL	3	1.0	14
38.89108	31.06635	-51.61842	SAX_LV_ENDOCARDIAL	3	1.0	14
40.05653	28.85682	-48.52326	SAX_LV_ENDOCARDIAL	3	1.0	14
41.75309	27.75205	-46.11726	SAX_LV_ENDOCARDIAL	3	1.0	14
41.80470	25.54252	-43.88052	SAX_LV_ENDOCARDIAL	3	1.0	14
42.97014	23.33298	-40.78536	SAX_LV_ENDOCARDIAL	3	1.0	14
43.02175	21.12345	-38.54863	SAX_LV_ENDOCARDIAL	3	1.0	14
43.07335	18.91391	-36.31189	SAX_LV_ENDOCARDIAL	3	1.0	14
42.01111	16.70438	-34.93358	SAX_LV_ENDOCARDIAL	3	1.0	14
42.06271	14.49484	-32.69684	SAX_LV_ENDOCARDIAL	3	1.0	14
41.00047	12.28530	-31.31853	SAX_LV_ENDOCARDIAL	3	1.0	14
39.93822	10.07577	-29.94022	SAX_LV_ENDOCARDIAL	3	1.0	14
38.87598	7.86623	-28.56190	SAX_LV_ENDOCARDIAL	3	1.0	14
36.69990	5.65669	-28.04201	SAX_LV_ENDOCARDIAL	3	1.0	14
34.52381	3.44715	-27.52212	SAX_LV_ENDOCARDIAL	3	1.0	14
31.23388	1.23762	-27.86065	SAX_LV_ENDOCARDIAL	3	1.0	14
29.58891	0.13285	-28.02992	SAX_LV_ENDOCARDIAL	3	1.0	14
26.29898	-2.07669	-28.36845	SAX_LV_ENDOCARDIAL	3	1.0	14
23.54018	-3.18146	-29.39614	SAX_LV_ENDOCARDIAL	3	1.0	14
21.31249	-3.18146	-31.11299	SAX_LV_ENDOCARDIAL	3	1.0	14
18.55368	-4.28624	-32.14067	SAX_LV_ENDOCARDIAL	3	1.0	14
16.32599	-4.28624	-33.85752	SAX_LV_ENDOCARDIAL	3	1.0	14
14.09830	-4.28624	-35.57437	SAX_LV_ENDOCARDIAL	3	1.0	14
11.87061	-4.28624	-37.29121	SAX_LV_ENDOCARDIAL	3	1.0	14
9.64292	-4.28624	-39.00806	SAX_LV_ENDOCARDIAL	3	1.0	14
7.41524	-4.28625	-40.72490	SAX_LV_ENDOCARDIAL	3	1.0	14
8.78709	-15.33392	-28.68280	RV_INSERT	3	1.0	14
-14.69174	12.28525	-74.23967	RV_INSERT	3	1.0	14
-32.16197	-31.80881	-72.30427	SAX_RV_FREEWALL	4	1.0	14
-33.85854	-30.70404	-74.71028	SAX_RV_FREEWALL	4	1.0	14
-36.08623	-30.70405	-76.42712	SAX_RV_FREEWALL	4	1.0	14
-37.78279	-29.59928	-78.83312	SAX_RV_FREEWALL	4	1.0	14
-39.47936	-28.49451	-81.23913	SAX_RV_FREEWALL	4	1.0	14
-41.17593	-27.38975	-83.64513	SAX_RV_FREEWALL	4	1.0	14
-42.34138	-25.18021	-86.74029	SAX_RV_FREEWALL	4	1.0	14
-44.03794	-24.07545	-89.14629	SAX_RV_FREEWALL	4	1.0	14
-42.97570	-21.86591	-90.52460	SAX_RV_FREEWALL	4	1.0	14
-41.91346	-19.65637	-91.90292	SAX_RV_FREEWALL	4	1.0	14
-39.73737	-17.44684	-92.42281	SAX_RV_FREEWALL	4	1.0	14
-36.44744	-15.23730	-92.08428	SAX_RV_FREEWALL	4	1.0	14
-33.68863	-14.13253	-91.05659	SAX_RV_FREEWALL	4	1.0	14
-30.39870	-11.92299	-90.71805	SAX_RV_FREEWALL	4	1.0	14
-27.10877	-9.71345	-90.37952	SAX_RV_FREEWALL	4	1.0	14
-24.34996	-8.60868	-89.35183	SAX_RV_FREEWALL	4	1.0	14
-21.06003	-6.39914	-89.01330	SAX_RV_FREEWALL	4	1.0	14
-17.77010	-4.18960	-88.67477	SAX_RV_FREEWALL	4	1.0	14
-14.48017	-1.98006	-88.33624	SAX_RV_FREEWALL	4	1.0	14
-11.19024	0.22948	-87.99770	SAX_RV_FREEWALL	4	1.0	14
-8.43143	1.33425	-86.97002	SAX_RV_FREEWALL	4	1.0	14
-5.67262	2.43902	-85.94233	SAX_RV_FREEWALL	4	1.0	14
4.97120	-24.07540	-51.37569	SAX_RV_FREEWALL	4	1.0	14
2.74351	-24.07540	-53.09253	SAX_RV_FREEWALL	4	1.0	14
0.51583	-24.07540	-54.80938	SAX_RV_FREEWALL	4	1.0	14
-1.71186	-24.07541	-56.52622	SAX_RV_FREEWALL	4	1.0	14
-3.93955	-24.07541	-58.24307	SAX_RV_FREEWALL	4	1.0	14
-6.69836	-25.18018	-59.27076	SAX_RV_FREEWALL	4	1.0	14
-9.45717	-26.28495	-60.29845	SAX_RV_FREEWALL	4	1.0	14
-12.21598	-27.38972	-61.32614	SAX_RV_FREEWALL	4	1.0	14
-14.97479	-28.49449	-62.35382	SAX_RV_FREEWALL	4	1.0	14
-17.73360	-29.59926	-63.38151	SAX_RV_FREEWALL	4	1.0	14
-20.49241	-30.70403	-64.40920	SAX_RV_FREEWALL	4	1.0	14
-23.25122	-31.80880	-65.43689	SAX_RV_FREEWALL	4	1.0	14
-25.47891	-31.80880	-67.15374	SAX_RV_FREEWALL	4	1.0	14
-27.70659	-31.80881	-68.87058	SAX_RV_FREEWALL	4	1.0	14
-29.93428	-31.80881	-70.58743	SAX_RV_FREEWALL	4	1.0	14
-33.75533	-35.12312	-70.23680	SAX_RV_EPICARDIAL	4	1.0	14
-35.45190	-34.01835	-72.64281	SAX_RV_EPICARDIAL	4	1.0	14
-37.67959	-34.01835	-74.35965	SAX_RV_EPICARDIAL	4	1.0	14
-39.37616	-32.91359	-76.76565	SAX_RV_EPICARDIAL	4	1.0	14
-41.07272	-31.80882	-79.17166	SAX_RV_EPICARDIAL	4	1.0	14
-42.23817	-29.59928	-82.26681	SAX_RV_EPICARDIAL	4	1.0	14
-43.93474	-28.49452	-84.67282	SAX_RV_EPICARDIAL	4	1.0	14
-45.63131	-27.38975	-87.07882	SAX_RV_EPICARDIAL	4	1.0	14
-46.79675	-25.18022	-90.17398	SAX_RV_EPICARDIAL	4	1.0	14
-46.84836	-22.97068	-92.41071	SAX_RV_EPICARDIAL	4	1.0	14
-45.78611	-20.76115	-93.78903	SAX_RV_EPICARDIAL	4	1.0	14
-43.61003	-18.55161	-94.30892	SAX_RV_EPICARDIAL	4	1.0	14
-41.43394	-16.34207	-94.82881	SAX_RV_EPICARDIAL	4	1.0	14
-38.14401	-14.13253	-94.49028	SAX_RV_EPICARDIAL	4	1.0	14
-34.85408	-11.92299	-94.15175	SAX_RV_EPICARDIAL	4	1.0	14
-31.56415	-9.71345	-93.81321	SAX_RV_EPICARDIAL	4	1.0	14
-28.27422	-7.50392	-93.47468	SAX_RV_EPICARDIAL	4	1.0	14
-24.98429	-5.29438	-93.13615	SAX_RV_EPICARDIAL	4	1.0	14
-21.69436	-3.08484	-92.79762	SAX_RV_EPICARDIAL	4	1.0	14
-18.93555	-1.98007	-91.76993	SAX_RV_EPICARDIAL	4	1.0	14
-15.64562	0.22947	-91.43140	SAX_RV_EPICARDIAL	4	1.0	14
-12.35569	2.43901	-91.09286	SAX_RV_EPICARDIAL	4	1.0	14
-9.59688	3.54378	-90.06517	SAX_RV_EPICARDIAL	4	1.0	14
-6.83807	4.64855	-89.03749	SAX_RV_EPICARDIAL	4	1.0	14
-3.54814	6.85809	-88.69895	SAX_RV_EPICARDIAL	4	1.0	14
-1.32045	6.85809	-86.98211	SAX_RV_EPICARDIAL	4	1.0	14
1.43836	7.96286	-85.95442	SAX_RV_EPICARDIAL	4	1.0	14
-1.79997	3.54379	-84.05621	SAX_RV_EPICARDIAL	4	1.0	14
9.37498	-21.86586	-50.17873	SAX_RV_EPICARDIAL	4	1.0	14
10.54042	-24.07539	-47.08357	SAX_RV_EPICARDIAL	4	1.0	14
7.78161	-25.18016	-48.11126	SAX_RV_EPICARDIAL	4	1.0	14
5.02280	-26.28493	-49.13895	SAX_RV_EPICARDIAL	4	1.0	14
2.26400	-27.38971	-50.16664	SAX_RV_EPICARDIAL	4	1.0	14
0.03631	-27.38971	-51.88348	SAX_RV_EPICARDIAL	4	1.0	14
-2.19138	-27.38971	-53.60033	SAX_RV_EPICARDIAL	4	1.0	14
-4.41907	-27.38971	-55.31718	SAX_RV_EPICARDIAL	4	1.0	14
-7.17788	-28.49448	-56.34486	SAX_RV_EPICARDIAL	4	1.0	14
-9.93669	-29.59925	-57.37255	SAX_RV_EPICARDIAL	4	1.0	14
-12.69550	-30.70402	-58.40024	SAX_RV_EPICARDIAL	4	1.0	14
-15.98543	-32.91356	-58.73877	SAX_RV_EPICARDIAL	4	1.0	14
-18.74424	-34.01833	-59.76646	SAX_RV_EPICARDIAL	4	1.0	14
-20.97193	-34.01833	-61.48331	SAX_RV_EPICARDIAL	4	1.0	14
-23.19961	-34.01834	-63.20015	SAX_RV_EPICARDIAL	4	1.0	14
-25.95842	-35.12311	-64.22784	SAX_RV_EPICARDIAL	4	1.0	14
-28.18611	-35.12311	-65.94469	SAX_RV_EPICARDIAL	4	1.0	14
-30.41380	-35.12311	-67.66153	SAX_RV_EPICARDIAL	4	1.0	14
-32.64149	-35.12311	-69.37838	SAX_RV_EPICARDIAL	4	1.0	14
-2.91381	3.54379	-84.91464	SAX_RV_SEPTUM	4	1.0	14
-2.33109	2.43902	-83.36706	SAX_RV_SEPTUM	4	1.0	14
-2.27949	0.22948	-81.13032	SAX_RV_SEPTUM	4	1.0	14
-3.34173	-1.98005	-79.75201	SAX_RV_SEPTUM	4	1.0	14
-3.29013	-4.18959	-77.51527	SAX_RV_SEPTUM	4	1.0	14
-3.23853	-6.39912	-75.27854	SAX_RV_SEPTUM	4	1.0	14
-3.18692	-8.60866	-73.04180	SAX_RV_SEPTUM	4	1.0	14
-3.13532	-10.81819	-70.80506	SAX_RV_SEPTUM	4	1.0	14
-3.08372	-13.02773	-68.56833	SAX_RV_SEPTUM	4	1.0	14
-1.38715	-14.13250	-66.16232	SAX_RV_SEPTUM	4	1.0	14
-0.22170	-16.34203	-63.06717	SAX_RV_SEPTUM	4	1.0	14
1.47486	-17.44680	-60.66116	SAX_RV_SEPTUM	4	1.0	14
3.17143	-18.55156	-58.25516	SAX_RV_SEPTUM	4	1.0	14
4.86800	-19.65633	-55.84916	SAX_RV_SEPTUM	4	1.0	14
7.09569	-19.65633	-54.13231	SAX_RV_SEPTUM	4	1.0	14
8.79225	-20.76109	-51.72631	SAX_RV_SEPTUM	4	1.0	14
7.73001	-22.97063	-50.34800	SAX_RV_SEPTUM	4	1.0	14
12.71651	-21.86586	-47.60346	SAX_LV_EPICARDIAL	4	1.0	14
1.48996	5.75333	-83.71768	SAX_LV_EPICARDIAL	4	1.0	14
3.66605	7.96286	-84.23757	SAX_LV_EPICARDIAL	4	1.0	14
4.72829	10.17240	-85.61589	SAX_LV_EPICARDIAL	4	1.0	14
6.90437	12.38194	-86.13578	SAX_LV_EPICARDIAL	4	1.0	14
9.08046	14.59148	-86.65567	SAX_LV_EPICARDIAL	4	1.0	14
12.37039	16.80102	-86.31714	SAX_LV_EPICARDIAL	4	1.0	14
14.54648	19.01055	-86.83703	SAX_LV_EPICARDIAL	4	1.0	14
17.83641	21.22009	-86.49849	SAX_LV_EPICARDIAL	4	1.0	14
21.12634	23.42963	-86.15996	SAX_LV_EPICARDIAL	4	1.0	14
23.88515	24.53440	-85.13227	SAX_LV_EPICARDIAL	4	1.0	14
26.64396	25.63917	-84.10458	SAX_LV_EPICARDIAL	4	1.0	14
28.87164	25.63917	-82.38774	SAX_LV_EPICARDIAL	4	1.0	14
31.09933	25.63918	-80.67089	SAX_LV_EPICARDIAL	4	1.0	14
33.85814	26.74395	-79.64320	SAX_LV_EPICARDIAL	4	1.0	14
36.08583	26.74395	-77.92636	SAX_LV_EPICARDIAL	4	1.0	14
38.31352	26.74395	-76.20951	SAX_LV_EPICARDIAL	4	1.0	14
40.54121	26.74395	-74.49267	SAX_LV_EPICARDIAL	4	1.0	14
42.76890	26.74396	-72.77582	SAX_LV_EPICARDIAL	4	1.0	14
44.46546	25.63919	-70.36982	SAX_LV_EPICARDIAL	4	1.0	14
46.69315	25.63919	-68.65297	SAX_LV_EPICARDIAL	4	1.0	14
48.38972	24.53443	-66.24697	SAX_LV_EPICARDIAL	4	1.0	14
50.08629	23.42966	-63.84097	SAX_LV_EPICARDIAL	4	1.0	14
51.78285	22.32489	-61.43497	SAX_LV_EPICARDIAL	4	1.0	14
52.94830	20.11536	-58.33981	SAX_LV_EPICARDIAL	4	1.0	14
54.11375	17.90582	-55.24465	SAX_LV_EPICARDIAL	4	1.0	14
54.16535	15.69629	-53.00791	SAX_LV_EPICARDIAL	4	1.0	14
54.21695	13.48675	-50.77118	SAX_LV_EPICARDIAL	4	1.0	14
54.26855	11.27722	-48.53444	SAX_LV_EPICARDIAL	4	1.0	14
53.20631	9.06768	-47.15613	SAX_LV_EPICARDIAL	4	1.0	14
53.25792	6.85815	-44.91939	SAX_LV_EPICARDIAL	4	1.0	14
52.19567	4.64861	-43.54108	SAX_LV_EPICARDIAL	4	1.0	14
51.13343	2.43907	-42.16276	SAX_LV_EPICARDIAL	4	1.0	14
50.07119	0.22954	-40.78445	SAX_LV_EPICARDIAL	4	1.0	14
49.00895	-1.98000	-39.40614	SAX_LV_EPICARDIAL	4	1.0	14
47.94671	-4.18954	-38.02782	SAX_LV_EPICARDIAL	4	1.0	14
45.77062	-6.39907	-37.50793	SAX_LV_EPICARDIAL	4	1.0	14
43.59453	-8.60861	-36.98804	SAX_LV_EPICARDIAL	4	1.0	14
41.41845	-10.81815	-36.46815	SAX_LV_EPICARDIAL	4	1.0	14
39.24236	-13.02769	-35.94826	SAX_LV_EPICARDIAL	4	1.0	14
36.48355	-14.13246	-36.97595	SAX_LV_EPICARDIAL	4	1.0	14
33.19362	-16.34200	-37.31448	SAX_LV_EPICARDIAL	4	1.0	14
30.43481	-17.44677	-38.34217	SAX_LV_EPICARDIAL	4	1.0	14
27.67600	-18.55154	-39.36986	SAX_LV_EPICARDIAL	4	1.0	14
25.44831	-18.55154	-41.08670	SAX_LV_EPICARDIAL	4	1.0	14
22.68951	-19.65631	-42.11439	SAX_LV_EPICARDIAL	4	1.0	14
19.93070	-20.76108	-43.14208	SAX_LV_EPICARDIAL	4	1.0	14
17.70301	-20.76108	-44.85893	SAX_LV_EPICARDIAL	4	1.0	14
15.47532	-20.76109	-46.57577	SAX_LV_EPICARDIAL	4	1.0	14
16.38275	-11.92294	-54.66430	SAX_LV_ENDOCARDIAL	4	1.0	14
14.68619	-10.81818	-57.07030	SAX_LV_ENDOCARDIAL	4	1.0	14
12.45850	-10.81818	-58.78714	SAX_LV_ENDOCARDIAL	4	1.0	14
10.76193	-9.71341	-61.19315	SAX_LV_ENDOCARDIAL	4	1.0	14
9.06536	-8.60865	-63.59915	SAX_LV_ENDOCARDIAL	4	1.0	14
7.89992	-6.39911	-66.69431	SAX_LV_ENDOCARDIAL	4	1.0	14
6.73447	-4.18958	-69.78947	SAX_LV_ENDOCARDIAL	4	1.0	14
6.68287	-1.98004	-72.02620	SAX_LV_ENDOCARDIAL	4	1.0	14
7.74511	0.22949	-73.40452	SAX_LV_ENDOCARDIAL	4	1.0	14
7.69351	2.43903	-75.64125	SAX_LV_ENDOCARDIAL	4	1.0	14
8.75575	4.64857	-77.01957	SAX_LV_ENDOCARDIAL	4	1.0	14
9.81799	6.85810	-78.39788	SAX_LV_ENDOCARDIAL	4	1.0	14
11.99408	9.06764	-78.91777	SAX_LV_ENDOCARDIAL	4	1.0	14
13.05632	11.27718	-80.29608	SAX_LV_ENDOCARDIAL	4	1.0	14
16.34625	13.48672	-79.95755	SAX_LV_ENDOCARDIAL	4	1.0	14
17.99121	14.59149	-79.78829	SAX_LV_ENDOCARDIAL	4	1.0	14
21.28114	16.80102	-79.44975	SAX_LV_ENDOCARDIAL	4	1.0	14
24.03995	17.90579	-78.42206	SAX_LV_ENDOCARDIAL	4	1.0	14
26.26764	17.90580	-76.70522	SAX_LV_ENDOCARDIAL	4	1.0	14
29.02645	19.01057	-75.67753	SAX_LV_ENDOCARDIAL	4	1.0	14
31.25414	19.01057	-73.96068	SAX_LV_ENDOCARDIAL	4	1.0	14
33.48183	19.01057	-72.24384	SAX_LV_ENDOCARDIAL	4	1.0	14
35.70952	19.01057	-70.52699	SAX_LV_ENDOCARDIAL	4	1.0	14
37.93721	19.01058	-68.81015	SAX_LV_ENDOCARDIAL	4	1.0	14
39.63377	17.90581	-66.40414	SAX_LV_ENDOCARDIAL	4	1.0	14
41.86146	17.90581	-64.68730	SAX_LV_ENDOCARDIAL	4	1.0	14
43.55803	16.80105	-62.28130	SAX_LV_ENDOCARDIAL	4	1.0	14
45.25460	15.69628	-59.87529	SAX_LV_ENDOCARDIAL	4	1.0	14
46.42004	13.48675	-56.78014	SAX_LV_ENDOCARDIAL	4	1.0	14
46.47165	11.27721	-54.54340	SAX_LV_ENDOCARDIAL	4	1.0	14
46.52325	9.06767	-52.30666	SAX_LV_ENDOCARDIAL	4	1.0	14
46.57485	6.85814	-50.06993	SAX_LV_ENDOCARDIAL	4	1.0	14
45.51261	4.64860	-48.69161	SAX_LV_ENDOCARDIAL	4	1.0	14
44.45037	2.43907	-47.31330	SAX_LV_ENDOCARDIAL	4	1.0	14
42.27428	0.22953	-46.79341	SAX_LV_ENDOCARDIAL	4	1.0	14
40.09819	-1.98001	-46.27352	SAX_LV_ENDOCARDIAL	4	1.0	14
37.92211	-4.18955	-45.75363	SAX_LV_ENDOCARDIAL	4	1.0	14
35.74602	-6.39908	-45.23374	SAX_LV_ENDOCARDIAL	4	1.0	14
32.45609	-8.60862	-45.57227	SAX_LV_ENDOCARDIAL	4	1.0	14
29.69728	-9.71339	-46.59996	SAX_LV_ENDOCARDIAL	4	1.0	14
26.40735	-11.92293	-46.93849	SAX_LV_ENDOCARDIAL	4	1.0	14
24.17966	-11.92293	-48.65534	SAX_LV_ENDOCARDIAL	4	1.0	14
21.95197	-11.92294	-50.37218	SAX_LV_ENDOCARDIAL	4	1.0	14
19.72429	-11.92294	-52.08903	SAX_LV_ENDOCARDIAL	4	1.0	14
17.49660	-11.92294	-53.80587	SAX_LV_ENDOCARDIAL	4	1.0	14
7.73001	-22.97063	-50.34800	RV_INSERT	4	1.0	14
-2.91381	3.54379	-84.91464	RV_INSERT	4	1.0	14
-21.17317	-30.60736	-93.47427	SAX_RV_FREEWALL	5	1.0	14
-22.86974	-29.50260	-95.88027	SAX_RV_FREEWALL	5	1.0	14
-25.09743	-29.50260	-97.59711	SAX_RV_FREEWALL	5	1.0	14
-25.68015	-28.39783	-99.14469	SAX_RV_FREEWALL	5	1.0	14
-23.50407	-26.18829	-99.66458	SAX_RV_FREEWALL	5	1.0	14
-20.74526	-25.08352	-98.63689	SAX_RV_FREEWALL	5	1.0	14
-17.45533	-22.87398	-98.29836	SAX_RV_FREEWALL	5	1.0	14
-14.16540	-20.66445	-97.95983	SAX_RV_FREEWALL	5	1.0	14
-10.87547	-18.45491	-97.62130	SAX_RV_FREEWALL	5	1.0	14
-7.58554	-16.24537	-97.28277	SAX_RV_FREEWALL	5	1.0	14
-4.29561	-14.03583	-96.94423	SAX_RV_FREEWALL	5	1.0	14
-1.00567	-11.82629	-96.60570	SAX_RV_FREEWALL	5	1.0	14
2.28426	-9.61675	-96.26717	SAX_RV_FREEWALL	5	1.0	14
5.57419	-7.40721	-95.92864	SAX_RV_FREEWALL	5	1.0	14
8.33299	-6.30244	-94.90095	SAX_RV_FREEWALL	5	1.0	14
11.09180	-5.19767	-93.87326	SAX_RV_FREEWALL	5	1.0	14
9.85966	-23.97873	-76.14864	SAX_RV_FREEWALL	5	1.0	14
7.10085	-25.08350	-77.17632	SAX_RV_FREEWALL	5	1.0	14
4.87316	-25.08350	-78.89317	SAX_RV_FREEWALL	5	1.0	14
2.64547	-25.08350	-80.61002	SAX_RV_FREEWALL	5	1.0	14
-0.11334	-26.18827	-81.63770	SAX_RV_FREEWALL	5	1.0	14
-2.87215	-27.29304	-82.66539	SAX_RV_FREEWALL	5	1.0	14
-5.63096	-28.39781	-83.69308	SAX_RV_FREEWALL	5	1.0	14
-8.38977	-29.50258	-84.72077	SAX_RV_FREEWALL	5	1.0	14
-10.61745	-29.50258	-86.43762	SAX_RV_FREEWALL	5	1.0	14
-12.84514	-29.50259	-88.15446	SAX_RV_FREEWALL	5	1.0	14
-15.07283	-29.50259	-89.87131	SAX_RV_FREEWALL	5	1.0	14
-17.83164	-30.60736	-90.89900	SAX_RV_FREEWALL	5	1.0	14
-20.05933	-30.60736	-92.61584	SAX_RV_FREEWALL	5	1.0	14
-22.76654	-33.92167	-91.40680	SAX_RV_EPICARDIAL	5	1.0	14
-24.46310	-32.81690	-93.81280	SAX_RV_EPICARDIAL	5	1.0	14
-26.15967	-31.71214	-96.21880	SAX_RV_EPICARDIAL	5	1.0	14
-28.38736	-31.71214	-97.93565	SAX_RV_EPICARDIAL	5	1.0	14
-28.43896	-29.50260	-100.17238	SAX_RV_EPICARDIAL	5	1.0	14
-26.26288	-27.29306	-100.69227	SAX_RV_EPICARDIAL	5	1.0	14
-24.08679	-25.08353	-101.21216	SAX_RV_EPICARDIAL	5	1.0	14
-22.44182	-23.97876	-101.04290	SAX_RV_EPICARDIAL	5	1.0	14
-19.15189	-21.76922	-100.70436	SAX_RV_EPICARDIAL	5	1.0	14
-17.50693	-20.66445	-100.53510	SAX_RV_EPICARDIAL	5	1.0	14
-14.21700	-18.45491	-100.19657	SAX_RV_EPICARDIAL	5	1.0	14
-12.04091	-16.24537	-100.71646	SAX_RV_EPICARDIAL	5	1.0	14
-8.75098	-14.03583	-100.37793	SAX_RV_EPICARDIAL	5	1.0	14
-5.46105	-11.82630	-100.03939	SAX_RV_EPICARDIAL	5	1.0	14
-2.70224	-10.72152	-99.01170	SAX_RV_EPICARDIAL	5	1.0	14
0.58769	-8.51199	-98.67317	SAX_RV_EPICARDIAL	5	1.0	14
3.87762	-6.30245	-98.33464	SAX_RV_EPICARDIAL	5	1.0	14
6.63643	-5.19768	-97.30695	SAX_RV_EPICARDIAL	5	1.0	14
9.39524	-4.09291	-96.27926	SAX_RV_EPICARDIAL	5	1.0	14
12.15405	-2.98814	-95.25157	SAX_RV_EPICARDIAL	5	1.0	14
14.38173	-2.98813	-93.53473	SAX_RV_EPICARDIAL	5	1.0	14
14.43334	-5.19767	-91.29799	SAX_RV_EPICARDIAL	5	1.0	14
13.73231	-22.87395	-74.26252	SAX_RV_EPICARDIAL	5	1.0	14
13.25279	-26.18826	-71.33663	SAX_RV_EPICARDIAL	5	1.0	14
11.02510	-26.18826	-73.05348	SAX_RV_EPICARDIAL	5	1.0	14
8.26630	-27.29303	-74.08117	SAX_RV_EPICARDIAL	5	1.0	14
6.03861	-27.29303	-75.79801	SAX_RV_EPICARDIAL	5	1.0	14
3.27980	-28.39780	-76.82570	SAX_RV_EPICARDIAL	5	1.0	14
1.05211	-28.39780	-78.54255	SAX_RV_EPICARDIAL	5	1.0	14
-1.70670	-29.50258	-79.57023	SAX_RV_EPICARDIAL	5	1.0	14
-4.46551	-30.60735	-80.59792	SAX_RV_EPICARDIAL	5	1.0	14
-7.22432	-31.71212	-81.62561	SAX_RV_EPICARDIAL	5	1.0	14
-9.45201	-31.71212	-83.34246	SAX_RV_EPICARDIAL	5	1.0	14
-12.21082	-32.81689	-84.37015	SAX_RV_EPICARDIAL	5	1.0	14
-14.43851	-32.81689	-86.08699	SAX_RV_EPICARDIAL	5	1.0	14
-16.66619	-32.81689	-87.80384	SAX_RV_EPICARDIAL	5	1.0	14
-18.89388	-32.81690	-89.52068	SAX_RV_EPICARDIAL	5	1.0	14
-21.65269	-33.92167	-90.54837	SAX_RV_EPICARDIAL	5	1.0	14
12.78837	-6.30244	-91.46726	SAX_RV_SEPTUM	5	1.0	14
11.72613	-8.51197	-90.08894	SAX_RV_SEPTUM	5	1.0	14
11.77773	-10.72151	-87.85221	SAX_RV_SEPTUM	5	1.0	14
10.71549	-12.93105	-86.47389	SAX_RV_SEPTUM	5	1.0	14
10.76709	-15.14058	-84.23716	SAX_RV_SEPTUM	5	1.0	14
10.81870	-17.35012	-82.00042	SAX_RV_SEPTUM	5	1.0	14
11.98414	-19.55965	-78.90526	SAX_RV_SEPTUM	5	1.0	14
13.14959	-21.76919	-75.81010	SAX_RV_SEPTUM	5	1.0	14
12.08735	-23.97872	-74.43179	SAX_RV_SEPTUM	5	1.0	14
20.46698	-25.08348	-66.87525	SAX_LV_EPICARDIAL	5	1.0	14
18.77041	-23.97872	-69.28125	SAX_LV_EPICARDIAL	5	1.0	14
16.54272	-23.97872	-70.99810	SAX_LV_EPICARDIAL	5	1.0	14
17.72327	-2.98813	-90.95946	SAX_LV_EPICARDIAL	5	1.0	14
19.89935	-0.77859	-91.47935	SAX_LV_EPICARDIAL	5	1.0	14
23.18928	1.43095	-91.14082	SAX_LV_EPICARDIAL	5	1.0	14
25.36537	3.64048	-91.66071	SAX_LV_EPICARDIAL	5	1.0	14
28.12418	4.74525	-90.63302	SAX_LV_EPICARDIAL	5	1.0	14
30.88299	5.85003	-89.60533	SAX_LV_EPICARDIAL	5	1.0	14
33.64180	6.95480	-88.57764	SAX_LV_EPICARDIAL	5	1.0	14
35.86949	6.95480	-86.86080	SAX_LV_EPICARDIAL	5	1.0	14
38.62830	8.05957	-85.83311	SAX_LV_EPICARDIAL	5	1.0	14
40.85598	8.05957	-84.11626	SAX_LV_EPICARDIAL	5	1.0	14
42.55255	6.95480	-81.71026	SAX_LV_EPICARDIAL	5	1.0	14
44.78024	6.95481	-79.99341	SAX_LV_EPICARDIAL	5	1.0	14
47.00793	6.95481	-78.27657	SAX_LV_EPICARDIAL	5	1.0	14
49.23562	6.95481	-76.55972	SAX_LV_EPICARDIAL	5	1.0	14
50.93218	5.85005	-74.15372	SAX_LV_EPICARDIAL	5	1.0	14
52.62875	4.74528	-71.74772	SAX_LV_EPICARDIAL	5	1.0	14
54.32532	3.64051	-69.34171	SAX_LV_EPICARDIAL	5	1.0	14
54.37692	1.43098	-67.10498	SAX_LV_EPICARDIAL	5	1.0	14
55.54237	-0.77856	-64.00982	SAX_LV_EPICARDIAL	5	1.0	14
54.48013	-2.98809	-62.63151	SAX_LV_EPICARDIAL	5	1.0	14
54.53173	-5.19763	-60.39477	SAX_LV_EPICARDIAL	5	1.0	14
53.46949	-7.40717	-59.01646	SAX_LV_EPICARDIAL	5	1.0	14
52.40725	-9.61670	-57.63814	SAX_LV_EPICARDIAL	5	1.0	14
51.34500	-11.82624	-56.25983	SAX_LV_EPICARDIAL	5	1.0	14
49.16892	-14.03578	-55.73994	SAX_LV_EPICARDIAL	5	1.0	14
46.99283	-16.24531	-55.22005	SAX_LV_EPICARDIAL	5	1.0	14
44.81674	-18.45485	-54.70016	SAX_LV_EPICARDIAL	5	1.0	14
41.52681	-20.66439	-55.03869	SAX_LV_EPICARDIAL	5	1.0	14
38.23688	-22.87393	-55.37722	SAX_LV_EPICARDIAL	5	1.0	14
35.47808	-23.97870	-56.40491	SAX_LV_EPICARDIAL	5	1.0	14
33.25039	-23.97870	-58.12176	SAX_LV_EPICARDIAL	5	1.0	14
30.49158	-25.08347	-59.14945	SAX_LV_EPICARDIAL	5	1.0	14
28.26389	-25.08347	-60.86629	SAX_LV_EPICARDIAL	5	1.0	14
26.03620	-25.08348	-62.58314	SAX_LV_EPICARDIAL	5	1.0	14
23.80851	-25.08348	-64.29998	SAX_LV_EPICARDIAL	5	1.0	14
21.58082	-25.08348	-66.01683	SAX_LV_EPICARDIAL	5	1.0	14
23.65370	-18.45487	-71.01019	SAX_LV_ENDOCARDIAL	5	1.0	14
21.95714	-17.35011	-73.41619	SAX_LV_ENDOCARDIAL	5	1.0	14
20.26057	-16.24534	-75.82220	SAX_LV_ENDOCARDIAL	5	1.0	14
19.09512	-14.03581	-78.91735	SAX_LV_ENDOCARDIAL	5	1.0	14
19.04352	-11.82627	-81.15409	SAX_LV_ENDOCARDIAL	5	1.0	14
18.99192	-9.61674	-83.39083	SAX_LV_ENDOCARDIAL	5	1.0	14
20.05416	-7.40720	-84.76914	SAX_LV_ENDOCARDIAL	5	1.0	14
22.23025	-5.19766	-85.28903	SAX_LV_ENDOCARDIAL	5	1.0	14
24.40633	-2.98812	-85.80892	SAX_LV_ENDOCARDIAL	5	1.0	14
27.69626	-0.77858	-85.47039	SAX_LV_ENDOCARDIAL	5	1.0	14
30.45507	0.32619	-84.44270	SAX_LV_ENDOCARDIAL	5	1.0	14
33.21388	1.43096	-83.41501	SAX_LV_ENDOCARDIAL	5	1.0	14
35.97269	2.53573	-82.38732	SAX_LV_ENDOCARDIAL	5	1.0	14
38.20038	2.53573	-80.67048	SAX_LV_ENDOCARDIAL	5	1.0	14
40.42807	2.53573	-78.95363	SAX_LV_ENDOCARDIAL	5	1.0	14
42.12464	1.43097	-76.54763	SAX_LV_ENDOCARDIAL	5	1.0	14
44.35232	1.43097	-74.83078	SAX_LV_ENDOCARDIAL	5	1.0	14
46.04889	0.32620	-72.42478	SAX_LV_ENDOCARDIAL	5	1.0	14
47.74546	-0.77856	-70.01878	SAX_LV_ENDOCARDIAL	5	1.0	14
47.79706	-2.98810	-67.78204	SAX_LV_ENDOCARDIAL	5	1.0	14
47.84866	-5.19764	-65.54531	SAX_LV_ENDOCARDIAL	5	1.0	14
46.78642	-7.40717	-64.16699	SAX_LV_ENDOCARDIAL	5	1.0	14
44.61034	-9.61671	-63.64710	SAX_LV_ENDOCARDIAL	5	1.0	14
43.54809	-11.82625	-62.26879	SAX_LV_ENDOCARDIAL	5	1.0	14
40.25816	-14.03579	-62.60732	SAX_LV_ENDOCARDIAL	5	1.0	14
38.08208	-16.24532	-62.08743	SAX_LV_ENDOCARDIAL	5	1.0	14
35.32327	-17.35009	-63.11512	SAX_LV_ENDOCARDIAL	5	1.0	14
32.56446	-18.45486	-64.14281	SAX_LV_ENDOCARDIAL	5	1.0	14
30.33677	-18.45487	-65.85965	SAX_LV_ENDOCARDIAL	5	1.0	14
28.10908	-18.45487	-67.57650	SAX_LV_ENDOCARDIAL	5	1.0	14
25.88139	-18.45487	-69.29335	SAX_LV_ENDOCARDIAL	5	1.0	14
12.78837	-6.30244	-91.46726	RV_INSERT	5	1.0	14
12.08735	-23.97872	-74.43179	RV_INSERT	5	1.0	14
12.04191	-27.19736	-99.71254	SAX_RV_FREEWALL	6	1.0	14
10.34534	-26.09259	-102.11854	SAX_RV_FREEWALL	6	1.0	14
8.64877	-24.98783	-104.52454	SAX_RV_FREEWALL	6	1.0	14
8.59717	-22.77829	-106.76128	SAX_RV_FREEWALL	6	1.0	14
10.77326	-20.56875	-107.28117	SAX_RV_FREEWALL	6	1.0	14
13.53206	-19.46398	-106.25348	SAX_RV_FREEWALL	6	1.0	14
16.29087	-18.35921	-105.22579	SAX_RV_FREEWALL	6	1.0	14
19.04968	-17.25444	-104.19810	SAX_RV_FREEWALL	6	1.0	14
21.27737	-17.25444	-102.48126	SAX_RV_FREEWALL	6	1.0	14
20.36994	-26.09258	-94.39273	SAX_RV_FREEWALL	6	1.0	14
18.14225	-26.09258	-96.10958	SAX_RV_FREEWALL	6	1.0	14
15.38344	-27.19735	-97.13727	SAX_RV_FREEWALL	6	1.0	14
13.15575	-27.19736	-98.85412	SAX_RV_FREEWALL	6	1.0	14
10.97966	-29.40689	-98.33422	SAX_RV_EPICARDIAL	6	1.0	14
9.28310	-28.30213	-100.74023	SAX_RV_EPICARDIAL	6	1.0	14
7.05541	-28.30213	-102.45707	SAX_RV_EPICARDIAL	6	1.0	14
5.35884	-27.19736	-104.86307	SAX_RV_EPICARDIAL	6	1.0	14
4.19339	-24.98783	-107.95823	SAX_RV_EPICARDIAL	6	1.0	14
6.36948	-22.77829	-108.47812	SAX_RV_EPICARDIAL	6	1.0	14
8.54557	-20.56875	-108.99802	SAX_RV_EPICARDIAL	6	1.0	14
10.19053	-19.46398	-108.82875	SAX_RV_EPICARDIAL	6	1.0	14
13.48046	-17.25445	-108.49022	SAX_RV_EPICARDIAL	6	1.0	14
16.23927	-16.14968	-107.46253	SAX_RV_EPICARDIAL	6	1.0	14
18.46696	-16.14967	-105.74568	SAX_RV_EPICARDIAL	6	1.0	14
21.22577	-15.04490	-104.71799	SAX_RV_EPICARDIAL	6	1.0	14
22.92234	-16.14967	-102.31199	SAX_RV_EPICARDIAL	6	1.0	14
25.15003	-16.14967	-100.59515	SAX_RV_EPICARDIAL	6	1.0	14
23.12875	-24.98781	-93.36505	SAX_RV_EPICARDIAL	6	1.0	14
23.18035	-27.19735	-91.12831	SAX_RV_EPICARDIAL	6	1.0	14
20.42154	-28.30212	-92.15600	SAX_RV_EPICARDIAL	6	1.0	14
18.19385	-28.30212	-93.87284	SAX_RV_EPICARDIAL	6	1.0	14
15.96616	-28.30212	-95.58969	SAX_RV_EPICARDIAL	6	1.0	14
13.20735	-29.40689	-96.61738	SAX_RV_EPICARDIAL	6	1.0	14
23.50506	-17.25444	-100.76441	SAX_RV_SEPTUM	6	1.0	14
23.55666	-19.46397	-98.52768	SAX_RV_SEPTUM	6	1.0	14
23.60826	-21.67351	-96.29094	SAX_RV_SEPTUM	6	1.0	14
23.65987	-23.88304	-94.05420	SAX_RV_SEPTUM	6	1.0	14
29.91502	-29.40687	-83.74104	SAX_LV_EPICARDIAL	6	1.0	14
28.21845	-28.30211	-86.14704	SAX_LV_EPICARDIAL	6	1.0	14
26.52188	-27.19734	-88.55304	SAX_LV_EPICARDIAL	6	1.0	14
30.08492	-12.83536	-100.08735	SAX_LV_EPICARDIAL	6	1.0	14
33.37485	-10.62582	-99.74881	SAX_LV_EPICARDIAL	6	1.0	14
36.13366	-9.52105	-98.72113	SAX_LV_EPICARDIAL	6	1.0	14
38.89247	-8.41628	-97.69344	SAX_LV_EPICARDIAL	6	1.0	14
41.12016	-8.41628	-95.97659	SAX_LV_EPICARDIAL	6	1.0	14
43.87897	-7.31151	-94.94890	SAX_LV_EPICARDIAL	6	1.0	14
45.57554	-8.41627	-92.54290	SAX_LV_EPICARDIAL	6	1.0	14
47.80322	-8.41627	-90.82605	SAX_LV_EPICARDIAL	6	1.0	14
48.96867	-10.62580	-87.73090	SAX_LV_EPICARDIAL	6	1.0	14
50.13412	-12.83534	-84.63574	SAX_LV_EPICARDIAL	6	1.0	14
49.07188	-15.04488	-83.25742	SAX_LV_EPICARDIAL	6	1.0	14
49.12348	-17.25441	-81.02069	SAX_LV_EPICARDIAL	6	1.0	14
48.06124	-19.46395	-79.64237	SAX_LV_EPICARDIAL	6	1.0	14
45.88515	-21.67348	-79.12248	SAX_LV_EPICARDIAL	6	1.0	14
44.82291	-23.88302	-77.74417	SAX_LV_EPICARDIAL	6	1.0	14
42.64682	-26.09256	-77.22428	SAX_LV_EPICARDIAL	6	1.0	14
39.88801	-27.19733	-78.25197	SAX_LV_EPICARDIAL	6	1.0	14
37.12920	-28.30210	-79.27966	SAX_LV_EPICARDIAL	6	1.0	14
34.37039	-29.40687	-80.30735	SAX_LV_EPICARDIAL	6	1.0	14
32.14270	-29.40687	-82.02419	SAX_LV_EPICARDIAL	6	1.0	14
32.57062	-23.88303	-87.18682	SAX_LV_ENDOCARDIAL	6	1.0	14
30.87405	-22.77827	-89.59282	SAX_LV_ENDOCARDIAL	6	1.0	14
30.82245	-20.56873	-91.82956	SAX_LV_ENDOCARDIAL	6	1.0	14
30.77085	-18.35920	-94.06630	SAX_LV_ENDOCARDIAL	6	1.0	14
31.83309	-16.14966	-95.44461	SAX_LV_ENDOCARDIAL	6	1.0	14
34.00918	-13.94012	-95.96450	SAX_LV_ENDOCARDIAL	6	1.0	14
37.29911	-11.73058	-95.62597	SAX_LV_ENDOCARDIAL	6	1.0	14
39.52680	-11.73058	-93.90912	SAX_LV_ENDOCARDIAL	6	1.0	14
41.75448	-11.73058	-92.19228	SAX_LV_ENDOCARDIAL	6	1.0	14
43.45105	-12.83535	-89.78627	SAX_LV_ENDOCARDIAL	6	1.0	14
44.61650	-15.04488	-86.69111	SAX_LV_ENDOCARDIAL	6	1.0	14
43.55426	-17.25442	-85.31280	SAX_LV_ENDOCARDIAL	6	1.0	14
42.49201	-19.46395	-83.93449	SAX_LV_ENDOCARDIAL	6	1.0	14
41.42977	-21.67349	-82.55617	SAX_LV_ENDOCARDIAL	6	1.0	14
38.13984	-23.88303	-82.89471	SAX_LV_ENDOCARDIAL	6	1.0	14
35.91215	-23.88303	-84.61155	SAX_LV_ENDOCARDIAL	6	1.0	14
33.68447	-23.88303	-86.32840	SAX_LV_ENDOCARDIAL	6	1.0	14
23.65987	-23.88304	-94.05420	RV_INSERT	6	1.0	14
23.50506	-17.25444	-100.76441	RV_INSERT	6	1.0	14
6.80742	21.52609	-22.73920	LAX_LV_ENDOCARDIAL	9	1.0	14
8.61021	19.35775	-24.13059	LAX_LV_ENDOCARDIAL	9	1.0	14
10.35795	17.15426	-24.11724	LAX_LV_ENDOCARDIAL	9	1.0	14
12.16074	14.98593	-25.50863	LAX_LV_ENDOCARDIAL	9	1.0	14
13.96354	12.81759	-26.90001	LAX_LV_ENDOCARDIAL	9	1.0	14
15.71128	10.61411	-26.88667	LAX_LV_ENDOCARDIAL	9	1.0	14
17.45903	8.41062	-26.87332	LAX_LV_ENDOCARDIAL	9	1.0	14
19.20678	6.20713	-26.85998	LAX_LV_ENDOCARDIAL	9	1.0	14
20.89948	3.96850	-25.44190	LAX_LV_ENDOCARDIAL	9	1.0	14
22.64722	1.76501	-25.42855	LAX_LV_ENDOCARDIAL	9	1.0	14
24.45001	-0.40333	-26.81994	LAX_LV_ENDOCARDIAL	9	1.0	14
26.25281	-2.57166	-28.21133	LAX_LV_ENDOCARDIAL	9	1.0	14
28.05560	-4.74000	-29.60271	LAX_LV_ENDOCARDIAL	9	1.0	14
29.91343	-6.87318	-32.39883	LAX_LV_ENDOCARDIAL	9	1.0	14
30.89740	-7.90462	-35.20162	LAX_LV_ENDOCARDIAL	9	1.0	14
31.00748	-7.83432	-38.01109	LAX_LV_ENDOCARDIAL	9	1.0	14
32.86532	-9.96750	-40.80721	LAX_LV_ENDOCARDIAL	9	1.0	14
33.84928	-10.99894	-43.61000	LAX_LV_ENDOCARDIAL	9	1.0	14
34.83324	-12.03038	-46.41279	LAX_LV_ENDOCARDIAL	9	1.0	14
35.81721	-13.06182	-49.21559	LAX_LV_ENDOCARDIAL	9	1.0	14
36.80117	-14.09326	-52.01838	LAX_LV_ENDOCARDIAL	9	1.0	14
36.91126	-14.02295	-54.82784	LAX_LV_ENDOCARDIAL	9	1.0	14
37.89522	-15.05439	-57.63064	LAX_LV_ENDOCARDIAL	9	1.0	14
38.87918	-16.08583	-60.43343	LAX_LV_ENDOCARDIAL	9	1.0	14
39.86315	-17.11727	-63.23622	LAX_LV_ENDOCARDIAL	9	1.0	14
40.84711	-18.14871	-66.03901	LAX_LV_ENDOCARDIAL	9	1.0	14
40.95720	-18.07841	-68.84848	LAX_LV_ENDOCARDIAL	9	1.0	14
41.94116	-19.10985	-71.65127	LAX_LV_ENDOCARDIAL	9	1.0	14
42.05125	-19.03954	-74.46074	LAX_LV_ENDOCARDIAL	9	1.0	14
43.03521	-20.07098	-77.26353	LAX_LV_ENDOCARDIAL	9	1.0	14
43.14530	-20.00068	-80.07299	LAX_LV_ENDOCARDIAL	9	1.0	14
43.25539	-19.93038	-82.88246	LAX_LV_ENDOCARDIAL	9	1.0	14
43.36548	-19.86007	-85.69193	LAX_LV_ENDOCARDIAL	9	1.0	14
43.47557	-19.78977	-88.50139	LAX_LV_ENDOCARDIAL	9	1.0	14
42.71178	-18.61772	-91.31753	LAX_LV_ENDOCARDIAL	9	1.0	14
42.82187	-18.54742	-94.12699	LAX_LV_ENDOCARDIAL	9	1.0	14
42.05809	-17.37537	-96.94313	LAX_LV_ENDOCARDIAL	9	1.0	14
40.42043	-15.10158	-99.76594	LAX_LV_ENDOCARDIAL	9	1.0	14
38.67268	-12.89809	-99.77929	LAX_LV_ENDOCARDIAL	9	1.0	14
36.86989	-10.72976	-98.38790	LAX_LV_ENDOCARDIAL	9	1.0	14
35.06710	-8.56142	-96.99652	LAX_LV_ENDOCARDIAL	9	1.0	14
33.26431	-6.39309	-95.60513	LAX_LV_ENDOCARDIAL	9	1.0	14
31.46152	-4.22475	-94.21374	LAX_LV_ENDOCARDIAL	9	1.0	14
29.65873	-2.05642	-92.82235	LAX_LV_ENDOCARDIAL	9	1.0	14
27.85594	0.11192	-91.43097	LAX_LV_ENDOCARDIAL	9	1.0	14
26.05315	2.28025	-90.03958	LAX_LV_ENDOCARDIAL	9	1.0	14
24.25036	4.44859	-88.64819	LAX_LV_ENDOCARDIAL	9	1.0	14
22.44756	6.61692	-87.25681	LAX_LV_ENDOCARDIAL	9	1.0	14
20.69982	8.82041	-87.27015	LAX_LV_ENDOCARDIAL	9	1.0	14
18.89703	10.98874	-85.87877	LAX_LV_ENDOCARDIAL	9	1.0	14
17.09424	13.15708	-84.48738	LAX_LV_ENDOCARDIAL	9	1.0	14
15.34649	15.36057	-84.50073	LAX_LV_ENDOCARDIAL	9	1.0	14
13.54370	17.52890	-83.10934	LAX_LV_ENDOCARDIAL	9	1.0	14
11.74091	19.69724	-81.71795	LAX_LV_ENDOCARDIAL	9	1.0	14
9.93812	21.86557	-80.32656	LAX_LV_ENDOCARDIAL	9	1.0	14
8.13532	24.03391	-78.93518	LAX_LV_ENDOCARDIAL	9	1.0	14
6.33253	26.20224	-77.54379	LAX_LV_ENDOCARDIAL	9	1.0	14
4.47470	28.33542	-74.74767	LAX_LV_ENDOCARDIAL	9	1.0	14
2.61686	30.46861	-71.95155	LAX_LV_ENDOCARDIAL	9	1.0	14
1.63290	31.50005	-69.14876	LAX_LV_ENDOCARDIAL	9	1.0	14
-0.22494	33.63323	-66.35264	LAX_LV_ENDOCARDIAL	9	1.0	14
-1.20890	34.66467	-63.54985	LAX_LV_ENDOCARDIAL	9	1.0	14
-3.06673	36.79785	-60.75373	LAX_LV_ENDOCARDIAL	9	1.0	14
-4.05070	37.82929	-57.95094	LAX_LV_ENDOCARDIAL	9	1.0	14
5.93354	22.62783	-22.74587	LAX_LV_ENDOCARDIAL	9	1.0	14
19.69534	4.85933	-17.02017	LAX_LV_EPICARDIAL	9	1.0	14
21.49813	2.69099	-18.41156	LAX_LV_EPICARDIAL	9	1.0	14
23.24587	0.48751	-18.39822	LAX_LV_EPICARDIAL	9	1.0	14
25.04867	-1.68083	-19.78960	LAX_LV_EPICARDIAL	9	1.0	14
26.85146	-3.84916	-21.18099	LAX_LV_EPICARDIAL	9	1.0	14
28.59920	-6.05265	-21.16764	LAX_LV_EPICARDIAL	9	1.0	14
30.45704	-8.18583	-23.96376	LAX_LV_EPICARDIAL	9	1.0	14
32.31487	-10.31902	-26.75988	LAX_LV_EPICARDIAL	9	1.0	14
33.29884	-11.35046	-29.56268	LAX_LV_EPICARDIAL	9	1.0	14
35.15667	-13.48364	-32.35879	LAX_LV_EPICARDIAL	9	1.0	14
36.14063	-14.51508	-35.16159	LAX_LV_EPICARDIAL	9	1.0	14
37.99847	-16.64826	-37.95771	LAX_LV_EPICARDIAL	9	1.0	14
38.10856	-16.57796	-40.76717	LAX_LV_EPICARDIAL	9	1.0	14
39.09252	-17.60940	-43.56996	LAX_LV_EPICARDIAL	9	1.0	14
40.07648	-18.64084	-46.37276	LAX_LV_EPICARDIAL	9	1.0	14
41.06045	-19.67228	-49.17555	LAX_LV_EPICARDIAL	9	1.0	14
42.04441	-20.70372	-51.97834	LAX_LV_EPICARDIAL	9	1.0	14
43.02837	-21.73516	-54.78113	LAX_LV_EPICARDIAL	9	1.0	14
43.13846	-21.66485	-57.59060	LAX_LV_EPICARDIAL	9	1.0	14
44.12242	-22.69629	-60.39339	LAX_LV_EPICARDIAL	9	1.0	14
45.10639	-23.72773	-63.19618	LAX_LV_EPICARDIAL	9	1.0	14
45.21647	-23.65743	-66.00565	LAX_LV_EPICARDIAL	9	1.0	14
46.20044	-24.68887	-68.80844	LAX_LV_EPICARDIAL	9	1.0	14
46.31053	-24.61857	-71.61791	LAX_LV_EPICARDIAL	9	1.0	14
46.42062	-24.54826	-74.42737	LAX_LV_EPICARDIAL	9	1.0	14
46.53070	-24.47796	-77.23684	LAX_LV_EPICARDIAL	9	1.0	14
46.64079	-24.40765	-80.04630	LAX_LV_EPICARDIAL	9	1.0	14
46.75088	-24.33735	-82.85577	LAX_LV_EPICARDIAL	9	1.0	14
46.86097	-24.26705	-85.66523	LAX_LV_EPICARDIAL	9	1.0	14
46.09719	-23.09500	-88.48137	LAX_LV_EPICARDIAL	9	1.0	14
46.20728	-23.02470	-91.29084	LAX_LV_EPICARDIAL	9	1.0	14
45.44349	-21.85265	-94.10698	LAX_LV_EPICARDIAL	9	1.0	14
44.67971	-20.68060	-96.92311	LAX_LV_EPICARDIAL	9	1.0	14
43.91592	-19.50855	-99.73925	LAX_LV_EPICARDIAL	9	1.0	14
42.27827	-17.23476	-102.56206	LAX_LV_EPICARDIAL	9	1.0	14
40.58556	-14.99612	-103.98014	LAX_LV_EPICARDIAL	9	1.0	14
38.83782	-12.79264	-103.99349	LAX_LV_EPICARDIAL	9	1.0	14
37.09007	-10.58915	-104.00683	LAX_LV_EPICARDIAL	9	1.0	14
35.28728	-8.42082	-102.61545	LAX_LV_EPICARDIAL	9	1.0	14
33.48449	-6.25248	-101.22406	LAX_LV_EPICARDIAL	9	1.0	14
31.68170	-4.08415	-99.83267	LAX_LV_EPICARDIAL	9	1.0	14
29.93395	-1.88066	-99.84602	LAX_LV_EPICARDIAL	9	1.0	14
28.13116	0.28768	-98.45463	LAX_LV_EPICARDIAL	9	1.0	14
26.32837	2.45601	-97.06324	LAX_LV_EPICARDIAL	9	1.0	14
24.58062	4.65950	-97.07659	LAX_LV_EPICARDIAL	9	1.0	14
22.77783	6.82783	-95.68520	LAX_LV_EPICARDIAL	9	1.0	14
21.03009	9.03132	-95.69855	LAX_LV_EPICARDIAL	9	1.0	14
19.22729	11.19966	-94.30716	LAX_LV_EPICARDIAL	9	1.0	14
17.47955	13.40314	-94.32051	LAX_LV_EPICARDIAL	9	1.0	14
15.67676	15.57148	-92.92912	LAX_LV_EPICARDIAL	9	1.0	14
13.87397	17.73981	-91.53773	LAX_LV_EPICARDIAL	9	1.0	14
12.07117	19.90815	-90.14635	LAX_LV_EPICARDIAL	9	1.0	14
10.26838	22.07648	-88.75496	LAX_LV_EPICARDIAL	9	1.0	14
8.46559	24.24482	-87.36357	LAX_LV_EPICARDIAL	9	1.0	14
6.66280	26.41315	-85.97219	LAX_LV_EPICARDIAL	9	1.0	14
4.86001	28.58149	-84.58080	LAX_LV_EPICARDIAL	9	1.0	14
3.05722	30.74982	-83.18941	LAX_LV_EPICARDIAL	9	1.0	14
1.25443	32.91816	-81.79803	LAX_LV_EPICARDIAL	9	1.0	14
-0.54836	35.08649	-80.40664	LAX_LV_EPICARDIAL	9	1.0	14
-2.40620	37.21968	-77.61052	LAX_LV_EPICARDIAL	9	1.0	14
-4.26403	39.35286	-74.81440	LAX_LV_EPICARDIAL	9	1.0	14
-5.24800	40.38430	-72.01161	LAX_LV_EPICARDIAL	9	1.0	14
-6.23196	41.41574	-69.20882	LAX_LV_EPICARDIAL	9	1.0	14
-7.21592	42.44718	-66.40602	LAX_LV_EPICARDIAL	9	1.0	14
-7.32601	42.37687	-63.59656	LAX_LV_EPICARDIAL	9	1.0	14
-6.56223	41.20483	-60.78042	LAX_LV_EPICARDIAL	9	1.0	14
-5.74340	40.06793	-59.36901	LAX_LV_EPICARDIAL	9	1.0	14
-4.05070	37.82929	-57.95094	LAX_LV_EPICARDIAL	9	1.0	14
5.93354	22.62783	-22.74587	LAX_LV_EPICARDIAL	9	1.0	14
5.82345	22.55753	-19.93641	LAX_LV_EPICARDIAL	9	1.0	14
7.51616	20.31889	-18.51833	LAX_LV_EPICARDIAL	9	1.0	14
9.20886	18.08025	-17.10025	LAX_LV_EPICARDIAL	9	1.0	14
10.95660	15.87676	-17.08690	LAX_LV_EPICARDIAL	9	1.0	14
12.70435	13.67328	-17.07356	LAX_LV_EPICARDIAL	9	1.0	14
14.45210	11.46979	-17.06021	LAX_LV_EPICARDIAL	9	1.0	14
16.19984	9.26630	-17.04687	LAX_LV_EPICARDIAL	9	1.0	14
17.94759	7.06281	-17.03352	LAX_LV_EPICARDIAL	9	1.0	14
-3.28691	36.65724	-55.13480	MITRAL_VALVE	9	1.0	14
5.16976	23.79988	-25.56201	MITRAL_VALVE	9	1.0	14
-29.51486	-11.88040	-4.44577	LAX_RV_FREEWALL	8	1.0	1.0
-28.26880	-14.59730	-7.06991	LAX_RV_FREEWALL	8	1.0	1.0
-26.74383	-15.95575	-9.46089	LAX_RV_FREEWALL	8	1.0	1.0
-24.93995	-15.95575	-11.61870	LAX_RV_FREEWALL	8	1.0	1.0
-23.41498	-17.31420	-14.00968	LAX_RV_FREEWALL	8	1.0	1.0
-21.61110	-17.31420	-16.16750	LAX_RV_FREEWALL	8	1.0	1.0
-20.08613	-18.67265	-18.55848	LAX_RV_FREEWALL	8	1.0	1.0
-18.56116	-20.03111	-20.94946	LAX_RV_FREEWALL	8	1.0	1.0
-17.03619	-21.38956	-23.34044	LAX_RV_FREEWALL	8	1.0	1.0
-15.51123	-22.74801	-25.73142	LAX_RV_FREEWALL	8	1.0	1.0
-13.98626	-24.10646	-28.12240	LAX_RV_FREEWALL	8	1.0	1.0
-12.18238	-24.10646	-30.28021	LAX_RV_FREEWALL	8	1.0	1.0
-10.37850	-24.10646	-32.43803	LAX_RV_FREEWALL	8	1.0	1.0
-8.57461	-24.10646	-34.59585	LAX_RV_FREEWALL	8	1.0	1.0
-6.49182	-22.74802	-36.52050	LAX_RV_FREEWALL	8	1.0	1.0
-4.68794	-22.74802	-38.67832	LAX_RV_FREEWALL	8	1.0	1.0
-2.88406	-22.74802	-40.83614	LAX_RV_FREEWALL	8	1.0	1.0
-1.08018	-22.74802	-42.99396	LAX_RV_FREEWALL	8	1.0	1.0
0.44479	-24.10647	-45.38494	LAX_RV_FREEWALL	8	1.0	1.0
2.24867	-24.10647	-47.54275	LAX_RV_FREEWALL	8	1.0	1.0
4.05255	-24.10647	-49.70057	LAX_RV_FREEWALL	8	1.0	1.0
5.85644	-24.10648	-51.85839	LAX_RV_FREEWALL	8	1.0	1.0
-10.63930	-7.80507	-25.32445	LAX_RV_FREEWALL	8	1.0	1.0
-12.44319	-7.80507	-23.16664	LAX_RV_FREEWALL	8	1.0	1.0
-14.24707	-7.80507	-21.00882	LAX_RV_FREEWALL	8	1.0	1.0
-16.05095	-7.80507	-18.85100	LAX_RV_FREEWALL	8	1.0	1.0
-17.57592	-6.44662	-16.46002	LAX_RV_FREEWALL	8	1.0	1.0
-19.37980	-6.44661	-14.30221	LAX_RV_FREEWALL	8	1.0	1.0
-20.90477	-5.08816	-11.91123	LAX_RV_FREEWALL	8	1.0	1.0
-22.70865	-5.08816	-9.75341	LAX_RV_FREEWALL	8	1.0	1.0
-24.51253	-5.08816	-7.59559	LAX_RV_FREEWALL	8	1.0	1.0
-26.59532	-6.44661	-5.67094	LAX_RV_FREEWALL	8	1.0	1.0
-28.67812	-7.80505	-3.74628	LAX_RV_FREEWALL	8	1.0	1.0
-29.23594	-10.52195	-4.21260	LAX_RV_FREEWALL	8	1.0	1.0
-31.94176	-10.52195	-0.97588	LAX_RV_EPICARDIAL	8	1.0	1.0
-31.59765	-13.23885	-2.52111	LAX_RV_EPICARDIAL	8	1.0	1.0
-30.35159	-15.95575	-5.14525	LAX_RV_EPICARDIAL	8	1.0	1.0
-28.82663	-17.31420	-7.53623	LAX_RV_EPICARDIAL	8	1.0	1.0
-27.30166	-18.67265	-9.92721	LAX_RV_EPICARDIAL	8	1.0	1.0
-25.77669	-20.03110	-12.31819	LAX_RV_EPICARDIAL	8	1.0	1.0
-24.25172	-21.38955	-14.70917	LAX_RV_EPICARDIAL	8	1.0	1.0
-22.44784	-21.38955	-16.86699	LAX_RV_EPICARDIAL	8	1.0	1.0
-21.20178	-24.10645	-19.49113	LAX_RV_EPICARDIAL	8	1.0	1.0
-19.67681	-25.46490	-21.88211	LAX_RV_EPICARDIAL	8	1.0	1.0
-18.15185	-26.82335	-24.27309	LAX_RV_EPICARDIAL	8	1.0	1.0
-16.34796	-26.82335	-26.43090	LAX_RV_EPICARDIAL	8	1.0	1.0
-14.54408	-26.82335	-28.58872	LAX_RV_EPICARDIAL	8	1.0	1.0
-12.74020	-26.82336	-30.74654	LAX_RV_EPICARDIAL	8	1.0	1.0
-10.93632	-26.82336	-32.90436	LAX_RV_EPICARDIAL	8	1.0	1.0
-9.13244	-26.82336	-35.06217	LAX_RV_EPICARDIAL	8	1.0	1.0
-7.32856	-26.82336	-37.21999	LAX_RV_EPICARDIAL	8	1.0	1.0
-5.52468	-26.82336	-39.37781	LAX_RV_EPICARDIAL	8	1.0	1.0
-3.72080	-26.82336	-41.53563	LAX_RV_EPICARDIAL	8	1.0	1.0
-1.91691	-26.82337	-43.69344	LAX_RV_EPICARDIAL	8	1.0	1.0
-0.11303	-26.82337	-45.85126	LAX_RV_EPICARDIAL	8	1.0	1.0
1.69085	-26.82337	-48.00908	LAX_RV_EPICARDIAL	8	1.0	1.0
3.49473	-26.82337	-50.16690	LAX_RV_EPICARDIAL	8	1.0	1.0
5.57752	-25.46492	-52.09155	LAX_RV_EPICARDIAL	8	1.0	1.0
7.38140	-25.46493	-54.24937	LAX_RV_EPICARDIAL	8	1.0	1.0
9.18529	-25.46493	-56.40719	LAX_RV_EPICARDIAL	8	1.0	1.0
7.93923	-22.74803	-53.78304	LAX_RV_EPICARDIAL	8	1.0	1.0
-8.83542	-7.80507	-27.48227	LAX_RV_EPICARDIAL	8	1.0	1.0
-11.32753	-2.37128	-22.23399	LAX_RV_EPICARDIAL	8	1.0	1.0
-13.13142	-2.37127	-20.07617	LAX_RV_EPICARDIAL	8	1.0	1.0
-15.21421	-3.72972	-18.15152	LAX_RV_EPICARDIAL	8	1.0	1.0
-17.01809	-3.72972	-15.99370	LAX_RV_EPICARDIAL	8	1.0	1.0
-18.82197	-3.72972	-13.83588	LAX_RV_EPICARDIAL	8	1.0	1.0
-20.62585	-3.72972	-11.67806	LAX_RV_EPICARDIAL	8	1.0	1.0
-22.15082	-2.37126	-9.28708	LAX_RV_EPICARDIAL	8	1.0	1.0
-23.95470	-2.37126	-7.12927	LAX_RV_EPICARDIAL	8	1.0	1.0
-26.03750	-3.72971	-5.20461	LAX_RV_EPICARDIAL	8	1.0	1.0
-28.12029	-5.08816	-3.27996	LAX_RV_EPICARDIAL	8	1.0	1.0
-30.48200	-7.80505	-1.58846	LAX_RV_EPICARDIAL	8	1.0	1.0
7.93923	-22.74803	-53.78304	LAX_RV_SEPTUM	8	1.0	1.0
7.93923	-22.74803	-53.78304	LAX_RV_SEPTUM	8	1.0	1.0
6.41426	-21.38958	-51.39207	LAX_RV_SEPTUM	8	1.0	1.0
4.88929	-20.03113	-49.00109	LAX_RV_SEPTUM	8	1.0	1.0
3.36432	-18.67268	-46.61011	LAX_RV_SEPTUM	8	1.0	1.0
1.83936	-17.31423	-44.21913	LAX_RV_SEPTUM	8	1.0	1.0
0.31439	-15.95578	-41.82815	LAX_RV_SEPTUM	8	1.0	1.0
-1.21058	-14.59733	-39.43717	LAX_RV_SEPTUM	8	1.0	1.0
-2.73555	-13.23888	-37.04619	LAX_RV_SEPTUM	8	1.0	1.0
-3.98160	-10.52198	-34.42205	LAX_RV_SEPTUM	8	1.0	1.0
-5.78549	-10.52197	-32.26423	LAX_RV_SEPTUM	8	1.0	1.0
-7.31045	-9.16352	-29.87325	LAX_RV_SEPTUM	8	1.0	1.0
-8.83542	-7.80507	-27.48227	LAX_RV_SEPTUM	8	1.0	1.0
-9.80257	-3.72973	-24.62497	LAX_LV_EPICARDIAL	8	1.0	1.0
9.74311	-22.74803	-55.94086	LAX_LV_EPICARDIAL	8	1.0	1.0
11.54699	-22.74803	-58.09868	LAX_LV_EPICARDIAL	8	1.0	1.0
13.07196	-24.10648	-60.48966	LAX_LV_EPICARDIAL	8	1.0	1.0
14.87584	-24.10648	-62.64748	LAX_LV_EPICARDIAL	8	1.0	1.0
16.67972	-24.10649	-64.80529	LAX_LV_EPICARDIAL	8	1.0	1.0
18.20469	-25.46494	-67.19627	LAX_LV_EPICARDIAL	8	1.0	1.0
20.00857	-25.46494	-69.35409	LAX_LV_EPICARDIAL	8	1.0	1.0
21.53354	-26.82339	-71.74507	LAX_LV_EPICARDIAL	8	1.0	1.0
23.33742	-26.82339	-73.90289	LAX_LV_EPICARDIAL	8	1.0	1.0
24.86239	-28.18184	-76.29387	LAX_LV_EPICARDIAL	8	1.0	1.0
26.66627	-28.18184	-78.45169	LAX_LV_EPICARDIAL	8	1.0	1.0
28.47015	-28.18184	-80.60950	LAX_LV_EPICARDIAL	8	1.0	1.0
30.27403	-28.18185	-82.76732	LAX_LV_EPICARDIAL	8	1.0	1.0
32.07792	-28.18185	-84.92514	LAX_LV_EPICARDIAL	8	1.0	1.0
33.88180	-28.18185	-87.08296	LAX_LV_EPICARDIAL	8	1.0	1.0
35.96459	-26.82340	-89.00761	LAX_LV_EPICARDIAL	8	1.0	1.0
37.76847	-26.82340	-91.16543	LAX_LV_EPICARDIAL	8	1.0	1.0
39.85127	-25.46496	-93.09008	LAX_LV_EPICARDIAL	8	1.0	1.0
42.21297	-22.74806	-94.78158	LAX_LV_EPICARDIAL	8	1.0	1.0
43.67274	-20.03117	-95.39416	LAX_LV_EPICARDIAL	8	1.0	1.0
45.13251	-17.31427	-96.00675	LAX_LV_EPICARDIAL	8	1.0	1.0
46.59227	-14.59737	-96.61933	LAX_LV_EPICARDIAL	8	1.0	1.0
47.15010	-11.88047	-96.15301	LAX_LV_EPICARDIAL	8	1.0	1.0
46.80598	-9.16358	-94.60778	LAX_LV_EPICARDIAL	8	1.0	1.0
47.36381	-6.44668	-94.14145	LAX_LV_EPICARDIAL	8	1.0	1.0
47.01969	-3.72978	-92.59622	LAX_LV_EPICARDIAL	8	1.0	1.0
45.77364	-1.01288	-89.97208	LAX_LV_EPICARDIAL	8	1.0	1.0
45.42952	1.70402	-88.42685	LAX_LV_EPICARDIAL	8	1.0	1.0
45.08541	4.42092	-86.88161	LAX_LV_EPICARDIAL	8	1.0	1.0
44.74129	7.13781	-85.33638	LAX_LV_EPICARDIAL	8	1.0	1.0
43.49524	9.85471	-82.71224	LAX_LV_EPICARDIAL	8	1.0	1.0
43.15112	12.57161	-81.16701	LAX_LV_EPICARDIAL	8	1.0	1.0
42.80701	15.28851	-79.62178	LAX_LV_EPICARDIAL	8	1.0	1.0
42.46289	18.00541	-78.07654	LAX_LV_EPICARDIAL	8	1.0	1.0
42.11878	20.72231	-76.53131	LAX_LV_EPICARDIAL	8	1.0	1.0
41.77466	23.43921	-74.98608	LAX_LV_EPICARDIAL	8	1.0	1.0
41.43055	26.15610	-73.44084	LAX_LV_EPICARDIAL	8	1.0	1.0
41.08643	28.87300	-71.89561	LAX_LV_EPICARDIAL	8	1.0	1.0
39.84038	31.58990	-69.27147	LAX_LV_EPICARDIAL	8	1.0	1.0
39.49626	34.30680	-67.72624	LAX_LV_EPICARDIAL	8	1.0	1.0
39.15215	37.02370	-66.18101	LAX_LV_EPICARDIAL	8	1.0	1.0
37.90609	39.74060	-63.55686	LAX_LV_EPICARDIAL	8	1.0	1.0
36.66004	42.45750	-60.93272	LAX_LV_EPICARDIAL	8	1.0	1.0
35.13507	43.81595	-58.54174	LAX_LV_EPICARDIAL	8	1.0	1.0
33.61010	45.17440	-56.15076	LAX_LV_EPICARDIAL	8	1.0	1.0
32.08513	46.53285	-53.75979	LAX_LV_EPICARDIAL	8	1.0	1.0
30.56016	47.89130	-51.36881	LAX_LV_EPICARDIAL	8	1.0	1.0
29.03519	49.24975	-48.97783	LAX_LV_EPICARDIAL	8	1.0	1.0
27.23131	49.24975	-46.82001	LAX_LV_EPICARDIAL	8	1.0	1.0
25.70634	50.60820	-44.42903	LAX_LV_EPICARDIAL	8	1.0	1.0
23.90246	50.60820	-42.27121	LAX_LV_EPICARDIAL	8	1.0	1.0
22.09858	50.60820	-40.11340	LAX_LV_EPICARDIAL	8	1.0	1.0
20.29470	50.60821	-37.95558	LAX_LV_EPICARDIAL	8	1.0	1.0
18.49082	50.60821	-35.79776	LAX_LV_EPICARDIAL	8	1.0	1.0
16.40802	49.24976	-33.87310	LAX_LV_EPICARDIAL	8	1.0	1.0
14.94826	46.53286	-33.26052	LAX_LV_EPICARDIAL	8	1.0	1.0
-0.89546	22.08080	-24.51053	LAX_LV_EPICARDIAL	8	1.0	1.0
-2.97825	20.72235	-22.58587	LAX_LV_EPICARDIAL	8	1.0	1.0
-6.60412	3.06252	-25.61698	LAX_LV_ENDOCARDIAL	8	1.0	1.0
-4.52133	4.42096	-27.54163	LAX_LV_ENDOCARDIAL	8	1.0	1.0
-2.71745	4.42096	-29.69945	LAX_LV_ENDOCARDIAL	8	1.0	1.0
-0.63465	5.77941	-31.62411	LAX_LV_ENDOCARDIAL	8	1.0	1.0
0.89032	4.42096	-34.01509	LAX_LV_ENDOCARDIAL	8	1.0	1.0
2.69420	4.42096	-36.17290	LAX_LV_ENDOCARDIAL	8	1.0	1.0
3.94025	1.70406	-38.79704	LAX_LV_ENDOCARDIAL	8	1.0	1.0
5.18631	-1.01284	-41.42118	LAX_LV_ENDOCARDIAL	8	1.0	1.0
6.43237	-3.72974	-44.04533	LAX_LV_ENDOCARDIAL	8	1.0	1.0
7.67842	-6.44664	-46.66947	LAX_LV_ENDOCARDIAL	8	1.0	1.0
8.92448	-9.16354	-49.29361	LAX_LV_ENDOCARDIAL	8	1.0	1.0
10.44945	-10.52199	-51.68459	LAX_LV_ENDOCARDIAL	8	1.0	1.0
11.97441	-11.88044	-54.07557	LAX_LV_ENDOCARDIAL	8	1.0	1.0
13.49938	-13.23889	-56.46655	LAX_LV_ENDOCARDIAL	8	1.0	1.0
15.02435	-14.59734	-58.85753	LAX_LV_ENDOCARDIAL	8	1.0	1.0
16.82823	-14.59734	-61.01534	LAX_LV_ENDOCARDIAL	8	1.0	1.0
18.35320	-15.95579	-63.40632	LAX_LV_ENDOCARDIAL	8	1.0	1.0
20.15708	-15.95580	-65.56414	LAX_LV_ENDOCARDIAL	8	1.0	1.0
21.68205	-17.31425	-67.95512	LAX_LV_ENDOCARDIAL	8	1.0	1.0
23.20702	-18.67270	-70.34610	LAX_LV_ENDOCARDIAL	8	1.0	1.0
25.01090	-18.67270	-72.50392	LAX_LV_ENDOCARDIAL	8	1.0	1.0
26.53587	-20.03115	-74.89490	LAX_LV_ENDOCARDIAL	8	1.0	1.0
28.33975	-20.03115	-77.05271	LAX_LV_ENDOCARDIAL	8	1.0	1.0
29.86472	-21.38960	-79.44369	LAX_LV_ENDOCARDIAL	8	1.0	1.0
31.66860	-21.38960	-81.60151	LAX_LV_ENDOCARDIAL	8	1.0	1.0
33.47248	-21.38960	-83.75933	LAX_LV_ENDOCARDIAL	8	1.0	1.0
35.27636	-21.38961	-85.91715	LAX_LV_ENDOCARDIAL	8	1.0	1.0
37.08024	-21.38961	-88.07496	LAX_LV_ENDOCARDIAL	8	1.0	1.0
38.88412	-21.38961	-90.23278	LAX_LV_ENDOCARDIAL	8	1.0	1.0
40.96692	-20.03116	-92.15744	LAX_LV_ENDOCARDIAL	8	1.0	1.0
43.32862	-17.31427	-93.84893	LAX_LV_ENDOCARDIAL	8	1.0	1.0
43.88645	-14.59737	-93.38261	LAX_LV_ENDOCARDIAL	8	1.0	1.0
43.54234	-11.88047	-91.83737	LAX_LV_ENDOCARDIAL	8	1.0	1.0
43.19822	-9.16357	-90.29214	LAX_LV_ENDOCARDIAL	8	1.0	1.0
42.85411	-6.44667	-88.74691	LAX_LV_ENDOCARDIAL	8	1.0	1.0
41.60805	-3.72978	-86.12277	LAX_LV_ENDOCARDIAL	8	1.0	1.0
41.26393	-1.01288	-84.57754	LAX_LV_ENDOCARDIAL	8	1.0	1.0
40.01788	1.70402	-81.95339	LAX_LV_ENDOCARDIAL	8	1.0	1.0
39.67376	4.42092	-80.40816	LAX_LV_ENDOCARDIAL	8	1.0	1.0
39.32965	7.13782	-78.86293	LAX_LV_ENDOCARDIAL	8	1.0	1.0
38.08359	9.85472	-76.23879	LAX_LV_ENDOCARDIAL	8	1.0	1.0
36.83754	12.57162	-73.61465	LAX_LV_ENDOCARDIAL	8	1.0	1.0
35.31257	13.93007	-71.22367	LAX_LV_ENDOCARDIAL	8	1.0	1.0
34.96845	16.64697	-69.67843	LAX_LV_ENDOCARDIAL	8	1.0	1.0
33.72240	19.36387	-67.05429	LAX_LV_ENDOCARDIAL	8	1.0	1.0
34.28022	22.08076	-66.58797	LAX_LV_ENDOCARDIAL	8	1.0	1.0
34.83805	24.79766	-66.12165	LAX_LV_ENDOCARDIAL	8	1.0	1.0
34.49394	27.51456	-64.57641	LAX_LV_ENDOCARDIAL	8	1.0	1.0
34.14982	30.23146	-63.03118	LAX_LV_ENDOCARDIAL	8	1.0	1.0
32.90376	32.94836	-60.40704	LAX_LV_ENDOCARDIAL	8	1.0	1.0
31.37880	34.30681	-58.01606	LAX_LV_ENDOCARDIAL	8	1.0	1.0
29.85383	35.66526	-55.62508	LAX_LV_ENDOCARDIAL	8	1.0	1.0
28.04995	35.66526	-53.46726	LAX_LV_ENDOCARDIAL	8	1.0	1.0
26.52498	37.02371	-51.07628	LAX_LV_ENDOCARDIAL	8	1.0	1.0
25.27892	39.74061	-48.45214	LAX_LV_ENDOCARDIAL	8	1.0	1.0
23.75395	41.09906	-46.06116	LAX_LV_ENDOCARDIAL	8	1.0	1.0
22.22899	42.45751	-43.67018	LAX_LV_ENDOCARDIAL	8	1.0	1.0
20.42510	42.45751	-41.51237	LAX_LV_ENDOCARDIAL	8	1.0	1.0
18.62122	42.45751	-39.35455	LAX_LV_ENDOCARDIAL	8	1.0	1.0
-0.89546	22.08080	-24.51053	LAX_LV_ENDOCARDIAL	8	1.0	1.0
-2.97825	20.72235	-22.58587	LAX_LV_ENDOCARDIAL	8	1.0	1.0
-31.94176	-10.52195	-0.97588	LAX_RV_EPICARDIAL	8	1.0	1.0
-31.59765	-13.23885	-2.52111	LAX_RV_EPICARDIAL	8	1.0	1.0
-30.35159	-15.95575	-5.14525	LAX_RV_EPICARDIAL	8	1.0	1.0
-28.82663	-17.31420	-7.53623	LAX_RV_EPICARDIAL	8	1.0	1.0
-27.30166	-18.67265	-9.92721	LAX_RV_EPICARDIAL	8	1.0	1.0
-25.77669	-20.03110	-12.31819	LAX_RV_EPICARDIAL	8	1.0	1.0
-24.25172	-21.38955	-14.70917	LAX_RV_EPICARDIAL	8	1.0	1.0
-22.44784	-21.38955	-16.86699	LAX_RV_EPICARDIAL	8	1.0	1.0
-21.20178	-24.10645	-19.49113	LAX_RV_EPICARDIAL	8	1.0	1.0
-19.67681	-25.46490	-21.88211	LAX_RV_EPICARDIAL	8	1.0	1.0
-18.15185	-26.82335	-24.27309	LAX_RV_EPICARDIAL	8	1.0	1.0
-16.34796	-26.82335	-26.43090	LAX_RV_EPICARDIAL	8	1.0	1.0
-14.54408	-26.82335	-28.58872	LAX_RV_EPICARDIAL	8	1.0	1.0
-12.74020	-26.82336	-30.74654	LAX_RV_EPICARDIAL	8	1.0	1.0
-10.93632	-26.82336	-32.90436	LAX_RV_EPICARDIAL	8	1.0	1.0
-9.13244	-26.82336	-35.06217	LAX_RV_EPICARDIAL	8	1.0	1.0
-7.32856	-26.82336	-37.21999	LAX_RV_EPICARDIAL	8	1.0	1.0
-5.52468	-26.82336	-39.37781	LAX_RV_EPICARDIAL	8	1.0	1.0
-3.72080	-26.82336	-41.53563	LAX_RV_EPICARDIAL	8	1.0	1.0
-1.91691	-26.82337	-43.69344	LAX_RV_EPICARDIAL	8	1.0	1.0
-0.11303	-26.82337	-45.85126	LAX_RV_EPICARDIAL	8	1.0	1.0
1.69085	-26.82337	-48.00908	LAX_RV_EPICARDIAL	8	1.0	1.0
3.49473	-26.82337	-50.16690	LAX_RV_EPICARDIAL	8	1.0	1.0
5.57752	-25.46492	-52.09155	LAX_RV_EPICARDIAL	8	1.0	1.0
7.38140	-25.46493	-54.24937	LAX_RV_EPICARDIAL	8	1.0	1.0
9.18529	-25.46493	-56.40719	LAX_RV_EPICARDIAL	8	1.0	1.0
7.93923	-22.74803	-53.78304	LAX_RV_EPICARDIAL	8	1.0	1.0
-8.83542	-7.80507	-27.48227	LAX_RV_EPICARDIAL	8	1.0	1.0
-11.32753	-2.37128	-22.23399	LAX_RV_EPICARDIAL	8	1.0	1.0
-13.13142	-2.37127	-20.07617	LAX_RV_EPICARDIAL	8	1.0	1.0
-15.21421	-3.72972	-18.15152	LAX_RV_EPICARDIAL	8	1.0	1.0
-17.01809	-3.72972	-15.99370	LAX_RV_EPICARDIAL	8	1.0	1.0
-18.82197	-3.72972	-13.83588	LAX_RV_EPICARDIAL	8	1.0	1.0
-20.62585	-3.72972	-11.67806	LAX_RV_EPICARDIAL	8	1.0	1.0
-22.15082	-2.37126	-9.28708	LAX_RV_EPICARDIAL	8	1.0	1.0
-23.95470	-2.37126	-7.12927	LAX_RV_EPICARDIAL	8	1.0	1.0
-26.03750	-3.72971	-5.20461	LAX_RV_EPICARDIAL	8	1.0	1.0
-28.12029	-5.08816	-3.27996	LAX_RV_EPICARDIAL	8	1.0	1.0
-30.48200	-7.80505	-1.58846	LAX_RV_EPICARDIAL	8	1.0	1.0
16.53843	41.09907	-37.42989	MITRAL_VALVE	8	1.0	1.0
1.18733	23.43924	-26.43518	MITRAL_VALVE	8	1.0	1.0
-5.96299	19.36390	-19.58231	AORTA_VALVE	8	1.0	1.0
-8.40800	3.06252	-23.45916	AORTA_VALVE	8	1.0	1.0
-58.67320	3.08829	-74.48750	LAX_RV_FREEWALL	7	1.0	14
-61.25125	1.48700	-77.05846	LAX_RV_FREEWALL	7	1.0	14
-59.62995	-0.11429	-79.22525	LAX_RV_FREEWALL	7	1.0	14
-58.00866	-1.71558	-81.39204	LAX_RV_FREEWALL	7	1.0	14
-56.38736	-3.31687	-83.55882	LAX_RV_FREEWALL	7	1.0	14
-53.36629	-4.91817	-85.59088	LAX_RV_FREEWALL	7	1.0	14
-51.74499	-6.51946	-87.75767	LAX_RV_FREEWALL	7	1.0	14
-50.12370	-8.12075	-89.92446	LAX_RV_FREEWALL	7	1.0	14
-47.10262	-9.72204	-91.95652	LAX_RV_FREEWALL	7	1.0	14
-44.08155	-11.32333	-93.98858	LAX_RV_FREEWALL	7	1.0	14
-41.17123	-12.12398	-94.86989	LAX_RV_FREEWALL	7	1.0	14
-38.15015	-13.72527	-96.90195	LAX_RV_FREEWALL	7	1.0	14
-35.23984	-14.52592	-97.78325	LAX_RV_FREEWALL	7	1.0	14
-32.32952	-15.32656	-98.66456	LAX_RV_FREEWALL	7	1.0	14
-29.41920	-16.12721	-99.54587	LAX_RV_FREEWALL	7	1.0	14
-26.50888	-16.92786	-100.42717	LAX_RV_FREEWALL	7	1.0	14
-23.59856	-17.72850	-101.30848	LAX_RV_FREEWALL	7	1.0	14
-20.68824	-18.52915	-102.18978	LAX_RV_FREEWALL	7	1.0	14
-17.77792	-19.32980	-103.07109	LAX_RV_FREEWALL	7	1.0	14
-14.86760	-20.13044	-103.95240	LAX_RV_FREEWALL	7	1.0	14
-12.06804	-20.13044	-103.68295	LAX_RV_FREEWALL	7	1.0	14
-9.15772	-20.93109	-104.56425	LAX_RV_FREEWALL	7	1.0	14
-6.24740	-21.73174	-105.44556	LAX_RV_FREEWALL	7	1.0	14
-3.33708	-22.53238	-106.32687	LAX_RV_FREEWALL	7	1.0	14
-0.53752	-22.53238	-106.05742	LAX_RV_FREEWALL	7	1.0	14
2.26204	-22.53239	-105.78797	LAX_RV_FREEWALL	7	1.0	14
5.17236	-23.33303	-106.66927	LAX_RV_FREEWALL	7	1.0	14
7.97192	-23.33303	-106.39982	LAX_RV_FREEWALL	7	1.0	14
10.88224	-24.13368	-107.28113	LAX_RV_FREEWALL	7	1.0	14
13.68181	-24.13368	-107.01168	LAX_RV_FREEWALL	7	1.0	14
16.59212	-24.93433	-107.89299	LAX_RV_FREEWALL	7	1.0	14
19.39169	-24.93433	-107.62354	LAX_RV_FREEWALL	7	1.0	14
22.08049	-24.13368	-106.20333	LAX_RV_FREEWALL	7	1.0	14
24.65854	-22.53239	-103.63237	LAX_RV_FREEWALL	7	1.0	14
-57.49493	4.68958	-72.05127	LAX_RV_EPICARDIAL	7	1.0	14
-60.40525	5.49023	-71.16996	LAX_RV_EPICARDIAL	7	1.0	14
-62.98330	3.88894	-73.74092	LAX_RV_EPICARDIAL	7	1.0	14
-64.16157	2.28765	-76.17716	LAX_RV_EPICARDIAL	7	1.0	14
-63.94005	0.68636	-78.47867	LAX_RV_EPICARDIAL	7	1.0	14
-63.71854	-0.91494	-80.78018	LAX_RV_EPICARDIAL	7	1.0	14
-62.09725	-2.51623	-82.94696	LAX_RV_EPICARDIAL	7	1.0	14
-60.47595	-4.11752	-85.11375	LAX_RV_EPICARDIAL	7	1.0	14
-58.85466	-5.71881	-87.28054	LAX_RV_EPICARDIAL	7	1.0	14
-57.23336	-7.32010	-89.44732	LAX_RV_EPICARDIAL	7	1.0	14
-55.61207	-8.92139	-91.61411	LAX_RV_EPICARDIAL	7	1.0	14
-52.59099	-10.52269	-93.64617	LAX_RV_EPICARDIAL	7	1.0	14
-49.56992	-12.12398	-95.67823	LAX_RV_EPICARDIAL	7	1.0	14
-46.54884	-13.72527	-97.71029	LAX_RV_EPICARDIAL	7	1.0	14
-43.63852	-14.52592	-98.59160	LAX_RV_EPICARDIAL	7	1.0	14
-40.72820	-15.32656	-99.47291	LAX_RV_EPICARDIAL	7	1.0	14
-37.81788	-16.12721	-100.35421	LAX_RV_EPICARDIAL	7	1.0	14
-34.90757	-16.92786	-101.23552	LAX_RV_EPICARDIAL	7	1.0	14
-31.99725	-17.72850	-102.11683	LAX_RV_EPICARDIAL	7	1.0	14
-29.08693	-18.52915	-102.99813	LAX_RV_EPICARDIAL	7	1.0	14
-26.17661	-19.32979	-103.87944	LAX_RV_EPICARDIAL	7	1.0	14
-23.26629	-20.13044	-104.76074	LAX_RV_EPICARDIAL	7	1.0	14
-20.35597	-20.93109	-105.64205	LAX_RV_EPICARDIAL	7	1.0	14
-17.44565	-21.73173	-106.52336	LAX_RV_EPICARDIAL	7	1.0	14
-14.53533	-22.53238	-107.40466	LAX_RV_EPICARDIAL	7	1.0	14
-11.62501	-23.33303	-108.28597	LAX_RV_EPICARDIAL	7	1.0	14
-8.71469	-24.13367	-109.16727	LAX_RV_EPICARDIAL	7	1.0	14
-5.91513	-24.13367	-108.89783	LAX_RV_EPICARDIAL	7	1.0	14
-3.00481	-24.93432	-109.77913	LAX_RV_EPICARDIAL	7	1.0	14
-0.20525	-24.93432	-109.50968	LAX_RV_EPICARDIAL	7	1.0	14
2.59431	-24.93432	-109.24023	LAX_RV_EPICARDIAL	7	1.0	14
5.39387	-24.93432	-108.97078	LAX_RV_EPICARDIAL	7	1.0	14
8.30419	-25.73497	-109.85209	LAX_RV_EPICARDIAL	7	1.0	14
11.10376	-25.73497	-109.58264	LAX_RV_EPICARDIAL	7	1.0	14
13.90332	-25.73497	-109.31319	LAX_RV_EPICARDIAL	7	1.0	14
16.81364	-26.53562	-110.19450	LAX_RV_EPICARDIAL	7	1.0	14
19.61320	-26.53562	-109.92505	LAX_RV_EPICARDIAL	7	1.0	14
22.30201	-25.73497	-108.50484	LAX_RV_EPICARDIAL	7	1.0	14
24.99081	-24.93433	-107.08464	LAX_RV_EPICARDIAL	7	1.0	14
26.27984	-24.13368	-105.79916	LAX_RV_EPICARDIAL	7	1.0	14
27.45811	-22.53239	-103.36292	LAX_RV_EPICARDIAL	7	1.0	14
-25.00774	12.69603	-57.31032	LAX_RV_SEPTUM	7	1.0	14
25.83681	-20.93110	-101.19614	LAX_RV_SEPTUM	7	1.0	14
22.81574	-19.32981	-99.16408	LAX_RV_SEPTUM	7	1.0	14
19.79466	-17.72852	-97.13201	LAX_RV_SEPTUM	7	1.0	14
16.88434	-16.92787	-96.25071	LAX_RV_SEPTUM	7	1.0	14
13.86327	-15.32658	-94.21865	LAX_RV_SEPTUM	7	1.0	14
10.84219	-13.72529	-92.18658	LAX_RV_SEPTUM	7	1.0	14
7.82111	-12.12399	-90.15452	LAX_RV_SEPTUM	7	1.0	14
4.91080	-11.32335	-89.27322	LAX_RV_SEPTUM	7	1.0	14
1.88972	-9.72206	-87.24115	LAX_RV_SEPTUM	7	1.0	14
0.26843	-8.12076	-85.07437	LAX_RV_SEPTUM	7	1.0	14
-2.75265	-6.51947	-83.04231	LAX_RV_SEPTUM	7	1.0	14
-4.37394	-4.91818	-80.87552	LAX_RV_SEPTUM	7	1.0	14
-7.39502	-3.31689	-78.84346	LAX_RV_SEPTUM	7	1.0	14
-9.01631	-1.71560	-76.67667	LAX_RV_SEPTUM	7	1.0	14
-10.63761	-0.11430	-74.50989	LAX_RV_SEPTUM	7	1.0	14
-12.25890	1.48699	-72.34310	LAX_RV_SEPTUM	7	1.0	14
-13.88020	3.08828	-70.17631	LAX_RV_SEPTUM	7	1.0	14
-15.50149	4.68957	-68.00953	LAX_RV_SEPTUM	7	1.0	14
-18.52257	6.29086	-65.97747	LAX_RV_SEPTUM	7	1.0	14
-20.14386	7.89215	-63.81068	LAX_RV_SEPTUM	7	1.0	14
-21.76516	9.49345	-61.64389	LAX_RV_SEPTUM	7	1.0	14
-23.38645	11.09474	-59.47711	LAX_RV_SEPTUM	7	1.0	14
14.95202	37.51603	-17.46044	LAX_LV_EPICARDIAL	7	1.0	14
-23.64802	23.10442	-42.08105	LAX_LV_EPICARDIAL	7	1.0	14
-23.42650	21.50313	-44.38256	LAX_LV_EPICARDIAL	7	1.0	14
-23.20499	19.90184	-46.68407	LAX_LV_EPICARDIAL	7	1.0	14
-22.98348	18.30055	-48.98558	LAX_LV_EPICARDIAL	7	1.0	14
-24.16175	16.69926	-51.42182	LAX_LV_EPICARDIAL	7	1.0	14
-23.94023	15.09797	-53.72333	LAX_LV_EPICARDIAL	7	1.0	14
28.63637	-20.93110	-100.92669	LAX_LV_EPICARDIAL	7	1.0	14
31.43594	-20.93110	-100.65724	LAX_LV_EPICARDIAL	7	1.0	14
34.23550	-20.93110	-100.38779	LAX_LV_EPICARDIAL	7	1.0	14
37.03506	-20.93110	-100.11834	LAX_LV_EPICARDIAL	7	1.0	14
39.83462	-20.93110	-99.84889	LAX_LV_EPICARDIAL	7	1.0	14
42.52343	-20.13046	-98.42869	LAX_LV_EPICARDIAL	7	1.0	14
45.10148	-18.52917	-95.85773	LAX_LV_EPICARDIAL	7	1.0	14
47.67953	-16.92788	-93.28676	LAX_LV_EPICARDIAL	7	1.0	14
48.85780	-15.32659	-90.85053	LAX_LV_EPICARDIAL	7	1.0	14
50.03606	-13.72530	-88.41429	LAX_LV_EPICARDIAL	7	1.0	14
51.21433	-12.12401	-85.97806	LAX_LV_EPICARDIAL	7	1.0	14
50.99282	-10.52271	-83.67655	LAX_LV_EPICARDIAL	7	1.0	14
52.17109	-8.92142	-81.24031	LAX_LV_EPICARDIAL	7	1.0	14
53.34936	-7.32013	-78.80408	LAX_LV_EPICARDIAL	7	1.0	14
53.12784	-5.71884	-76.50256	LAX_LV_EPICARDIAL	7	1.0	14
54.30611	-4.11755	-74.06633	LAX_LV_EPICARDIAL	7	1.0	14
55.48438	-2.51626	-71.63009	LAX_LV_EPICARDIAL	7	1.0	14
55.26287	-0.91497	-69.32858	LAX_LV_EPICARDIAL	7	1.0	14
56.44113	0.68632	-66.89235	LAX_LV_EPICARDIAL	7	1.0	14
56.21962	2.28761	-64.59084	LAX_LV_EPICARDIAL	7	1.0	14
55.99811	3.88890	-62.28933	LAX_LV_EPICARDIAL	7	1.0	14
55.77660	5.49020	-59.98781	LAX_LV_EPICARDIAL	7	1.0	14
55.55508	7.09149	-57.68630	LAX_LV_EPICARDIAL	7	1.0	14
55.33357	8.69278	-55.38479	LAX_LV_EPICARDIAL	7	1.0	14
53.71227	10.29407	-53.21801	LAX_LV_EPICARDIAL	7	1.0	14
53.49076	11.89536	-50.91650	LAX_LV_EPICARDIAL	7	1.0	14
53.26925	13.49665	-48.61498	LAX_LV_EPICARDIAL	7	1.0	14
51.64795	15.09794	-46.44820	LAX_LV_EPICARDIAL	7	1.0	14
51.42644	16.69924	-44.14669	LAX_LV_EPICARDIAL	7	1.0	14
49.80515	18.30053	-41.97990	LAX_LV_EPICARDIAL	7	1.0	14
49.58363	19.90182	-39.67839	LAX_LV_EPICARDIAL	7	1.0	14
47.96234	21.50311	-37.51160	LAX_LV_EPICARDIAL	7	1.0	14
46.34105	23.10440	-35.34482	LAX_LV_EPICARDIAL	7	1.0	14
44.71975	24.70569	-33.17803	LAX_LV_EPICARDIAL	7	1.0	14
43.09846	26.30698	-31.01124	LAX_LV_EPICARDIAL	7	1.0	14
41.47716	27.90828	-28.84446	LAX_LV_EPICARDIAL	7	1.0	14
39.85587	29.50957	-26.67767	LAX_LV_EPICARDIAL	7	1.0	14
36.83479	31.11086	-24.64561	LAX_LV_EPICARDIAL	7	1.0	14
35.21350	32.71215	-22.47882	LAX_LV_EPICARDIAL	7	1.0	14
32.19242	34.31344	-20.44676	LAX_LV_EPICARDIAL	7	1.0	14
29.28210	35.11409	-19.56546	LAX_LV_EPICARDIAL	7	1.0	14
26.37178	35.91474	-18.68415	LAX_LV_EPICARDIAL	7	1.0	14
23.46147	36.71538	-17.80284	LAX_LV_EPICARDIAL	7	1.0	14
20.55115	37.51603	-16.92154	LAX_LV_EPICARDIAL	7	1.0	14
17.75158	37.51603	-17.19099	LAX_LV_EPICARDIAL	7	1.0	14
-20.84845	23.10442	-41.81160	LAX_LV_ENDOCARDIAL	7	1.0	14
-19.22716	21.50313	-43.97839	LAX_LV_ENDOCARDIAL	7	1.0	14
-19.00565	19.90184	-46.27990	LAX_LV_ENDOCARDIAL	7	1.0	14
-17.38435	18.30055	-48.44668	LAX_LV_ENDOCARDIAL	7	1.0	14
-17.16284	16.69925	-50.74820	LAX_LV_ENDOCARDIAL	7	1.0	14
-15.54155	15.09796	-52.91498	LAX_LV_ENDOCARDIAL	7	1.0	14
-13.92025	13.49667	-55.08177	LAX_LV_ENDOCARDIAL	7	1.0	14
-12.29896	11.89538	-57.24855	LAX_LV_ENDOCARDIAL	7	1.0	14
-10.67766	10.29409	-59.41534	LAX_LV_ENDOCARDIAL	7	1.0	14
-7.65659	8.69280	-61.44740	LAX_LV_ENDOCARDIAL	7	1.0	14
-6.03529	7.09150	-63.61419	LAX_LV_ENDOCARDIAL	7	1.0	14
-3.01422	5.49021	-65.64625	LAX_LV_ENDOCARDIAL	7	1.0	14
-1.39292	3.88892	-67.81304	LAX_LV_ENDOCARDIAL	7	1.0	14
1.62815	2.28763	-69.84510	LAX_LV_ENDOCARDIAL	7	1.0	14
3.24945	0.68634	-72.01188	LAX_LV_ENDOCARDIAL	7	1.0	14
4.87074	-0.91495	-74.17867	LAX_LV_ENDOCARDIAL	7	1.0	14
6.49204	-2.51625	-76.34546	LAX_LV_ENDOCARDIAL	7	1.0	14
8.11333	-4.11754	-78.51224	LAX_LV_ENDOCARDIAL	7	1.0	14
9.73462	-5.71883	-80.67903	LAX_LV_ENDOCARDIAL	7	1.0	14
12.75570	-7.32012	-82.71109	LAX_LV_ENDOCARDIAL	7	1.0	14
15.77678	-8.92141	-84.74315	LAX_LV_ENDOCARDIAL	7	1.0	14
17.39807	-10.52271	-86.90994	LAX_LV_ENDOCARDIAL	7	1.0	14
20.41915	-12.12400	-88.94200	LAX_LV_ENDOCARDIAL	7	1.0	14
23.44022	-13.72529	-90.97406	LAX_LV_ENDOCARDIAL	7	1.0	14
26.46130	-15.32658	-93.00612	LAX_LV_ENDOCARDIAL	7	1.0	14
29.37162	-16.12723	-93.88743	LAX_LV_ENDOCARDIAL	7	1.0	14
32.39269	-17.72852	-95.91949	LAX_LV_ENDOCARDIAL	7	1.0	14
35.30301	-18.52917	-96.80080	LAX_LV_ENDOCARDIAL	7	1.0	14
38.10257	-18.52917	-96.53135	LAX_LV_ENDOCARDIAL	7	1.0	14
40.79138	-17.72852	-95.11114	LAX_LV_ENDOCARDIAL	7	1.0	14
41.96965	-16.12723	-92.67491	LAX_LV_ENDOCARDIAL	7	1.0	14
43.14791	-14.52594	-90.23867	LAX_LV_ENDOCARDIAL	7	1.0	14
42.92640	-12.92465	-87.93716	LAX_LV_ENDOCARDIAL	7	1.0	14
44.10467	-11.32336	-85.50093	LAX_LV_ENDOCARDIAL	7	1.0	14
43.88316	-9.72207	-83.19941	LAX_LV_ENDOCARDIAL	7	1.0	14
45.06143	-8.12078	-80.76318	LAX_LV_ENDOCARDIAL	7	1.0	14
44.83991	-6.51949	-78.46167	LAX_LV_ENDOCARDIAL	7	1.0	14
46.01818	-4.91819	-76.02543	LAX_LV_ENDOCARDIAL	7	1.0	14
47.19645	-3.31690	-73.58920	LAX_LV_ENDOCARDIAL	7	1.0	14
46.97494	-1.71561	-71.28769	LAX_LV_ENDOCARDIAL	7	1.0	14
48.15320	-0.11432	-68.85145	LAX_LV_ENDOCARDIAL	7	1.0	14
47.93169	1.48697	-66.54994	LAX_LV_ENDOCARDIAL	7	1.0	14
47.71018	3.08826	-64.24843	LAX_LV_ENDOCARDIAL	7	1.0	14
47.48866	4.68955	-61.94692	LAX_LV_ENDOCARDIAL	7	1.0	14
47.26715	6.29084	-59.64541	LAX_LV_ENDOCARDIAL	7	1.0	14
47.04564	7.89213	-57.34390	LAX_LV_ENDOCARDIAL	7	1.0	14
46.82413	9.49343	-55.04239	LAX_LV_ENDOCARDIAL	7	1.0	14
46.60261	11.09472	-52.74087	LAX_LV_ENDOCARDIAL	7	1.0	14
44.98132	12.69601	-50.57409	LAX_LV_ENDOCARDIAL	7	1.0	14
44.75980	14.29730	-48.27258	LAX_LV_ENDOCARDIAL	7	1.0	14
43.13851	15.89859	-46.10579	LAX_LV_ENDOCARDIAL	7	1.0	14
41.51722	17.49988	-43.93900	LAX_LV_ENDOCARDIAL	7	1.0	14
41.29570	19.10117	-41.63749	LAX_LV_ENDOCARDIAL	7	1.0	14
41.07419	20.70247	-39.33598	LAX_LV_ENDOCARDIAL	7	1.0	14
39.45290	22.30376	-37.16920	LAX_LV_ENDOCARDIAL	7	1.0	14
36.43182	23.90505	-35.13713	LAX_LV_ENDOCARDIAL	7	1.0	14
34.81053	25.50634	-32.97035	LAX_LV_ENDOCARDIAL	7	1.0	14
31.78945	27.10763	-30.93829	LAX_LV_ENDOCARDIAL	7	1.0	14
28.76837	28.70893	-28.90623	LAX_LV_ENDOCARDIAL	7	1.0	14
25.85806	29.50957	-28.02492	LAX_LV_ENDOCARDIAL	7	1.0	14
22.94774	30.31022	-27.14361	LAX_LV_ENDOCARDIAL	7	1.0	14
19.92666	31.91151	-25.11155	LAX_LV_ENDOCARDIAL	7	1.0	14
16.90559	33.51280	-23.07949	LAX_LV_ENDOCARDIAL	7	1.0	14
15.28429	35.11409	-20.91270	LAX_LV_ENDOCARDIAL	7	1.0	14
-57.49493	4.68958	-72.05127	LAX_RV_EPICARDIAL	7	1.0	14
-60.40525	5.49023	-71.16996	LAX_RV_EPICARDIAL	7	1.0	14
-62.98330	3.88894	-73.74092	LAX_RV_EPICARDIAL	7	1.0	14
-64.16157	2.28765	-76.17716	LAX_RV_EPICARDIAL	7	1.0	14
-63.94005	0.68636	-78.47867	LAX_RV_EPICARDIAL	7	1.0	14
-63.71854	-0.91494	-80.78018	LAX_RV_EPICARDIAL	7	1.0	14
-62.09725	-2.51623	-82.94696	LAX_RV_EPICARDIAL	7	1.0	14
-60.47595	-4.11752	-85.11375	LAX_RV_EPICARDIAL	7	1.0	14
-58.85466	-5.71881	-87.28054	LAX_RV_EPICARDIAL	7	1.0	14
-57.23336	-7.32010	-89.44732	LAX_RV_EPICARDIAL	7	1.0	14
-55.61207	-8.92139	-91.61411	LAX_RV_EPICARDIAL	7	1.0	14
-52.59099	-10.52269	-93.64617	LAX_RV_EPICARDIAL	7	1.0	14
-49.56992	-12.12398	-95.67823	LAX_RV_EPICARDIAL	7	1.0	14
-46.54884	-13.72527	-97.71029	LAX_RV_EPICARDIAL	7	1.0	14
-43.63852	-14.52592	-98.59160	LAX_RV_EPICARDIAL	7	1.0	14
-40.72820	-15.32656	-99.47291	LAX_RV_EPICARDIAL	7	1.0	14
-37.81788	-16.12721	-100.35421	LAX_RV_EPICARDIAL	7	1.0	14
-34.90757	-16.92786	-101.23552	LAX_RV_EPICARDIAL	7	1.0	14
-31.99725	-17.72850	-102.11683	LAX_RV_EPICARDIAL	7	1.0	14
-29.08693	-18.52915	-102.99813	LAX_RV_EPICARDIAL	7	1.0	14
-26.17661	-19.32979	-103.87944	LAX_RV_EPICARDIAL	7	1.0	14
-23.26629	-20.13044	-104.76074	LAX_RV_EPICARDIAL	7	1.0	14
-20.35597	-20.93109	-105.64205	LAX_RV_EPICARDIAL	7	1.0	14
-17.44565	-21.73173	-106.52336	LAX_RV_EPICARDIAL	7	1.0	14
-14.53533	-22.53238	-107.40466	LAX_RV_EPICARDIAL	7	1.0	14
-11.62501	-23.33303	-108.28597	LAX_RV_EPICARDIAL	7	1.0	14
-8.71469	-24.13367	-109.16727	LAX_RV_EPICARDIAL	7	1.0	14
-5.91513	-24.13367	-108.89783	LAX_RV_EPICARDIAL	7	1.0	14
-3.00481	-24.93432	-109.77913	LAX_RV_EPICARDIAL	7	1.0	14
-0.20525	-24.93432	-109.50968	LAX_RV_EPICARDIAL	7	1.0	14
2.59431	-24.93432	-109.24023	LAX_RV_EPICARDIAL	7	1.0	14
5.39387	-24.93432	-108.97078	LAX_RV_EPICARDIAL	7	1.0	14
8.30419	-25.73497	-109.85209	LAX_RV_EPICARDIAL	7	1.0	14
11.10376	-25.73497	-109.58264	LAX_RV_EPICARDIAL	7	1.0	14
13.90332	-25.73497	-109.31319	LAX_RV_EPICARDIAL	7	1.0	14
16.81364	-26.53562	-110.19450	LAX_RV_EPICARDIAL	7	1.0	14
19.61320	-26.53562	-109.92505	LAX_RV_EPICARDIAL	7	1.0	14
22.30201	-25.73497	-108.50484	LAX_RV_EPICARDIAL	7	1.0	14
24.99081	-24.93433	-107.08464	LAX_RV_EPICARDIAL	7	1.0	14
26.27984	-24.13368	-105.79916	LAX_RV_EPICARDIAL	7	1.0	14
27.45811	-22.53239	-103.36292	LAX_RV_EPICARDIAL	7	1.0	14
12.26322	36.71539	-18.88064	MITRAL_VALVE	7	1.0	14
-21.18072	25.50636	-38.35933	MITRAL_VALVE	7	1.0	14
-57.60569	5.49023	-70.90051	TRICUSPID_VALVE	7	1.0	14
-25.11850	13.49667	-56.15957	TRICUSPID_VALVE	7	1.0	14
39.83462	-20.93110	-99.84889	APEX_POINT	7	1.0	14
-10.69615	-17.18623	-3.95481	LAX_RV_FREEWALL	11	1.0	14
-10.31784	-17.17635	-6.74174	LAX_RV_FREEWALL	11	1.0	14
-9.85411	-18.57011	-9.52204	LAX_RV_FREEWALL	11	1.0	14
-9.39038	-19.96387	-12.30234	LAX_RV_FREEWALL	11	1.0	14
-9.01207	-19.95399	-15.08927	LAX_RV_FREEWALL	11	1.0	14
-8.54834	-21.34775	-17.86957	LAX_RV_FREEWALL	11	1.0	14
-8.17003	-21.33787	-20.65649	LAX_RV_FREEWALL	11	1.0	14
-7.70630	-22.73163	-23.43680	LAX_RV_FREEWALL	11	1.0	14
-7.32799	-22.72175	-26.22372	LAX_RV_FREEWALL	11	1.0	14
-6.94968	-22.71188	-29.01064	LAX_RV_FREEWALL	11	1.0	14
-6.48595	-24.10563	-31.79095	LAX_RV_FREEWALL	11	1.0	14
-6.10764	-24.09576	-34.57787	LAX_RV_FREEWALL	11	1.0	14
-5.72932	-24.08588	-37.36479	LAX_RV_FREEWALL	11	1.0	14
-5.35101	-24.07600	-40.15172	LAX_RV_FREEWALL	11	1.0	14
-4.97270	-24.06612	-42.93864	LAX_RV_FREEWALL	11	1.0	14
-4.50897	-25.45988	-45.71894	LAX_RV_FREEWALL	11	1.0	14
-4.13066	-25.45000	-48.50587	LAX_RV_FREEWALL	11	1.0	14
-3.75235	-25.44012	-51.29279	LAX_RV_FREEWALL	11	1.0	14
-3.37404	-25.43024	-54.07971	LAX_RV_FREEWALL	11	1.0	14
-2.99572	-25.42036	-56.86664	LAX_RV_FREEWALL	11	1.0	14
-2.53200	-26.81412	-59.64694	LAX_RV_FREEWALL	11	1.0	14
-2.15368	-26.80425	-62.43386	LAX_RV_FREEWALL	11	1.0	14
-1.77537	-26.79437	-65.22079	LAX_RV_FREEWALL	11	1.0	14
-1.31164	-28.18813	-68.00109	LAX_RV_FREEWALL	11	1.0	14
-0.93333	-28.17825	-70.78801	LAX_RV_FREEWALL	11	1.0	14
-0.64043	-26.76473	-73.58155	LAX_RV_FREEWALL	11	1.0	14
-0.34754	-25.35121	-76.37510	LAX_RV_FREEWALL	11	1.0	14
0.11619	-26.74497	-79.15540	LAX_RV_FREEWALL	11	1.0	14
0.49450	-26.73509	-81.94232	LAX_RV_FREEWALL	11	1.0	14
0.87281	-26.72521	-84.72925	LAX_RV_FREEWALL	11	1.0	14
1.25113	-26.71534	-87.51617	LAX_RV_FREEWALL	11	1.0	14
1.62944	-26.70546	-90.30309	LAX_RV_FREEWALL	11	1.0	14
2.00775	-26.69558	-93.09002	LAX_RV_FREEWALL	11	1.0	14
2.38606	-26.68570	-95.87694	LAX_RV_FREEWALL	11	1.0	14
2.76438	-26.67582	-98.66386	LAX_RV_FREEWALL	11	1.0	14
3.14269	-26.66594	-101.45079	LAX_RV_FREEWALL	11	1.0	14
3.52100	-26.65606	-104.23771	LAX_RV_FREEWALL	11	1.0	14
3.81390	-25.24255	-107.03125	LAX_RV_FREEWALL	11	1.0	14
3.83222	-22.43033	-108.43795	LAX_RV_FREEWALL	11	1.0	14
3.66139	-19.62305	-108.45119	LAX_RV_FREEWALL	11	1.0	14
3.30140	-16.82071	-107.07097	LAX_RV_FREEWALL	11	1.0	14
2.94141	-14.01838	-105.69074	LAX_RV_FREEWALL	11	1.0	14
2.58142	-11.21604	-104.31052	LAX_RV_FREEWALL	11	1.0	14
2.22144	-8.41370	-102.93030	LAX_RV_FREEWALL	11	1.0	14
1.86145	-5.61136	-101.55008	LAX_RV_FREEWALL	11	1.0	14
1.31231	-2.81396	-98.77639	LAX_RV_FREEWALL	11	1.0	14
0.95232	-0.01163	-97.39617	LAX_RV_FREEWALL	11	1.0	14
0.48859	1.38213	-94.61587	LAX_RV_FREEWALL	11	1.0	14
-0.06055	4.17953	-91.84218	LAX_RV_FREEWALL	11	1.0	14
-0.60970	6.97693	-89.06850	LAX_RV_FREEWALL	11	1.0	14
-0.71344	5.56835	-87.66842	LAX_RV_FREEWALL	11	1.0	14
-0.73176	2.75613	-86.26172	LAX_RV_SEPTUM	11	1.0	14
-0.75009	-0.05608	-84.85502	LAX_RV_SEPTUM	11	1.0	14
-0.76841	-2.86830	-83.44831	LAX_RV_SEPTUM	11	1.0	14
-0.97589	-5.68545	-80.64815	LAX_RV_SEPTUM	11	1.0	14
-0.99422	-8.49767	-79.24145	LAX_RV_SEPTUM	11	1.0	14
-1.20170	-11.31483	-76.44129	LAX_RV_SEPTUM	11	1.0	14
-1.49459	-12.72834	-73.64775	LAX_RV_SEPTUM	11	1.0	14
-1.87291	-12.73822	-70.86083	LAX_RV_SEPTUM	11	1.0	14
-2.16580	-14.15174	-68.06728	LAX_RV_SEPTUM	11	1.0	14
-2.54411	-14.16162	-65.28036	LAX_RV_SEPTUM	11	1.0	14
-2.92243	-14.17150	-62.49344	LAX_RV_SEPTUM	11	1.0	14
-3.30074	-14.18138	-59.70651	LAX_RV_SEPTUM	11	1.0	14
-3.59363	-15.59489	-56.91297	LAX_RV_SEPTUM	11	1.0	14
-3.97195	-15.60477	-54.12605	LAX_RV_SEPTUM	11	1.0	14
-4.35026	-15.61465	-51.33912	LAX_RV_SEPTUM	11	1.0	14
-4.72857	-15.62453	-48.55220	LAX_RV_SEPTUM	11	1.0	14
-5.19230	-14.23077	-45.77190	LAX_RV_SEPTUM	11	1.0	14
-5.57061	-14.24065	-42.98497	LAX_RV_SEPTUM	11	1.0	14
-6.03434	-12.84689	-40.20467	LAX_RV_SEPTUM	11	1.0	14
-6.49807	-11.45313	-37.42437	LAX_RV_SEPTUM	11	1.0	14
-6.96180	-10.05937	-34.64406	LAX_RV_SEPTUM	11	1.0	14
-7.34011	-10.06925	-31.85714	LAX_RV_SEPTUM	11	1.0	14
-7.80384	-8.67549	-29.07684	LAX_RV_SEPTUM	11	1.0	14
-8.26756	-7.28173	-26.29653	LAX_RV_SEPTUM	11	1.0	14
-8.64588	-7.29161	-23.50961	LAX_RV_SEPTUM	11	1.0	14
-9.10960	-5.89785	-20.72931	LAX_RV_SEPTUM	11	1.0	14
-9.57333	-4.50409	-17.94900	LAX_RV_SEPTUM	11	1.0	14
-10.03706	-3.11033	-15.16870	LAX_RV_SEPTUM	11	1.0	14
-10.50079	-1.71657	-12.38839	LAX_RV_SEPTUM	11	1.0	14
-10.79989	-18.59481	-2.55473	LAX_RV_EPICARDIAL	11	1.0	14
-10.33616	-19.98857	-5.33503	LAX_RV_EPICARDIAL	11	1.0	14
-9.87243	-21.38233	-8.11534	LAX_RV_EPICARDIAL	11	1.0	14
-9.40871	-22.77609	-10.89564	LAX_RV_EPICARDIAL	11	1.0	14
-8.94498	-24.16985	-13.67595	LAX_RV_EPICARDIAL	11	1.0	14
-8.56667	-24.15997	-16.46287	LAX_RV_EPICARDIAL	11	1.0	14
-8.10294	-25.55373	-19.24317	LAX_RV_EPICARDIAL	11	1.0	14
-7.72463	-25.54385	-22.03010	LAX_RV_EPICARDIAL	11	1.0	14
-7.26090	-26.93761	-24.81040	LAX_RV_EPICARDIAL	11	1.0	14
-6.88259	-26.92773	-27.59732	LAX_RV_EPICARDIAL	11	1.0	14
-6.50427	-26.91785	-30.38425	LAX_RV_EPICARDIAL	11	1.0	14
-6.12596	-26.90797	-33.17117	LAX_RV_EPICARDIAL	11	1.0	14
-5.74765	-26.89809	-35.95809	LAX_RV_EPICARDIAL	11	1.0	14
-5.36934	-26.88822	-38.74502	LAX_RV_EPICARDIAL	11	1.0	14
-4.99102	-26.87834	-41.53194	LAX_RV_EPICARDIAL	11	1.0	14
-4.61271	-26.86846	-44.31886	LAX_RV_EPICARDIAL	11	1.0	14
-4.23440	-26.85858	-47.10578	LAX_RV_EPICARDIAL	11	1.0	14
-3.85609	-26.84870	-49.89271	LAX_RV_EPICARDIAL	11	1.0	14
-3.39236	-28.24246	-52.67301	LAX_RV_EPICARDIAL	11	1.0	14
-3.01405	-28.23258	-55.45993	LAX_RV_EPICARDIAL	11	1.0	14
-2.63574	-28.22270	-58.24686	LAX_RV_EPICARDIAL	11	1.0	14
-2.17201	-29.61646	-61.02716	LAX_RV_EPICARDIAL	11	1.0	14
-1.79370	-29.60658	-63.81408	LAX_RV_EPICARDIAL	11	1.0	14
-1.41538	-29.59670	-66.60101	LAX_RV_EPICARDIAL	11	1.0	14
-0.95165	-30.99046	-69.38131	LAX_RV_EPICARDIAL	11	1.0	14
-0.57334	-30.98059	-72.16823	LAX_RV_EPICARDIAL	11	1.0	14
-0.28045	-29.56707	-74.96178	LAX_RV_EPICARDIAL	11	1.0	14
0.09787	-29.55719	-77.74870	LAX_RV_EPICARDIAL	11	1.0	14
0.47618	-29.54731	-80.53562	LAX_RV_EPICARDIAL	11	1.0	14
0.85449	-29.53743	-83.32255	LAX_RV_EPICARDIAL	11	1.0	14
1.23280	-29.52755	-86.10947	LAX_RV_EPICARDIAL	11	1.0	14
1.61111	-29.51767	-88.89639	LAX_RV_EPICARDIAL	11	1.0	14
1.98943	-29.50780	-91.68332	LAX_RV_EPICARDIAL	11	1.0	14
2.36774	-29.49792	-94.47024	LAX_RV_EPICARDIAL	11	1.0	14
2.74605	-29.48804	-97.25716	LAX_RV_EPICARDIAL	11	1.0	14
3.12436	-29.47816	-100.04409	LAX_RV_EPICARDIAL	11	1.0	14
3.50268	-29.46828	-102.83101	LAX_RV_EPICARDIAL	11	1.0	14
3.79557	-28.05476	-105.62455	LAX_RV_EPICARDIAL	11	1.0	14
4.08847	-26.64125	-108.41809	LAX_RV_EPICARDIAL	11	1.0	14
4.38136	-25.22773	-111.21164	LAX_RV_EPICARDIAL	11	1.0	14
4.39969	-22.41551	-112.61834	LAX_RV_EPICARDIAL	11	1.0	14
4.22886	-19.60823	-112.63158	LAX_RV_EPICARDIAL	11	1.0	14
3.86887	-16.80590	-111.25135	LAX_RV_EPICARDIAL	11	1.0	14
3.69804	-13.99862	-111.26459	LAX_RV_EPICARDIAL	11	1.0	14
3.33805	-11.19628	-109.88437	LAX_RV_EPICARDIAL	11	1.0	14
2.78891	-8.39888	-107.11068	LAX_RV_EPICARDIAL	11	1.0	14
2.42892	-5.59655	-105.73046	LAX_RV_EPICARDIAL	11	1.0	14
2.06893	-2.79421	-104.35024	LAX_RV_EPICARDIAL	11	1.0	14
1.70894	0.00813	-102.97002	LAX_RV_EPICARDIAL	11	1.0	14
1.34895	2.81047	-101.58979	LAX_RV_EPICARDIAL	11	1.0	14
0.88523	4.20423	-98.80949	LAX_RV_EPICARDIAL	11	1.0	14
0.33608	7.00163	-96.03580	LAX_RV_EPICARDIAL	11	1.0	14
-0.21306	9.79902	-93.26212	LAX_RV_EPICARDIAL	11	1.0	14
-0.76221	12.59642	-90.48844	LAX_RV_EPICARDIAL	11	1.0	14
-1.14052	12.58654	-87.70151	LAX_RV_EPICARDIAL	11	1.0	14
-0.96969	9.77927	-87.68827	LAX_RV_EPICARDIAL	11	1.0	14
-0.79886	6.97199	-87.67504	LAX_RV_EPICARDIAL	11	1.0	14
-11.24529	-14.38883	-1.18113	PULMONARY_VALVE	11	1.0	14
-10.96452	-0.32281	-9.60809	PULMONARY_VALVE	11	1.0	14
