x	y	z	contour type	frameID	weight	time frame
-22.72526	-25.27686	-43.08254	SAX_RV_FREEWALL	3	1.0	11
-24.42183	-24.17210	-45.48854	SAX_RV_FREEWALL	3	1.0	11
-26.64951	-24.17210	-47.20538	SAX_RV_FREEWALL	3	1.0	11
-28.87720	-24.17210	-48.92223	SAX_RV_FREEWALL	3	1.0	11
-30.57377	-23.06734	-51.32823	SAX_RV_FREEWALL	3	1.0	11
-32.80146	-23.06734	-53.04508	SAX_RV_FREEWALL	3	1.0	11
-35.02915	-23.06734	-54.76192	SAX_RV_FREEWALL	3	1.0	11
-36.72571	-21.96257	-57.16793	SAX_RV_FREEWALL	3	1.0	11
-38.95340	-21.96258	-58.88477	SAX_RV_FREEWALL	3	1.0	11
-40.64997	-20.85781	-61.29077	SAX_RV_FREEWALL	3	1.0	11
-42.34654	-19.75304	-63.69678	SAX_RV_FREEWALL	3	1.0	11
-44.57423	-19.75305	-65.41362	SAX_RV_FREEWALL	3	1.0	11
-46.27079	-18.64828	-67.81962	SAX_RV_FREEWALL	3	1.0	11
-47.43624	-16.43875	-70.91478	SAX_RV_FREEWALL	3	1.0	11
-47.48784	-14.22921	-73.15152	SAX_RV_FREEWALL	3	1.0	11
-47.53945	-12.01968	-75.38826	SAX_RV_FREEWALL	3	1.0	11
-46.47720	-9.81014	-76.76657	SAX_RV_FREEWALL	3	1.0	11
-44.30112	-7.60060	-77.28646	SAX_RV_FREEWALL	3	1.0	11
-42.12503	-5.39106	-77.80635	SAX_RV_FREEWALL	3	1.0	11
-39.94895	-3.18153	-78.32624	SAX_RV_FREEWALL	3	1.0	11
-37.77286	-0.97199	-78.84613	SAX_RV_FREEWALL	3	1.0	11
-34.48293	1.23755	-78.50760	SAX_RV_FREEWALL	3	1.0	11
-32.30684	3.44709	-79.02749	SAX_RV_FREEWALL	3	1.0	11
-29.01691	5.65663	-78.68896	SAX_RV_FREEWALL	3	1.0	11
-25.72698	7.86617	-78.35043	SAX_RV_FREEWALL	3	1.0	11
-22.96817	8.97094	-77.32274	SAX_RV_FREEWALL	3	1.0	11
-20.20936	10.07571	-76.29505	SAX_RV_FREEWALL	3	1.0	11
-17.45055	11.18048	-75.26736	SAX_RV_FREEWALL	3	1.0	11
-15.22287	11.18048	-73.55051	SAX_RV_FREEWALL	3	1.0	11
8.25597	-16.43869	-27.99364	SAX_RV_FREEWALL	3	1.0	11
5.49716	-17.54346	-29.02133	SAX_RV_FREEWALL	3	1.0	11
2.73835	-18.64823	-30.04902	SAX_RV_FREEWALL	3	1.0	11
-0.02046	-19.75300	-31.07671	SAX_RV_FREEWALL	3	1.0	11
-2.77927	-20.85777	-32.10440	SAX_RV_FREEWALL	3	1.0	11
-5.53808	-21.96254	-33.13209	SAX_RV_FREEWALL	3	1.0	11
-8.29689	-23.06731	-34.15978	SAX_RV_FREEWALL	3	1.0	11
-11.05570	-24.17208	-35.18746	SAX_RV_FREEWALL	3	1.0	11
-13.81450	-25.27685	-36.21515	SAX_RV_FREEWALL	3	1.0	11
-16.04219	-25.27686	-37.93200	SAX_RV_FREEWALL	3	1.0	11
-18.26988	-25.27686	-39.64884	SAX_RV_FREEWALL	3	1.0	11
-20.49757	-25.27686	-41.36569	SAX_RV_FREEWALL	3	1.0	11
-23.73590	-29.69594	-39.46749	SAX_RV_EPICARDIAL	3	1.0	11
-25.43247	-28.59117	-41.87349	SAX_RV_EPICARDIAL	3	1.0	11
-27.66015	-28.59117	-43.59033	SAX_RV_EPICARDIAL	3	1.0	11
-29.88784	-28.59117	-45.30718	SAX_RV_EPICARDIAL	3	1.0	11
-31.58441	-27.48641	-47.71318	SAX_RV_EPICARDIAL	3	1.0	11
-33.81210	-27.48641	-49.43003	SAX_RV_EPICARDIAL	3	1.0	11
-36.03979	-27.48641	-51.14687	SAX_RV_EPICARDIAL	3	1.0	11
-37.73635	-26.38165	-53.55288	SAX_RV_EPICARDIAL	3	1.0	11
-39.96404	-26.38165	-55.26972	SAX_RV_EPICARDIAL	3	1.0	11
-42.19173	-26.38165	-56.98657	SAX_RV_EPICARDIAL	3	1.0	11
-43.88830	-25.27688	-59.39257	SAX_RV_EPICARDIAL	3	1.0	11
-46.11599	-25.27689	-61.10941	SAX_RV_EPICARDIAL	3	1.0	11
-47.81255	-24.17212	-63.51542	SAX_RV_EPICARDIAL	3	1.0	11
-48.97800	-21.96259	-66.61058	SAX_RV_EPICARDIAL	3	1.0	11
-50.67457	-20.85782	-69.01658	SAX_RV_EPICARDIAL	3	1.0	11
-51.84002	-18.64829	-72.11174	SAX_RV_EPICARDIAL	3	1.0	11
-51.89162	-16.43875	-74.34847	SAX_RV_EPICARDIAL	3	1.0	11
-51.94322	-14.22922	-76.58521	SAX_RV_EPICARDIAL	3	1.0	11
-50.88098	-12.01968	-77.96352	SAX_RV_EPICARDIAL	3	1.0	11
-49.81874	-9.81014	-79.34184	SAX_RV_EPICARDIAL	3	1.0	11
-48.75649	-7.60061	-80.72015	SAX_RV_EPICARDIAL	3	1.0	11
-46.58041	-5.39107	-81.24004	SAX_RV_EPICARDIAL	3	1.0	11
-45.51817	-3.18153	-82.61835	SAX_RV_EPICARDIAL	3	1.0	11
-43.34208	-0.97199	-83.13825	SAX_RV_EPICARDIAL	3	1.0	11
-40.05215	1.23755	-82.79971	SAX_RV_EPICARDIAL	3	1.0	11
-36.76222	3.44708	-82.46118	SAX_RV_EPICARDIAL	3	1.0	11
-33.47229	5.65662	-82.12265	SAX_RV_EPICARDIAL	3	1.0	11
-30.18236	7.86616	-81.78412	SAX_RV_EPICARDIAL	3	1.0	11
-26.89243	10.07570	-81.44558	SAX_RV_EPICARDIAL	3	1.0	11
-23.60250	12.28524	-81.10705	SAX_RV_EPICARDIAL	3	1.0	11
-20.31257	14.49478	-80.76852	SAX_RV_EPICARDIAL	3	1.0	11
-17.55376	15.59955	-79.74083	SAX_RV_EPICARDIAL	3	1.0	11
-15.32607	15.59955	-78.02399	SAX_RV_EPICARDIAL	3	1.0	11
-12.56726	16.70432	-76.99630	SAX_RV_EPICARDIAL	3	1.0	11
-12.46406	12.28525	-72.52282	SAX_RV_EPICARDIAL	3	1.0	11
12.07702	-13.12438	-28.34427	SAX_RV_EPICARDIAL	3	1.0	11
14.30471	-13.12438	-26.62742	SAX_RV_EPICARDIAL	3	1.0	11
16.53240	-13.12438	-24.91058	SAX_RV_EPICARDIAL	3	1.0	11
14.35631	-15.33392	-24.39068	SAX_RV_EPICARDIAL	3	1.0	11
11.06638	-17.54346	-24.72922	SAX_RV_EPICARDIAL	3	1.0	11
8.30757	-18.64823	-25.75691	SAX_RV_EPICARDIAL	3	1.0	11
5.01764	-20.85776	-26.09544	SAX_RV_EPICARDIAL	3	1.0	11
2.25883	-21.96254	-27.12313	SAX_RV_EPICARDIAL	3	1.0	11
-0.49998	-23.06731	-28.15082	SAX_RV_EPICARDIAL	3	1.0	11
-3.25879	-24.17208	-29.17850	SAX_RV_EPICARDIAL	3	1.0	11
-6.54872	-26.38162	-29.51704	SAX_RV_EPICARDIAL	3	1.0	11
-9.30753	-27.48639	-30.54473	SAX_RV_EPICARDIAL	3	1.0	11
-12.06634	-28.59116	-31.57241	SAX_RV_EPICARDIAL	3	1.0	11
-14.29402	-28.59116	-33.28926	SAX_RV_EPICARDIAL	3	1.0	11
-17.05283	-29.69593	-34.31695	SAX_RV_EPICARDIAL	3	1.0	11
-19.28052	-29.69593	-36.03379	SAX_RV_EPICARDIAL	3	1.0	11
-21.50821	-29.69593	-37.75064	SAX_RV_EPICARDIAL	3	1.0	11
-13.52630	10.07571	-71.14451	SAX_RV_SEPTUM	3	1.0	11
-12.36085	7.86618	-68.04935	SAX_RV_SEPTUM	3	1.0	11
-12.30925	5.65664	-65.81262	SAX_RV_SEPTUM	3	1.0	11
-12.25765	3.44711	-63.57588	SAX_RV_SEPTUM	3	1.0	11
-12.20604	1.23757	-61.33914	SAX_RV_SEPTUM	3	1.0	11
-12.15444	-0.97196	-59.10241	SAX_RV_SEPTUM	3	1.0	11
-10.98900	-3.18150	-56.00725	SAX_RV_SEPTUM	3	1.0	11
-10.93739	-5.39103	-53.77051	SAX_RV_SEPTUM	3	1.0	11
-9.77195	-7.60057	-50.67535	SAX_RV_SEPTUM	3	1.0	11
-8.07538	-8.70533	-48.26935	SAX_RV_SEPTUM	3	1.0	11
-6.90993	-10.91487	-45.17419	SAX_RV_SEPTUM	3	1.0	11
-5.21337	-12.01963	-42.76819	SAX_RV_SEPTUM	3	1.0	11
-3.51680	-13.12440	-40.36219	SAX_RV_SEPTUM	3	1.0	11
-1.28911	-13.12440	-38.64534	SAX_RV_SEPTUM	3	1.0	11
0.93858	-13.12439	-36.92849	SAX_RV_SEPTUM	3	1.0	11
3.16627	-13.12439	-35.21165	SAX_RV_SEPTUM	3	1.0	11
5.39396	-13.12439	-33.49480	SAX_RV_SEPTUM	3	1.0	11
7.09052	-14.22916	-31.08880	SAX_RV_SEPTUM	3	1.0	11
9.84933	-13.12439	-30.06111	SAX_RV_SEPTUM	3	1.0	11
12.07702	-13.12438	-28.34427	SAX_RV_SEPTUM	3	1.0	11
11.54590	-14.22915	-27.65511	SAX_RV_SEPTUM	3	1.0	11
-10.28797	14.49479	-73.04271	SAX_LV_EPICARDIAL	3	1.0	11
-9.22573	16.70432	-74.42103	SAX_LV_EPICARDIAL	3	1.0	11
-8.16349	18.91386	-75.79934	SAX_LV_EPICARDIAL	3	1.0	11
-5.98740	21.12340	-76.31923	SAX_LV_EPICARDIAL	3	1.0	11
-3.81131	23.33294	-76.83912	SAX_LV_EPICARDIAL	3	1.0	11
-1.63523	25.54247	-77.35901	SAX_LV_EPICARDIAL	3	1.0	11
0.54086	27.75201	-77.87890	SAX_LV_EPICARDIAL	3	1.0	11
3.83079	29.96155	-77.54037	SAX_LV_EPICARDIAL	3	1.0	11
7.12072	32.17109	-77.20184	SAX_LV_EPICARDIAL	3	1.0	11
10.41065	34.38063	-76.86331	SAX_LV_EPICARDIAL	3	1.0	11
13.16946	35.48540	-75.83562	SAX_LV_EPICARDIAL	3	1.0	11
15.92827	36.59017	-74.80793	SAX_LV_EPICARDIAL	3	1.0	11
18.68708	37.69494	-73.78024	SAX_LV_EPICARDIAL	3	1.0	11
21.44589	38.79971	-72.75255	SAX_LV_EPICARDIAL	3	1.0	11
23.67357	38.79971	-71.03571	SAX_LV_EPICARDIAL	3	1.0	11
25.90126	38.79971	-69.31886	SAX_LV_EPICARDIAL	3	1.0	11
28.66007	39.90449	-68.29117	SAX_LV_EPICARDIAL	3	1.0	11
30.88776	39.90449	-66.57433	SAX_LV_EPICARDIAL	3	1.0	11
33.11545	39.90449	-64.85748	SAX_LV_EPICARDIAL	3	1.0	11
35.34314	39.90449	-63.14063	SAX_LV_EPICARDIAL	3	1.0	11
37.03971	38.79973	-60.73463	SAX_LV_EPICARDIAL	3	1.0	11
39.26739	38.79973	-59.01779	SAX_LV_EPICARDIAL	3	1.0	11
40.96396	37.69496	-56.61178	SAX_LV_EPICARDIAL	3	1.0	11
42.66053	36.59020	-54.20578	SAX_LV_EPICARDIAL	3	1.0	11
44.35710	35.48543	-51.79978	SAX_LV_EPICARDIAL	3	1.0	11
45.52254	33.27590	-48.70462	SAX_LV_EPICARDIAL	3	1.0	11
45.57415	31.06636	-46.46788	SAX_LV_EPICARDIAL	3	1.0	11
46.73959	28.85683	-43.37273	SAX_LV_EPICARDIAL	3	1.0	11
46.79119	26.64729	-41.13599	SAX_LV_EPICARDIAL	3	1.0	11
46.84280	24.43775	-38.89925	SAX_LV_EPICARDIAL	3	1.0	11
45.78055	22.22822	-37.52094	SAX_LV_EPICARDIAL	3	1.0	11
45.83216	20.01868	-35.28420	SAX_LV_EPICARDIAL	3	1.0	11
44.76992	17.80915	-33.90589	SAX_LV_EPICARDIAL	3	1.0	11
44.82152	15.59961	-31.66915	SAX_LV_EPICARDIAL	3	1.0	11
43.75928	13.39007	-30.29084	SAX_LV_EPICARDIAL	3	1.0	11
42.69703	11.18054	-28.91253	SAX_LV_EPICARDIAL	3	1.0	11
41.63479	8.97100	-27.53421	SAX_LV_EPICARDIAL	3	1.0	11
40.57255	6.76146	-26.15590	SAX_LV_EPICARDIAL	3	1.0	11
38.39646	4.55193	-25.63601	SAX_LV_EPICARDIAL	3	1.0	11
37.33422	2.34239	-24.25770	SAX_LV_EPICARDIAL	3	1.0	11
35.15814	0.13285	-23.73780	SAX_LV_EPICARDIAL	3	1.0	11
32.98205	-2.07669	-23.21791	SAX_LV_EPICARDIAL	3	1.0	11
29.69212	-4.28622	-23.55645	SAX_LV_EPICARDIAL	3	1.0	11
26.40219	-6.49576	-23.89498	SAX_LV_EPICARDIAL	3	1.0	11
23.11226	-8.70530	-24.23351	SAX_LV_EPICARDIAL	3	1.0	11
20.35345	-9.81007	-25.26120	SAX_LV_EPICARDIAL	3	1.0	11
17.59464	-10.91484	-26.28889	SAX_LV_EPICARDIAL	3	1.0	11
13.51558	-3.18147	-37.12195	SAX_LV_ENDOCARDIAL	3	1.0	11
11.81901	-2.07671	-39.52795	SAX_LV_ENDOCARDIAL	3	1.0	11
9.59132	-2.07671	-41.24479	SAX_LV_ENDOCARDIAL	3	1.0	11
7.36363	-2.07671	-42.96164	SAX_LV_ENDOCARDIAL	3	1.0	11
5.66707	-0.97194	-45.36764	SAX_LV_ENDOCARDIAL	3	1.0	11
3.97050	0.13282	-47.77364	SAX_LV_ENDOCARDIAL	3	1.0	11
2.27393	1.23759	-50.17965	SAX_LV_ENDOCARDIAL	3	1.0	11
1.10848	3.44712	-53.27481	SAX_LV_ENDOCARDIAL	3	1.0	11
-0.05696	5.65666	-56.36996	SAX_LV_ENDOCARDIAL	3	1.0	11
-1.22241	7.86619	-59.46512	SAX_LV_ENDOCARDIAL	3	1.0	11
-1.27401	10.07573	-61.70186	SAX_LV_ENDOCARDIAL	3	1.0	11
-0.21177	12.28526	-63.08017	SAX_LV_ENDOCARDIAL	3	1.0	11
0.85047	14.49480	-64.45849	SAX_LV_ENDOCARDIAL	3	1.0	11
1.91271	16.70434	-65.83680	SAX_LV_ENDOCARDIAL	3	1.0	11
2.97496	18.91387	-67.21511	SAX_LV_ENDOCARDIAL	3	1.0	11
5.15104	21.12341	-67.73500	SAX_LV_ENDOCARDIAL	3	1.0	11
7.32713	23.33295	-68.25489	SAX_LV_ENDOCARDIAL	3	1.0	11
10.61706	25.54249	-67.91636	SAX_LV_ENDOCARDIAL	3	1.0	11
13.90699	27.75203	-67.57783	SAX_LV_ENDOCARDIAL	3	1.0	11
16.66580	28.85680	-66.55014	SAX_LV_ENDOCARDIAL	3	1.0	11
18.89349	28.85680	-64.83330	SAX_LV_ENDOCARDIAL	3	1.0	11
21.65230	29.96157	-63.80561	SAX_LV_ENDOCARDIAL	3	1.0	11
23.87998	29.96157	-62.08876	SAX_LV_ENDOCARDIAL	3	1.0	11
26.10767	29.96157	-60.37192	SAX_LV_ENDOCARDIAL	3	1.0	11
28.33536	29.96157	-58.65507	SAX_LV_ENDOCARDIAL	3	1.0	11
30.03193	28.85681	-56.24907	SAX_LV_ENDOCARDIAL	3	1.0	11
31.72850	27.75204	-53.84307	SAX_LV_ENDOCARDIAL	3	1.0	11
33.42506	26.64728	-51.43706	SAX_LV_ENDOCARDIAL	3	1.0	11
35.12163	25.54251	-49.03106	SAX_LV_ENDOCARDIAL	3	1.0	11
35.17323	23.33298	-46.79432	SAX_LV_ENDOCARDIAL	3	1.0	11
36.33868	21.12344	-43.69917	SAX_LV_ENDOCARDIAL	3	1.0	11
36.39028	18.91391	-41.46243	SAX_LV_ENDOCARDIAL	3	1.0	11
36.44188	16.70437	-39.22569	SAX_LV_ENDOCARDIAL	3	1.0	11
36.49349	14.49483	-36.98896	SAX_LV_ENDOCARDIAL	3	1.0	11
35.43125	12.28530	-35.61064	SAX_LV_ENDOCARDIAL	3	1.0	11
34.36900	10.07576	-34.23233	SAX_LV_ENDOCARDIAL	3	1.0	11
33.30676	7.86622	-32.85402	SAX_LV_ENDOCARDIAL	3	1.0	11
32.24452	5.65669	-31.47570	SAX_LV_ENDOCARDIAL	3	1.0	11
30.06843	3.44715	-30.95581	SAX_LV_ENDOCARDIAL	3	1.0	11
27.89235	1.23761	-30.43592	SAX_LV_ENDOCARDIAL	3	1.0	11
24.60242	-0.97193	-30.77445	SAX_LV_ENDOCARDIAL	3	1.0	11
21.84361	-2.07670	-31.80214	SAX_LV_ENDOCARDIAL	3	1.0	11
19.61592	-2.07670	-33.51899	SAX_LV_ENDOCARDIAL	3	1.0	11
17.38823	-2.07670	-35.23583	SAX_LV_ENDOCARDIAL	3	1.0	11
14.62942	-3.18147	-36.26352	SAX_LV_ENDOCARDIAL	3	1.0	11
11.54590	-14.22915	-27.65511	RV_INSERT	3	1.0	11
-15.22287	11.18048	-73.55051	RV_INSERT	3	1.0	11
-28.28932	-30.70404	-70.41816	SAX_RV_FREEWALL	4	1.0	11
-29.98588	-29.59927	-72.82416	SAX_RV_FREEWALL	4	1.0	11
-31.15133	-27.38974	-75.91932	SAX_RV_FREEWALL	4	1.0	11
-32.31678	-25.18020	-79.01448	SAX_RV_FREEWALL	4	1.0	11
-33.48222	-22.97067	-82.10964	SAX_RV_FREEWALL	4	1.0	11
-33.53383	-20.76113	-84.34638	SAX_RV_FREEWALL	4	1.0	11
-32.47158	-18.55160	-85.72469	SAX_RV_FREEWALL	4	1.0	11
-31.40934	-16.34206	-87.10300	SAX_RV_FREEWALL	4	1.0	11
-28.11941	-14.13252	-86.76447	SAX_RV_FREEWALL	4	1.0	11
-25.94333	-11.92298	-87.28436	SAX_RV_FREEWALL	4	1.0	11
-23.76724	-9.71345	-87.80425	SAX_RV_FREEWALL	4	1.0	11
-20.47731	-7.50391	-87.46572	SAX_RV_FREEWALL	4	1.0	11
-17.18738	-5.29437	-87.12719	SAX_RV_FREEWALL	4	1.0	11
-15.01129	-3.08483	-87.64708	SAX_RV_FREEWALL	4	1.0	11
-11.72136	-0.87529	-87.30855	SAX_RV_FREEWALL	4	1.0	11
-8.43143	1.33425	-86.97002	SAX_RV_FREEWALL	4	1.0	11
-5.67262	2.43902	-85.94233	SAX_RV_FREEWALL	4	1.0	11
-2.91381	3.54379	-84.91464	SAX_RV_FREEWALL	4	1.0	11
3.85736	-24.07540	-52.23411	SAX_RV_FREEWALL	4	1.0	11
1.62967	-24.07540	-53.95095	SAX_RV_FREEWALL	4	1.0	11
-0.59802	-24.07540	-55.66780	SAX_RV_FREEWALL	4	1.0	11
-2.82571	-24.07541	-57.38465	SAX_RV_FREEWALL	4	1.0	11
-5.58452	-25.18018	-58.41233	SAX_RV_FREEWALL	4	1.0	11
-8.34333	-26.28495	-59.44002	SAX_RV_FREEWALL	4	1.0	11
-11.10214	-27.38972	-60.46771	SAX_RV_FREEWALL	4	1.0	11
-13.86094	-28.49449	-61.49540	SAX_RV_FREEWALL	4	1.0	11
-16.61975	-29.59926	-62.52309	SAX_RV_FREEWALL	4	1.0	11
-19.37856	-30.70403	-63.55078	SAX_RV_FREEWALL	4	1.0	11
-21.60625	-30.70403	-65.26762	SAX_RV_FREEWALL	4	1.0	11
-23.83394	-30.70403	-66.98447	SAX_RV_FREEWALL	4	1.0	11
-26.06163	-30.70404	-68.70132	SAX_RV_FREEWALL	4	1.0	11
-30.41380	-35.12311	-67.66153	SAX_RV_EPICARDIAL	4	1.0	11
-32.11037	-34.01835	-70.06754	SAX_RV_EPICARDIAL	4	1.0	11
-33.80694	-32.91358	-72.47354	SAX_RV_EPICARDIAL	4	1.0	11
-34.97238	-30.70405	-75.56870	SAX_RV_EPICARDIAL	4	1.0	11
-36.13783	-28.49451	-78.66386	SAX_RV_EPICARDIAL	4	1.0	11
-37.30328	-26.28498	-81.75902	SAX_RV_EPICARDIAL	4	1.0	11
-37.35488	-24.07544	-83.99575	SAX_RV_EPICARDIAL	4	1.0	11
-37.40648	-21.86591	-86.23249	SAX_RV_EPICARDIAL	4	1.0	11
-36.34424	-19.65637	-87.61080	SAX_RV_EPICARDIAL	4	1.0	11
-35.28200	-17.44683	-88.98912	SAX_RV_EPICARDIAL	4	1.0	11
-33.10591	-15.23729	-89.50901	SAX_RV_EPICARDIAL	4	1.0	11
-30.92982	-13.02776	-90.02890	SAX_RV_EPICARDIAL	4	1.0	11
-28.75374	-10.81822	-90.54879	SAX_RV_EPICARDIAL	4	1.0	11
-26.57765	-8.60868	-91.06868	SAX_RV_EPICARDIAL	4	1.0	11
-23.28772	-6.39914	-90.73015	SAX_RV_EPICARDIAL	4	1.0	11
-21.11164	-4.18961	-91.25004	SAX_RV_EPICARDIAL	4	1.0	11
-17.82171	-1.98007	-90.91150	SAX_RV_EPICARDIAL	4	1.0	11
-15.64562	0.22947	-91.43140	SAX_RV_EPICARDIAL	4	1.0	11
-12.35569	2.43901	-91.09286	SAX_RV_EPICARDIAL	4	1.0	11
-9.59688	3.54378	-90.06517	SAX_RV_EPICARDIAL	4	1.0	11
-6.30695	5.75332	-89.72664	SAX_RV_EPICARDIAL	4	1.0	11
-3.54814	6.85809	-88.69895	SAX_RV_EPICARDIAL	4	1.0	11
-0.78933	7.96286	-87.67126	SAX_RV_EPICARDIAL	4	1.0	11
1.43836	7.96286	-85.95442	SAX_RV_EPICARDIAL	4	1.0	11
-0.15501	4.64856	-83.88695	SAX_RV_EPICARDIAL	4	1.0	11
9.37498	-21.86586	-50.17873	SAX_RV_EPICARDIAL	4	1.0	11
8.89546	-25.18016	-47.25284	SAX_RV_EPICARDIAL	4	1.0	11
6.66777	-25.18017	-48.96968	SAX_RV_EPICARDIAL	4	1.0	11
3.90896	-26.28494	-49.99737	SAX_RV_EPICARDIAL	4	1.0	11
1.68127	-26.28494	-51.71422	SAX_RV_EPICARDIAL	4	1.0	11
-0.54642	-26.28494	-53.43106	SAX_RV_EPICARDIAL	4	1.0	11
-3.30523	-27.38971	-54.45875	SAX_RV_EPICARDIAL	4	1.0	11
-6.06404	-28.49448	-55.48644	SAX_RV_EPICARDIAL	4	1.0	11
-8.82284	-29.59925	-56.51413	SAX_RV_EPICARDIAL	4	1.0	11
-12.11277	-31.80879	-56.85266	SAX_RV_EPICARDIAL	4	1.0	11
-14.87158	-32.91356	-57.88035	SAX_RV_EPICARDIAL	4	1.0	11
-17.63039	-34.01833	-58.90804	SAX_RV_EPICARDIAL	4	1.0	11
-19.85808	-34.01833	-60.62489	SAX_RV_EPICARDIAL	4	1.0	11
-22.61689	-35.12310	-61.65257	SAX_RV_EPICARDIAL	4	1.0	11
-24.84458	-35.12311	-63.36942	SAX_RV_EPICARDIAL	4	1.0	11
-27.07227	-35.12311	-65.08627	SAX_RV_EPICARDIAL	4	1.0	11
-29.29996	-35.12311	-66.80311	SAX_RV_EPICARDIAL	4	1.0	11
-0.68613	3.54379	-83.19779	SAX_RV_SEPTUM	4	1.0	11
-1.74837	1.33425	-81.81948	SAX_RV_SEPTUM	4	1.0	11
-1.69677	-0.87528	-79.58274	SAX_RV_SEPTUM	4	1.0	11
-2.75901	-3.08482	-78.20443	SAX_RV_SEPTUM	4	1.0	11
-2.70740	-5.29435	-75.96769	SAX_RV_SEPTUM	4	1.0	11
-2.65580	-7.50389	-73.73096	SAX_RV_SEPTUM	4	1.0	11
-2.60420	-9.71343	-71.49422	SAX_RV_SEPTUM	4	1.0	11
-2.55260	-11.92296	-69.25748	SAX_RV_SEPTUM	4	1.0	11
-1.38715	-14.13250	-66.16232	SAX_RV_SEPTUM	4	1.0	11
-0.22170	-16.34203	-63.06717	SAX_RV_SEPTUM	4	1.0	11
1.47486	-17.44680	-60.66116	SAX_RV_SEPTUM	4	1.0	11
3.17143	-18.55156	-58.25516	SAX_RV_SEPTUM	4	1.0	11
4.86800	-19.65633	-55.84916	SAX_RV_SEPTUM	4	1.0	11
7.09569	-19.65633	-54.13231	SAX_RV_SEPTUM	4	1.0	11
8.79225	-20.76109	-51.72631	SAX_RV_SEPTUM	4	1.0	11
6.61617	-22.97063	-51.20642	SAX_RV_SEPTUM	4	1.0	11
13.83035	-21.86585	-46.74504	SAX_LV_EPICARDIAL	4	1.0	11
12.13379	-20.76109	-49.15104	SAX_LV_EPICARDIAL	4	1.0	11
3.66605	7.96286	-84.23757	SAX_LV_EPICARDIAL	4	1.0	11
5.84213	10.17240	-84.75746	SAX_LV_EPICARDIAL	4	1.0	11
6.90437	12.38194	-86.13578	SAX_LV_EPICARDIAL	4	1.0	11
10.19430	14.59148	-85.79724	SAX_LV_EPICARDIAL	4	1.0	11
12.37039	16.80102	-86.31714	SAX_LV_EPICARDIAL	4	1.0	11
15.66032	19.01055	-85.97860	SAX_LV_EPICARDIAL	4	1.0	11
18.95025	21.22009	-85.64007	SAX_LV_EPICARDIAL	4	1.0	11
22.24018	23.42963	-85.30154	SAX_LV_EPICARDIAL	4	1.0	11
24.99899	24.53440	-84.27385	SAX_LV_EPICARDIAL	4	1.0	11
27.75780	25.63917	-83.24616	SAX_LV_EPICARDIAL	4	1.0	11
29.98549	25.63917	-81.52932	SAX_LV_EPICARDIAL	4	1.0	11
32.74430	26.74395	-80.50163	SAX_LV_EPICARDIAL	4	1.0	11
34.97199	26.74395	-78.78478	SAX_LV_EPICARDIAL	4	1.0	11
37.19968	26.74395	-77.06794	SAX_LV_EPICARDIAL	4	1.0	11
39.42736	26.74395	-75.35109	SAX_LV_EPICARDIAL	4	1.0	11
41.65505	26.74395	-73.63424	SAX_LV_EPICARDIAL	4	1.0	11
43.35162	25.63919	-71.22824	SAX_LV_EPICARDIAL	4	1.0	11
45.04819	24.53442	-68.82224	SAX_LV_EPICARDIAL	4	1.0	11
46.74475	23.42966	-66.41624	SAX_LV_EPICARDIAL	4	1.0	11
48.44132	22.32489	-64.01023	SAX_LV_EPICARDIAL	4	1.0	11
50.13789	21.22012	-61.60423	SAX_LV_EPICARDIAL	4	1.0	11
51.30334	19.01059	-58.50907	SAX_LV_EPICARDIAL	4	1.0	11
51.35494	16.80105	-56.27234	SAX_LV_EPICARDIAL	4	1.0	11
51.40654	14.59152	-54.03560	SAX_LV_EPICARDIAL	4	1.0	11
51.45814	12.38198	-51.79886	SAX_LV_EPICARDIAL	4	1.0	11
51.50975	10.17245	-49.56213	SAX_LV_EPICARDIAL	4	1.0	11
51.56135	7.96291	-47.32539	SAX_LV_EPICARDIAL	4	1.0	11
50.49911	5.75338	-45.94708	SAX_LV_EPICARDIAL	4	1.0	11
49.43686	3.54384	-44.56877	SAX_LV_EPICARDIAL	4	1.0	11
48.37462	1.33430	-43.19045	SAX_LV_EPICARDIAL	4	1.0	11
47.31238	-0.87523	-41.81214	SAX_LV_EPICARDIAL	4	1.0	11
46.25014	-3.08477	-40.43382	SAX_LV_EPICARDIAL	4	1.0	11
44.07405	-5.29431	-39.91393	SAX_LV_EPICARDIAL	4	1.0	11
43.01181	-7.50385	-38.53562	SAX_LV_EPICARDIAL	4	1.0	11
40.83572	-9.71338	-38.01573	SAX_LV_EPICARDIAL	4	1.0	11
37.54579	-11.92292	-38.35426	SAX_LV_EPICARDIAL	4	1.0	11
35.36971	-14.13246	-37.83437	SAX_LV_EPICARDIAL	4	1.0	11
32.07978	-16.34200	-38.17290	SAX_LV_EPICARDIAL	4	1.0	11
29.32097	-17.44677	-39.20059	SAX_LV_EPICARDIAL	4	1.0	11
26.56216	-18.55154	-40.22828	SAX_LV_EPICARDIAL	4	1.0	11
23.80335	-19.65631	-41.25597	SAX_LV_EPICARDIAL	4	1.0	11
21.04454	-20.76108	-42.28366	SAX_LV_EPICARDIAL	4	1.0	11
18.81685	-20.76108	-44.00051	SAX_LV_EPICARDIAL	4	1.0	11
16.05804	-21.86585	-45.02819	SAX_LV_EPICARDIAL	4	1.0	11
17.49660	-11.92294	-53.80587	SAX_LV_ENDOCARDIAL	4	1.0	11
15.80003	-10.81818	-56.21188	SAX_LV_ENDOCARDIAL	4	1.0	11
13.57234	-10.81818	-57.92872	SAX_LV_ENDOCARDIAL	4	1.0	11
11.87577	-9.71341	-60.33472	SAX_LV_ENDOCARDIAL	4	1.0	11
10.17921	-8.60865	-62.74073	SAX_LV_ENDOCARDIAL	4	1.0	11
9.01376	-6.39911	-65.83588	SAX_LV_ENDOCARDIAL	4	1.0	11
7.84831	-4.18958	-68.93104	SAX_LV_ENDOCARDIAL	4	1.0	11
7.79671	-1.98004	-71.16778	SAX_LV_ENDOCARDIAL	4	1.0	11
8.85895	0.22950	-72.54609	SAX_LV_ENDOCARDIAL	4	1.0	11
8.80735	2.43903	-74.78283	SAX_LV_ENDOCARDIAL	4	1.0	11
9.86959	4.64857	-76.16114	SAX_LV_ENDOCARDIAL	4	1.0	11
10.93183	6.85810	-77.53946	SAX_LV_ENDOCARDIAL	4	1.0	11
13.10792	9.06764	-78.05935	SAX_LV_ENDOCARDIAL	4	1.0	11
15.28401	11.27718	-78.57924	SAX_LV_ENDOCARDIAL	4	1.0	11
17.46009	13.48672	-79.09913	SAX_LV_ENDOCARDIAL	4	1.0	11
20.75002	15.69626	-78.76060	SAX_LV_ENDOCARDIAL	4	1.0	11
23.50883	16.80103	-77.73291	SAX_LV_ENDOCARDIAL	4	1.0	11
26.26764	17.90580	-76.70522	SAX_LV_ENDOCARDIAL	4	1.0	11
28.49533	17.90580	-74.98837	SAX_LV_ENDOCARDIAL	4	1.0	11
30.72302	17.90580	-73.27153	SAX_LV_ENDOCARDIAL	4	1.0	11
32.95071	17.90580	-71.55468	SAX_LV_ENDOCARDIAL	4	1.0	11
35.17840	17.90581	-69.83784	SAX_LV_ENDOCARDIAL	4	1.0	11
36.87496	16.80104	-67.43183	SAX_LV_ENDOCARDIAL	4	1.0	11
38.57153	15.69627	-65.02583	SAX_LV_ENDOCARDIAL	4	1.0	11
40.26810	14.59151	-62.61983	SAX_LV_ENDOCARDIAL	4	1.0	11
41.43354	12.38197	-59.52467	SAX_LV_ENDOCARDIAL	4	1.0	11
42.59899	10.17244	-56.42951	SAX_LV_ENDOCARDIAL	4	1.0	11
42.65059	7.96290	-54.19277	SAX_LV_ENDOCARDIAL	4	1.0	11
42.70220	5.75337	-51.95604	SAX_LV_ENDOCARDIAL	4	1.0	11
41.63995	3.54383	-50.57772	SAX_LV_ENDOCARDIAL	4	1.0	11
40.57771	1.33429	-49.19941	SAX_LV_ENDOCARDIAL	4	1.0	11
38.40163	-0.87524	-48.67952	SAX_LV_ENDOCARDIAL	4	1.0	11
37.33938	-3.08478	-47.30121	SAX_LV_ENDOCARDIAL	4	1.0	11
34.04945	-5.29432	-47.63974	SAX_LV_ENDOCARDIAL	4	1.0	11
31.87337	-7.50386	-47.11985	SAX_LV_ENDOCARDIAL	4	1.0	11
28.58344	-9.71339	-47.45838	SAX_LV_ENDOCARDIAL	4	1.0	11
25.29351	-11.92293	-47.79691	SAX_LV_ENDOCARDIAL	4	1.0	11
23.06582	-11.92294	-49.51376	SAX_LV_ENDOCARDIAL	4	1.0	11
20.83813	-11.92294	-51.23060	SAX_LV_ENDOCARDIAL	4	1.0	11
18.61044	-11.92294	-52.94745	SAX_LV_ENDOCARDIAL	4	1.0	11
6.61617	-22.97063	-51.20642	RV_INSERT	4	1.0	11
-2.91381	3.54379	-84.91464	RV_INSERT	4	1.0	11
-13.42787	-28.39782	-89.70204	SAX_RV_FREEWALL	5	1.0	11
-14.59331	-26.18828	-92.79720	SAX_RV_FREEWALL	5	1.0	11
-11.30338	-23.97875	-92.45867	SAX_RV_FREEWALL	5	1.0	11
-9.12730	-21.76921	-92.97856	SAX_RV_FREEWALL	5	1.0	11
-6.95121	-19.55967	-93.49845	SAX_RV_FREEWALL	5	1.0	11
-4.77512	-17.35013	-94.01834	SAX_RV_FREEWALL	5	1.0	11
-1.48519	-15.14059	-93.67981	SAX_RV_FREEWALL	5	1.0	11
0.69089	-12.93106	-94.19970	SAX_RV_FREEWALL	5	1.0	11
3.98082	-10.72152	-93.86117	SAX_RV_FREEWALL	5	1.0	11
7.27075	-8.51198	-93.52263	SAX_RV_FREEWALL	5	1.0	11
10.02956	-7.40721	-92.49495	SAX_RV_FREEWALL	5	1.0	11
13.31949	-5.19767	-92.15641	SAX_RV_FREEWALL	5	1.0	11
10.97350	-23.97872	-75.29021	SAX_RV_FREEWALL	5	1.0	11
8.74581	-23.97873	-77.00706	SAX_RV_FREEWALL	5	1.0	11
5.98700	-25.08350	-78.03475	SAX_RV_FREEWALL	5	1.0	11
3.75932	-25.08350	-79.75159	SAX_RV_FREEWALL	5	1.0	11
1.00051	-26.18827	-80.77928	SAX_RV_FREEWALL	5	1.0	11
-1.75830	-27.29304	-81.80697	SAX_RV_FREEWALL	5	1.0	11
-3.98599	-27.29304	-83.52382	SAX_RV_FREEWALL	5	1.0	11
-6.74480	-28.39781	-84.55151	SAX_RV_FREEWALL	5	1.0	11
-8.44137	-27.29305	-86.95751	SAX_RV_FREEWALL	5	1.0	11
-11.20018	-28.39782	-87.98520	SAX_RV_FREEWALL	5	1.0	11
-17.24892	-31.71213	-89.35142	SAX_RV_EPICARDIAL	5	1.0	11
-17.30052	-29.50259	-91.58815	SAX_RV_EPICARDIAL	5	1.0	11
-16.23828	-27.29305	-92.96647	SAX_RV_EPICARDIAL	5	1.0	11
-16.28988	-25.08352	-95.20320	SAX_RV_EPICARDIAL	5	1.0	11
-15.22764	-22.87398	-96.58152	SAX_RV_EPICARDIAL	5	1.0	11
-13.05155	-20.66444	-97.10141	SAX_RV_EPICARDIAL	5	1.0	11
-9.76162	-18.45491	-96.76288	SAX_RV_EPICARDIAL	5	1.0	11
-7.58554	-16.24537	-97.28277	SAX_RV_EPICARDIAL	5	1.0	11
-4.29561	-14.03583	-96.94423	SAX_RV_EPICARDIAL	5	1.0	11
-1.00567	-11.82629	-96.60570	SAX_RV_EPICARDIAL	5	1.0	11
2.28426	-9.61675	-96.26717	SAX_RV_EPICARDIAL	5	1.0	11
5.57419	-7.40721	-95.92864	SAX_RV_EPICARDIAL	5	1.0	11
8.86412	-5.19767	-95.59011	SAX_RV_EPICARDIAL	5	1.0	11
11.62293	-4.09290	-94.56242	SAX_RV_EPICARDIAL	5	1.0	11
14.38173	-2.98813	-93.53473	SAX_RV_EPICARDIAL	5	1.0	11
16.60942	-2.98813	-91.81788	SAX_RV_EPICARDIAL	5	1.0	11
15.01606	-6.30244	-89.75041	SAX_RV_EPICARDIAL	5	1.0	11
15.42888	-23.97872	-71.85652	SAX_RV_EPICARDIAL	5	1.0	11
13.25279	-26.18826	-71.33663	SAX_RV_EPICARDIAL	5	1.0	11
11.02510	-26.18826	-73.05348	SAX_RV_EPICARDIAL	5	1.0	11
8.26630	-27.29303	-74.08117	SAX_RV_EPICARDIAL	5	1.0	11
6.03861	-27.29303	-75.79801	SAX_RV_EPICARDIAL	5	1.0	11
3.27980	-28.39780	-76.82570	SAX_RV_EPICARDIAL	5	1.0	11
0.52099	-29.50257	-77.85339	SAX_RV_EPICARDIAL	5	1.0	11
-1.70670	-29.50258	-79.57023	SAX_RV_EPICARDIAL	5	1.0	11
-4.46551	-30.60735	-80.59792	SAX_RV_EPICARDIAL	5	1.0	11
-6.69320	-30.60735	-82.31477	SAX_RV_EPICARDIAL	5	1.0	11
-8.92089	-30.60735	-84.03161	SAX_RV_EPICARDIAL	5	1.0	11
-11.67970	-31.71212	-85.05930	SAX_RV_EPICARDIAL	5	1.0	11
-13.90738	-31.71212	-86.77615	SAX_RV_EPICARDIAL	5	1.0	11
-16.13507	-31.71213	-88.49299	SAX_RV_EPICARDIAL	5	1.0	11
15.01606	-6.30244	-89.75041	SAX_RV_SEPTUM	5	1.0	11
13.95382	-8.51197	-88.37210	SAX_RV_SEPTUM	5	1.0	11
14.00542	-10.72151	-86.13536	SAX_RV_SEPTUM	5	1.0	11
12.94318	-12.93104	-84.75705	SAX_RV_SEPTUM	5	1.0	11
12.99478	-15.14058	-82.52031	SAX_RV_SEPTUM	5	1.0	11
13.04638	-17.35012	-80.28358	SAX_RV_SEPTUM	5	1.0	11
13.09799	-19.55965	-78.04684	SAX_RV_SEPTUM	5	1.0	11
14.26343	-21.76919	-74.95168	SAX_RV_SEPTUM	5	1.0	11
13.73231	-22.87395	-74.26252	SAX_RV_SEPTUM	5	1.0	11
19.35313	-25.08348	-67.73367	SAX_LV_EPICARDIAL	5	1.0	11
17.65657	-23.97872	-70.13968	SAX_LV_EPICARDIAL	5	1.0	11
18.83711	-2.98813	-90.10104	SAX_LV_EPICARDIAL	5	1.0	11
21.01320	-0.77859	-90.62093	SAX_LV_EPICARDIAL	5	1.0	11
24.30313	1.43095	-90.28239	SAX_LV_EPICARDIAL	5	1.0	11
27.59306	3.64049	-89.94386	SAX_LV_EPICARDIAL	5	1.0	11
30.88299	5.85003	-89.60533	SAX_LV_EPICARDIAL	5	1.0	11
33.64180	6.95480	-88.57764	SAX_LV_EPICARDIAL	5	1.0	11
35.86949	6.95480	-86.86080	SAX_LV_EPICARDIAL	5	1.0	11
38.62830	8.05957	-85.83311	SAX_LV_EPICARDIAL	5	1.0	11
40.85598	8.05957	-84.11626	SAX_LV_EPICARDIAL	5	1.0	11
43.08367	8.05957	-82.39942	SAX_LV_EPICARDIAL	5	1.0	11
45.31136	8.05957	-80.68257	SAX_LV_EPICARDIAL	5	1.0	11
47.00793	6.95481	-78.27657	SAX_LV_EPICARDIAL	5	1.0	11
49.23562	6.95481	-76.55972	SAX_LV_EPICARDIAL	5	1.0	11
50.93218	5.85005	-74.15372	SAX_LV_EPICARDIAL	5	1.0	11
52.62875	4.74528	-71.74772	SAX_LV_EPICARDIAL	5	1.0	11
52.68035	2.53574	-69.51098	SAX_LV_EPICARDIAL	5	1.0	11
53.84580	0.32621	-66.41582	SAX_LV_EPICARDIAL	5	1.0	11
53.89740	-1.88333	-64.17909	SAX_LV_EPICARDIAL	5	1.0	11
52.83516	-4.09286	-62.80077	SAX_LV_EPICARDIAL	5	1.0	11
52.88676	-6.30240	-60.56404	SAX_LV_EPICARDIAL	5	1.0	11
51.82452	-8.51193	-59.18572	SAX_LV_EPICARDIAL	5	1.0	11
50.76228	-10.72147	-57.80741	SAX_LV_EPICARDIAL	5	1.0	11
48.58619	-12.93101	-57.28752	SAX_LV_EPICARDIAL	5	1.0	11
46.41011	-15.14055	-56.76763	SAX_LV_EPICARDIAL	5	1.0	11
44.23402	-17.35008	-56.24774	SAX_LV_EPICARDIAL	5	1.0	11
42.05794	-19.55962	-55.72785	SAX_LV_EPICARDIAL	5	1.0	11
38.76801	-21.76916	-56.06638	SAX_LV_EPICARDIAL	5	1.0	11
36.00920	-22.87393	-57.09407	SAX_LV_EPICARDIAL	5	1.0	11
33.25039	-23.97870	-58.12176	SAX_LV_EPICARDIAL	5	1.0	11
30.49158	-25.08347	-59.14945	SAX_LV_EPICARDIAL	5	1.0	11
28.26389	-25.08347	-60.86629	SAX_LV_EPICARDIAL	5	1.0	11
26.03620	-25.08348	-62.58314	SAX_LV_EPICARDIAL	5	1.0	11
23.80851	-25.08348	-64.29998	SAX_LV_EPICARDIAL	5	1.0	11
21.58082	-25.08348	-66.01683	SAX_LV_EPICARDIAL	5	1.0	11
28.64020	-17.35010	-68.26566	SAX_LV_ENDOCARDIAL	5	1.0	11
26.94364	-16.24533	-70.67166	SAX_LV_ENDOCARDIAL	5	1.0	11
25.24707	-15.14057	-73.07766	SAX_LV_ENDOCARDIAL	5	1.0	11
23.55050	-14.03580	-75.48366	SAX_LV_ENDOCARDIAL	5	1.0	11
23.49890	-11.82627	-77.72040	SAX_LV_ENDOCARDIAL	5	1.0	11
23.44730	-9.61673	-79.95714	SAX_LV_ENDOCARDIAL	5	1.0	11
24.50954	-7.40719	-81.33545	SAX_LV_ENDOCARDIAL	5	1.0	11
25.57178	-5.19766	-82.71376	SAX_LV_ENDOCARDIAL	5	1.0	11
28.86171	-2.98812	-82.37523	SAX_LV_ENDOCARDIAL	5	1.0	11
32.15164	-0.77858	-82.03670	SAX_LV_ENDOCARDIAL	5	1.0	11
34.37933	-0.77858	-80.31985	SAX_LV_ENDOCARDIAL	5	1.0	11
37.13814	0.32619	-79.29216	SAX_LV_ENDOCARDIAL	5	1.0	11
38.83471	-0.77857	-76.88616	SAX_LV_ENDOCARDIAL	5	1.0	11
41.06239	-0.77857	-75.16932	SAX_LV_ENDOCARDIAL	5	1.0	11
42.22784	-2.98811	-72.07416	SAX_LV_ENDOCARDIAL	5	1.0	11
43.39329	-5.19764	-68.97900	SAX_LV_ENDOCARDIAL	5	1.0	11
42.33104	-7.40718	-67.60068	SAX_LV_ENDOCARDIAL	5	1.0	11
41.26880	-9.61671	-66.22237	SAX_LV_ENDOCARDIAL	5	1.0	11
40.20656	-11.82625	-64.84406	SAX_LV_ENDOCARDIAL	5	1.0	11
36.91663	-14.03579	-65.18259	SAX_LV_ENDOCARDIAL	5	1.0	11
33.62670	-16.24533	-65.52112	SAX_LV_ENDOCARDIAL	5	1.0	11
31.39901	-16.24533	-67.23797	SAX_LV_ENDOCARDIAL	5	1.0	11
15.01606	-6.30244	-89.75041	RV_INSERT	5	1.0	11
13.73231	-22.87395	-74.26252	RV_INSERT	5	1.0	11
18.03904	-21.67351	-100.58305	SAX_RV_FREEWALL	6	1.0	11
16.34248	-20.56875	-102.98906	SAX_RV_FREEWALL	6	1.0	11
17.40472	-18.35921	-104.36737	SAX_RV_FREEWALL	6	1.0	11
20.16353	-17.25444	-103.33968	SAX_RV_FREEWALL	6	1.0	11
22.92234	-16.14967	-102.31199	SAX_RV_FREEWALL	6	1.0	11
24.08778	-18.35920	-99.21683	SAX_RV_FREEWALL	6	1.0	11
21.38058	-21.67351	-98.00778	SAX_RV_FREEWALL	6	1.0	11
19.15289	-21.67351	-99.72463	SAX_RV_FREEWALL	6	1.0	11
16.44568	-24.98782	-98.51558	SAX_RV_EPICARDIAL	6	1.0	11
14.74911	-23.88305	-100.92159	SAX_RV_EPICARDIAL	6	1.0	11
13.05255	-22.77829	-103.32759	SAX_RV_EPICARDIAL	6	1.0	11
13.00094	-20.56875	-105.56432	SAX_RV_EPICARDIAL	6	1.0	11
15.17703	-18.35921	-106.08421	SAX_RV_EPICARDIAL	6	1.0	11
18.46696	-16.14967	-105.74568	SAX_RV_EPICARDIAL	6	1.0	11
21.22577	-15.04490	-104.71799	SAX_RV_EPICARDIAL	6	1.0	11
23.45346	-15.04490	-103.00115	SAX_RV_EPICARDIAL	6	1.0	11
25.68115	-15.04490	-101.28430	SAX_RV_EPICARDIAL	6	1.0	11
25.73275	-17.25443	-99.04757	SAX_RV_EPICARDIAL	6	1.0	11
24.72211	-21.67351	-95.43252	SAX_RV_EPICARDIAL	6	1.0	11
22.01490	-24.98781	-94.22347	SAX_RV_EPICARDIAL	6	1.0	11
19.78721	-24.98781	-95.94031	SAX_RV_EPICARDIAL	6	1.0	11
17.55953	-24.98782	-97.65716	SAX_RV_EPICARDIAL	6	1.0	11
24.67051	-19.46397	-97.66925	SAX_RV_SEPTUM	6	1.0	11
23.60826	-21.67351	-96.29094	SAX_RV_SEPTUM	6	1.0	11
29.33229	-28.30211	-85.28862	SAX_LV_EPICARDIAL	6	1.0	11
27.63573	-27.19734	-87.69462	SAX_LV_EPICARDIAL	6	1.0	11
26.47028	-24.98781	-90.78978	SAX_LV_EPICARDIAL	6	1.0	11
26.41868	-22.77827	-93.02651	SAX_LV_EPICARDIAL	6	1.0	11
29.60540	-16.14966	-97.16145	SAX_LV_EPICARDIAL	6	1.0	11
30.66764	-13.94013	-98.53977	SAX_LV_EPICARDIAL	6	1.0	11
33.95757	-11.73059	-98.20124	SAX_LV_EPICARDIAL	6	1.0	11
35.60254	-10.62582	-98.03197	SAX_LV_EPICARDIAL	6	1.0	11
38.36135	-9.52105	-97.00428	SAX_LV_EPICARDIAL	6	1.0	11
41.12016	-8.41628	-95.97659	SAX_LV_EPICARDIAL	6	1.0	11
43.34785	-8.41627	-94.25975	SAX_LV_EPICARDIAL	6	1.0	11
45.57554	-8.41627	-92.54290	SAX_LV_EPICARDIAL	6	1.0	11
47.27210	-9.52104	-90.13690	SAX_LV_EPICARDIAL	6	1.0	11
48.43755	-11.73057	-87.04174	SAX_LV_EPICARDIAL	6	1.0	11
48.48915	-13.94011	-84.80500	SAX_LV_EPICARDIAL	6	1.0	11
48.54075	-16.14964	-82.56827	SAX_LV_EPICARDIAL	6	1.0	11
47.47851	-18.35918	-81.18995	SAX_LV_EPICARDIAL	6	1.0	11
46.41627	-20.56872	-79.81164	SAX_LV_EPICARDIAL	6	1.0	11
44.24018	-22.77825	-79.29175	SAX_LV_EPICARDIAL	6	1.0	11
42.06410	-24.98779	-78.77186	SAX_LV_EPICARDIAL	6	1.0	11
38.77417	-27.19733	-79.11039	SAX_LV_EPICARDIAL	6	1.0	11
36.54648	-27.19733	-80.82724	SAX_LV_EPICARDIAL	6	1.0	11
33.78767	-28.30210	-81.85492	SAX_LV_EPICARDIAL	6	1.0	11
31.55998	-28.30211	-83.57177	SAX_LV_EPICARDIAL	6	1.0	11
34.16398	-20.56873	-89.25429	SAX_LV_ENDOCARDIAL	6	1.0	11
34.11238	-18.35919	-91.49103	SAX_LV_ENDOCARDIAL	6	1.0	11
35.17462	-16.14966	-92.86934	SAX_LV_ENDOCARDIAL	6	1.0	11
37.93343	-15.04489	-91.84165	SAX_LV_ENDOCARDIAL	6	1.0	11
40.16112	-15.04488	-90.12481	SAX_LV_ENDOCARDIAL	6	1.0	11
40.74384	-16.14965	-88.57723	SAX_LV_ENDOCARDIAL	6	1.0	11
39.68160	-18.35919	-87.19891	SAX_LV_ENDOCARDIAL	6	1.0	11
37.50552	-20.56873	-86.67902	SAX_LV_ENDOCARDIAL	6	1.0	11
35.27783	-20.56873	-88.39587	SAX_LV_ENDOCARDIAL	6	1.0	11
23.60826	-21.67351	-96.29094	RV_INSERT	6	1.0	11
24.08778	-18.35920	-99.21683	RV_INSERT	6	1.0	11
8.83038	19.49836	-29.74952	LAX_LV_ENDOCARDIAL	9	1.0	11
10.63318	17.33002	-31.14090	LAX_LV_ENDOCARDIAL	9	1.0	11
12.49101	15.19684	-33.93702	LAX_LV_ENDOCARDIAL	9	1.0	11
14.23876	12.99335	-33.92368	LAX_LV_ENDOCARDIAL	9	1.0	11
16.04155	10.82502	-35.31506	LAX_LV_ENDOCARDIAL	9	1.0	11
17.78930	8.62153	-35.30172	LAX_LV_ENDOCARDIAL	9	1.0	11
19.53704	6.41805	-35.28837	LAX_LV_ENDOCARDIAL	9	1.0	11
21.28479	4.21456	-35.27503	LAX_LV_ENDOCARDIAL	9	1.0	11
22.97749	1.97592	-33.85695	LAX_LV_ENDOCARDIAL	9	1.0	11
24.72524	-0.22757	-33.84360	LAX_LV_ENDOCARDIAL	9	1.0	11
26.47298	-2.43105	-33.83026	LAX_LV_ENDOCARDIAL	9	1.0	11
28.27578	-4.59939	-35.22164	LAX_LV_ENDOCARDIAL	9	1.0	11
30.13361	-6.73257	-38.01776	LAX_LV_ENDOCARDIAL	9	1.0	11
31.99145	-8.86576	-40.81388	LAX_LV_ENDOCARDIAL	9	1.0	11
32.10154	-8.79545	-43.62335	LAX_LV_ENDOCARDIAL	9	1.0	11
33.08550	-9.82689	-46.42614	LAX_LV_ENDOCARDIAL	9	1.0	11
34.06946	-10.85833	-49.22893	LAX_LV_ENDOCARDIAL	9	1.0	11
34.17955	-10.78803	-52.03840	LAX_LV_ENDOCARDIAL	9	1.0	11
35.16351	-11.81947	-54.84119	LAX_LV_ENDOCARDIAL	9	1.0	11
35.27360	-11.74916	-57.65066	LAX_LV_ENDOCARDIAL	9	1.0	11
36.25756	-12.78060	-60.45345	LAX_LV_ENDOCARDIAL	9	1.0	11
36.36765	-12.71030	-63.26291	LAX_LV_ENDOCARDIAL	9	1.0	11
37.35162	-13.74174	-66.06571	LAX_LV_ENDOCARDIAL	9	1.0	11
37.46170	-13.67143	-68.87517	LAX_LV_ENDOCARDIAL	9	1.0	11
38.44567	-14.70287	-71.67796	LAX_LV_ENDOCARDIAL	9	1.0	11
38.55576	-14.63257	-74.48743	LAX_LV_ENDOCARDIAL	9	1.0	11
39.53972	-15.66401	-77.29022	LAX_LV_ENDOCARDIAL	9	1.0	11
39.64981	-15.59371	-80.09969	LAX_LV_ENDOCARDIAL	9	1.0	11
40.63377	-16.62515	-82.90248	LAX_LV_ENDOCARDIAL	9	1.0	11
40.74386	-16.55484	-85.71194	LAX_LV_ENDOCARDIAL	9	1.0	11
40.85395	-16.48454	-88.52141	LAX_LV_ENDOCARDIAL	9	1.0	11
40.09016	-15.31249	-91.33755	LAX_LV_ENDOCARDIAL	9	1.0	11
39.27134	-14.17560	-92.74895	LAX_LV_ENDOCARDIAL	9	1.0	11
37.52359	-11.97211	-92.76230	LAX_LV_ENDOCARDIAL	9	1.0	11
35.72080	-9.80377	-91.37091	LAX_LV_ENDOCARDIAL	9	1.0	11
33.91801	-7.63544	-89.97953	LAX_LV_ENDOCARDIAL	9	1.0	11
32.11522	-5.46710	-88.58814	LAX_LV_ENDOCARDIAL	9	1.0	11
30.31242	-3.29877	-87.19675	LAX_LV_ENDOCARDIAL	9	1.0	11
28.50963	-1.13043	-85.80536	LAX_LV_ENDOCARDIAL	9	1.0	11
26.70684	1.03790	-84.41398	LAX_LV_ENDOCARDIAL	9	1.0	11
24.90405	3.20624	-83.02259	LAX_LV_ENDOCARDIAL	9	1.0	11
23.10126	5.37457	-81.63120	LAX_LV_ENDOCARDIAL	9	1.0	11
21.35351	7.57806	-81.64455	LAX_LV_ENDOCARDIAL	9	1.0	11
19.55072	9.74639	-80.25316	LAX_LV_ENDOCARDIAL	9	1.0	11
17.74793	11.91473	-78.86178	LAX_LV_ENDOCARDIAL	9	1.0	11
15.94514	14.08306	-77.47039	LAX_LV_ENDOCARDIAL	9	1.0	11
14.14235	16.25140	-76.07900	LAX_LV_ENDOCARDIAL	9	1.0	11
12.39460	18.45488	-76.09235	LAX_LV_ENDOCARDIAL	9	1.0	11
10.53677	20.58807	-73.29623	LAX_LV_ENDOCARDIAL	9	1.0	11
8.73398	22.75640	-71.90484	LAX_LV_ENDOCARDIAL	9	1.0	11
6.87614	24.88959	-69.10872	LAX_LV_ENDOCARDIAL	9	1.0	11
5.01830	27.02277	-66.31260	LAX_LV_ENDOCARDIAL	9	1.0	11
3.21551	29.19110	-64.92122	LAX_LV_ENDOCARDIAL	9	1.0	11
1.41272	31.35944	-63.52983	LAX_LV_ENDOCARDIAL	9	1.0	11
-0.39007	33.52777	-62.13844	LAX_LV_ENDOCARDIAL	9	1.0	11
20.84443	3.93334	-24.03716	LAX_LV_EPICARDIAL	9	1.0	11
22.64722	1.76501	-25.42855	LAX_LV_EPICARDIAL	9	1.0	11
24.39497	-0.43848	-25.41521	LAX_LV_EPICARDIAL	9	1.0	11
26.19776	-2.60681	-26.80659	LAX_LV_EPICARDIAL	9	1.0	11
27.94551	-4.81030	-26.79325	LAX_LV_EPICARDIAL	9	1.0	11
29.74830	-6.97864	-28.18463	LAX_LV_EPICARDIAL	9	1.0	11
31.49605	-9.18212	-28.17129	LAX_LV_EPICARDIAL	9	1.0	11
33.35388	-11.31531	-30.96741	LAX_LV_EPICARDIAL	9	1.0	11
35.21172	-13.44849	-33.76353	LAX_LV_EPICARDIAL	9	1.0	11
36.19568	-14.47993	-36.56632	LAX_LV_EPICARDIAL	9	1.0	11
37.17964	-15.51137	-39.36911	LAX_LV_EPICARDIAL	9	1.0	11
38.16360	-16.54281	-42.17190	LAX_LV_EPICARDIAL	9	1.0	11
39.14757	-17.57425	-44.97470	LAX_LV_EPICARDIAL	9	1.0	11
40.13153	-18.60569	-47.77749	LAX_LV_EPICARDIAL	9	1.0	11
40.24162	-18.53538	-50.58695	LAX_LV_EPICARDIAL	9	1.0	11
41.22558	-19.56682	-53.38975	LAX_LV_EPICARDIAL	9	1.0	11
42.20954	-20.59826	-56.19254	LAX_LV_EPICARDIAL	9	1.0	11
42.31963	-20.52796	-59.00200	LAX_LV_EPICARDIAL	9	1.0	11
43.30359	-21.55940	-61.80480	LAX_LV_EPICARDIAL	9	1.0	11
43.41368	-21.48909	-64.61426	LAX_LV_EPICARDIAL	9	1.0	11
44.39765	-22.52053	-67.41705	LAX_LV_EPICARDIAL	9	1.0	11
45.38161	-23.55197	-70.21985	LAX_LV_EPICARDIAL	9	1.0	11
45.49170	-23.48167	-73.02931	LAX_LV_EPICARDIAL	9	1.0	11
45.60179	-23.41137	-75.83878	LAX_LV_EPICARDIAL	9	1.0	11
45.71188	-23.34106	-78.64824	LAX_LV_EPICARDIAL	9	1.0	11
45.82196	-23.27076	-81.45771	LAX_LV_EPICARDIAL	9	1.0	11
45.05818	-22.09871	-84.27385	LAX_LV_EPICARDIAL	9	1.0	11
45.16827	-22.02841	-87.08331	LAX_LV_EPICARDIAL	9	1.0	11
44.40449	-20.85636	-89.89945	LAX_LV_EPICARDIAL	9	1.0	11
44.51457	-20.78606	-92.70892	LAX_LV_EPICARDIAL	9	1.0	11
43.75079	-19.61401	-95.52505	LAX_LV_EPICARDIAL	9	1.0	11
42.98701	-18.44196	-98.34119	LAX_LV_EPICARDIAL	9	1.0	11
41.29430	-16.20332	-99.75927	LAX_LV_EPICARDIAL	9	1.0	11
39.60160	-13.96468	-101.17735	LAX_LV_EPICARDIAL	9	1.0	11
37.79881	-11.79635	-99.78596	LAX_LV_EPICARDIAL	9	1.0	11
36.05106	-9.59286	-99.79931	LAX_LV_EPICARDIAL	9	1.0	11
34.30332	-7.38938	-99.81265	LAX_LV_EPICARDIAL	9	1.0	11
32.50053	-5.22104	-98.42127	LAX_LV_EPICARDIAL	9	1.0	11
30.75278	-3.01755	-98.43461	LAX_LV_EPICARDIAL	9	1.0	11
28.94999	-0.84922	-97.04323	LAX_LV_EPICARDIAL	9	1.0	11
27.20224	1.35427	-97.05657	LAX_LV_EPICARDIAL	9	1.0	11
25.39945	3.52260	-95.66518	LAX_LV_EPICARDIAL	9	1.0	11
23.59666	5.69094	-94.27380	LAX_LV_EPICARDIAL	9	1.0	11
21.84891	7.89442	-94.28714	LAX_LV_EPICARDIAL	9	1.0	11
20.04612	10.06276	-92.89576	LAX_LV_EPICARDIAL	9	1.0	11
18.24333	12.23109	-91.50437	LAX_LV_EPICARDIAL	9	1.0	11
16.49559	14.43458	-91.51772	LAX_LV_EPICARDIAL	9	1.0	11
14.69279	16.60292	-90.12633	LAX_LV_EPICARDIAL	9	1.0	11
12.89000	18.77125	-88.73494	LAX_LV_EPICARDIAL	9	1.0	11
11.08721	20.93959	-87.34356	LAX_LV_EPICARDIAL	9	1.0	11
9.28442	23.10792	-85.95217	LAX_LV_EPICARDIAL	9	1.0	11
7.48163	25.27626	-84.56078	LAX_LV_EPICARDIAL	9	1.0	11
5.67884	27.44459	-83.16939	LAX_LV_EPICARDIAL	9	1.0	11
3.87605	29.61293	-81.77801	LAX_LV_EPICARDIAL	9	1.0	11
2.07326	31.78126	-80.38662	LAX_LV_EPICARDIAL	9	1.0	11
0.21542	33.91444	-77.59050	LAX_LV_EPICARDIAL	9	1.0	11
-1.58737	36.08278	-76.19911	LAX_LV_EPICARDIAL	9	1.0	11
-2.57133	37.11422	-73.39632	LAX_LV_EPICARDIAL	9	1.0	11
-3.55530	38.14566	-70.59353	LAX_LV_EPICARDIAL	9	1.0	11
-3.66538	38.07536	-67.78406	LAX_LV_EPICARDIAL	9	1.0	11
-2.90160	36.90331	-64.96793	LAX_LV_EPICARDIAL	9	1.0	11
9.53912	18.29116	-25.52865	LAX_LV_EPICARDIAL	9	1.0	11
11.28687	16.08767	-25.51530	LAX_LV_EPICARDIAL	9	1.0	11
12.97957	13.84903	-24.09722	LAX_LV_EPICARDIAL	9	1.0	11
14.72732	11.64555	-24.08388	LAX_LV_EPICARDIAL	9	1.0	11
16.47507	9.44206	-24.07053	LAX_LV_EPICARDIAL	9	1.0	11
18.22281	7.23857	-24.05718	LAX_LV_EPICARDIAL	9	1.0	11
19.97056	5.03509	-24.04384	LAX_LV_EPICARDIAL	9	1.0	11
7.08264	21.70185	-29.76286	MITRAL_VALVE	9	1.0	11
-2.19286	35.69611	-60.74706	MITRAL_VALVE	9	1.0	11
-22.57824	-13.23886	-13.31020	LAX_RV_FREEWALL	8	1.0	1.0
-21.05327	-14.59731	-15.70118	LAX_RV_FREEWALL	8	1.0	1.0
-19.52831	-15.95576	-18.09216	LAX_RV_FREEWALL	8	1.0	1.0
-18.00334	-17.31421	-20.48314	LAX_RV_FREEWALL	8	1.0	1.0
-16.19946	-17.31421	-22.64095	LAX_RV_FREEWALL	8	1.0	1.0
-14.67449	-18.67266	-25.03193	LAX_RV_FREEWALL	8	1.0	1.0
-13.14952	-20.03111	-27.42291	LAX_RV_FREEWALL	8	1.0	1.0
-11.62455	-21.38956	-29.81389	LAX_RV_FREEWALL	8	1.0	1.0
-10.09958	-22.74801	-32.20487	LAX_RV_FREEWALL	8	1.0	1.0
-8.29570	-22.74801	-34.36269	LAX_RV_FREEWALL	8	1.0	1.0
-6.49182	-22.74802	-36.52050	LAX_RV_FREEWALL	8	1.0	1.0
-4.68794	-22.74802	-38.67832	LAX_RV_FREEWALL	8	1.0	1.0
-2.88406	-22.74802	-40.83614	LAX_RV_FREEWALL	8	1.0	1.0
-1.08018	-22.74802	-42.99396	LAX_RV_FREEWALL	8	1.0	1.0
0.72370	-22.74802	-45.15178	LAX_RV_FREEWALL	8	1.0	1.0
2.52759	-22.74802	-47.30959	LAX_RV_FREEWALL	8	1.0	1.0
4.05255	-24.10647	-49.70057	LAX_RV_FREEWALL	8	1.0	1.0
5.85644	-24.10648	-51.85839	LAX_RV_FREEWALL	8	1.0	1.0
7.66032	-24.10648	-54.01621	LAX_RV_FREEWALL	8	1.0	1.0
9.74311	-22.74803	-55.94086	LAX_RV_FREEWALL	8	1.0	1.0
-7.31045	-9.16352	-29.87325	LAX_RV_FREEWALL	8	1.0	1.0
-9.39325	-10.52197	-27.94860	LAX_RV_FREEWALL	8	1.0	1.0
-11.19713	-10.52197	-25.79078	LAX_RV_FREEWALL	8	1.0	1.0
-13.00101	-10.52197	-23.63296	LAX_RV_FREEWALL	8	1.0	1.0
-14.80489	-10.52197	-21.47514	LAX_RV_FREEWALL	8	1.0	1.0
-16.60877	-10.52196	-19.31733	LAX_RV_FREEWALL	8	1.0	1.0
-18.41265	-10.52196	-17.15951	LAX_RV_FREEWALL	8	1.0	1.0
-20.21654	-10.52196	-15.00169	LAX_RV_FREEWALL	8	1.0	1.0
-22.29933	-11.88041	-13.07704	LAX_RV_FREEWALL	8	1.0	1.0
-25.56298	-14.59730	-10.30663	LAX_RV_EPICARDIAL	8	1.0	1.0
-24.31692	-17.31420	-12.93077	LAX_RV_EPICARDIAL	8	1.0	1.0
-22.79195	-18.67265	-15.32175	LAX_RV_EPICARDIAL	8	1.0	1.0
-21.26699	-20.03110	-17.71273	LAX_RV_EPICARDIAL	8	1.0	1.0
-19.74202	-21.38955	-20.10371	LAX_RV_EPICARDIAL	8	1.0	1.0
-17.93814	-21.38956	-22.26153	LAX_RV_EPICARDIAL	8	1.0	1.0
-16.41317	-22.74801	-24.65251	LAX_RV_EPICARDIAL	8	1.0	1.0
-14.88820	-24.10646	-27.04349	LAX_RV_EPICARDIAL	8	1.0	1.0
-13.36323	-25.46491	-29.43447	LAX_RV_EPICARDIAL	8	1.0	1.0
-11.55935	-25.46491	-31.59229	LAX_RV_EPICARDIAL	8	1.0	1.0
-10.03438	-26.82336	-33.98326	LAX_RV_EPICARDIAL	8	1.0	1.0
-8.23050	-26.82336	-36.14108	LAX_RV_EPICARDIAL	8	1.0	1.0
-6.42662	-26.82336	-38.29890	LAX_RV_EPICARDIAL	8	1.0	1.0
-4.62274	-26.82336	-40.45672	LAX_RV_EPICARDIAL	8	1.0	1.0
-2.81886	-26.82337	-42.61453	LAX_RV_EPICARDIAL	8	1.0	1.0
-0.73606	-25.46492	-44.53919	LAX_RV_EPICARDIAL	8	1.0	1.0
1.06782	-25.46492	-46.69701	LAX_RV_EPICARDIAL	8	1.0	1.0
2.87170	-25.46492	-48.85483	LAX_RV_EPICARDIAL	8	1.0	1.0
4.67558	-25.46492	-51.01264	LAX_RV_EPICARDIAL	8	1.0	1.0
6.47946	-25.46493	-53.17046	LAX_RV_EPICARDIAL	8	1.0	1.0
8.28334	-25.46493	-55.32828	LAX_RV_EPICARDIAL	8	1.0	1.0
10.08723	-25.46493	-57.48610	LAX_RV_EPICARDIAL	8	1.0	1.0
-6.40851	-9.16352	-30.95216	LAX_RV_EPICARDIAL	8	1.0	1.0
-8.27760	-5.08818	-27.01595	LAX_RV_EPICARDIAL	8	1.0	1.0
-10.36039	-6.44662	-25.09129	LAX_RV_EPICARDIAL	8	1.0	1.0
-12.44319	-7.80507	-23.16664	LAX_RV_EPICARDIAL	8	1.0	1.0
-14.24707	-7.80507	-21.00882	LAX_RV_EPICARDIAL	8	1.0	1.0
-16.05095	-7.80507	-18.85100	LAX_RV_EPICARDIAL	8	1.0	1.0
-17.85483	-7.80506	-16.69318	LAX_RV_EPICARDIAL	8	1.0	1.0
-19.65871	-7.80506	-14.53537	LAX_RV_EPICARDIAL	8	1.0	1.0
-21.74150	-9.16351	-12.61071	LAX_RV_EPICARDIAL	8	1.0	1.0
-24.10321	-11.88041	-10.91922	LAX_RV_EPICARDIAL	8	1.0	1.0
10.02202	-21.38958	-55.70770	LAX_RV_SEPTUM	8	1.0	1.0
8.49706	-20.03113	-53.31672	LAX_RV_SEPTUM	8	1.0	1.0
6.97209	-18.67268	-50.92574	LAX_RV_SEPTUM	8	1.0	1.0
5.44712	-17.31423	-48.53476	LAX_RV_SEPTUM	8	1.0	1.0
3.92215	-15.95578	-46.14378	LAX_RV_SEPTUM	8	1.0	1.0
2.39718	-14.59733	-43.75280	LAX_RV_SEPTUM	8	1.0	1.0
0.87221	-13.23888	-41.36182	LAX_RV_SEPTUM	8	1.0	1.0
-0.93167	-13.23888	-39.20401	LAX_RV_SEPTUM	8	1.0	1.0
-2.45664	-11.88043	-36.81303	LAX_RV_SEPTUM	8	1.0	1.0
-3.98160	-10.52198	-34.42205	LAX_RV_SEPTUM	8	1.0	1.0
-5.78549	-10.52197	-32.26423	LAX_RV_SEPTUM	8	1.0	1.0
-6.75263	-6.44663	-29.40693	LAX_LV_EPICARDIAL	8	1.0	1.0
11.54699	-22.74803	-58.09868	LAX_LV_EPICARDIAL	8	1.0	1.0
13.35087	-22.74803	-60.25650	LAX_LV_EPICARDIAL	8	1.0	1.0
14.87584	-24.10648	-62.64748	LAX_LV_EPICARDIAL	8	1.0	1.0
16.67972	-24.10649	-64.80529	LAX_LV_EPICARDIAL	8	1.0	1.0
18.48360	-24.10649	-66.96311	LAX_LV_EPICARDIAL	8	1.0	1.0
20.00857	-25.46494	-69.35409	LAX_LV_EPICARDIAL	8	1.0	1.0
21.81245	-25.46494	-71.51191	LAX_LV_EPICARDIAL	8	1.0	1.0
23.61634	-25.46494	-73.66973	LAX_LV_EPICARDIAL	8	1.0	1.0
25.14130	-26.82339	-76.06071	LAX_LV_EPICARDIAL	8	1.0	1.0
26.94519	-26.82339	-78.21852	LAX_LV_EPICARDIAL	8	1.0	1.0
28.74907	-26.82340	-80.37634	LAX_LV_EPICARDIAL	8	1.0	1.0
30.55295	-26.82340	-82.53416	LAX_LV_EPICARDIAL	8	1.0	1.0
32.35683	-26.82340	-84.69198	LAX_LV_EPICARDIAL	8	1.0	1.0
34.16071	-26.82340	-86.84979	LAX_LV_EPICARDIAL	8	1.0	1.0
36.24350	-25.46495	-88.77445	LAX_LV_EPICARDIAL	8	1.0	1.0
38.04739	-25.46496	-90.93227	LAX_LV_EPICARDIAL	8	1.0	1.0
40.40909	-22.74806	-92.62376	LAX_LV_EPICARDIAL	8	1.0	1.0
42.77080	-20.03116	-94.31525	LAX_LV_EPICARDIAL	8	1.0	1.0
44.23057	-17.31427	-94.92784	LAX_LV_EPICARDIAL	8	1.0	1.0
45.69033	-14.59737	-95.54042	LAX_LV_EPICARDIAL	8	1.0	1.0
46.24816	-11.88047	-95.07410	LAX_LV_EPICARDIAL	8	1.0	1.0
46.80598	-9.16358	-94.60778	LAX_LV_EPICARDIAL	8	1.0	1.0
46.46187	-6.44668	-93.06254	LAX_LV_EPICARDIAL	8	1.0	1.0
46.11775	-3.72978	-91.51731	LAX_LV_EPICARDIAL	8	1.0	1.0
44.87170	-1.01288	-88.89317	LAX_LV_EPICARDIAL	8	1.0	1.0
44.52758	1.70402	-87.34794	LAX_LV_EPICARDIAL	8	1.0	1.0
44.18347	4.42092	-85.80271	LAX_LV_EPICARDIAL	8	1.0	1.0
43.83935	7.13781	-84.25747	LAX_LV_EPICARDIAL	8	1.0	1.0
43.49524	9.85471	-82.71224	LAX_LV_EPICARDIAL	8	1.0	1.0
43.15112	12.57161	-81.16701	LAX_LV_EPICARDIAL	8	1.0	1.0
42.80701	15.28851	-79.62178	LAX_LV_EPICARDIAL	8	1.0	1.0
42.46289	18.00541	-78.07654	LAX_LV_EPICARDIAL	8	1.0	1.0
42.11878	20.72231	-76.53131	LAX_LV_EPICARDIAL	8	1.0	1.0
41.77466	23.43921	-74.98608	LAX_LV_EPICARDIAL	8	1.0	1.0
41.43055	26.15610	-73.44084	LAX_LV_EPICARDIAL	8	1.0	1.0
40.18449	28.87300	-70.81670	LAX_LV_EPICARDIAL	8	1.0	1.0
39.84038	31.58990	-69.27147	LAX_LV_EPICARDIAL	8	1.0	1.0
39.49626	34.30680	-67.72624	LAX_LV_EPICARDIAL	8	1.0	1.0
38.25021	37.02370	-65.10210	LAX_LV_EPICARDIAL	8	1.0	1.0
36.72524	38.38215	-62.71112	LAX_LV_EPICARDIAL	8	1.0	1.0
35.47918	41.09905	-60.08698	LAX_LV_EPICARDIAL	8	1.0	1.0
33.95421	42.45750	-57.69600	LAX_LV_EPICARDIAL	8	1.0	1.0
32.42925	43.81595	-55.30502	LAX_LV_EPICARDIAL	8	1.0	1.0
30.90428	45.17440	-52.91404	LAX_LV_EPICARDIAL	8	1.0	1.0
29.37931	46.53285	-50.52306	LAX_LV_EPICARDIAL	8	1.0	1.0
27.57543	46.53285	-48.36524	LAX_LV_EPICARDIAL	8	1.0	1.0
26.05046	47.89130	-45.97426	LAX_LV_EPICARDIAL	8	1.0	1.0
23.96766	46.53286	-44.04961	LAX_LV_EPICARDIAL	8	1.0	1.0
21.88487	45.17441	-42.12495	LAX_LV_EPICARDIAL	8	1.0	1.0
-3.27527	1.70406	-30.16577	LAX_LV_ENDOCARDIAL	8	1.0	1.0
-1.19248	3.06251	-32.09043	LAX_LV_ENDOCARDIAL	8	1.0	1.0
0.89032	4.42096	-34.01509	LAX_LV_ENDOCARDIAL	8	1.0	1.0
2.69420	4.42096	-36.17290	LAX_LV_ENDOCARDIAL	8	1.0	1.0
4.49808	4.42095	-38.33072	LAX_LV_ENDOCARDIAL	8	1.0	1.0
6.02305	3.06250	-40.72170	LAX_LV_ENDOCARDIAL	8	1.0	1.0
7.54802	1.70405	-43.11268	LAX_LV_ENDOCARDIAL	8	1.0	1.0
8.79407	-1.01285	-45.73682	LAX_LV_ENDOCARDIAL	8	1.0	1.0
10.04013	-3.72974	-48.36096	LAX_LV_ENDOCARDIAL	8	1.0	1.0
11.56510	-5.08820	-50.75194	LAX_LV_ENDOCARDIAL	8	1.0	1.0
13.09006	-6.44665	-53.14292	LAX_LV_ENDOCARDIAL	8	1.0	1.0
14.61503	-7.80510	-55.53390	LAX_LV_ENDOCARDIAL	8	1.0	1.0
16.14000	-9.16355	-57.92488	LAX_LV_ENDOCARDIAL	8	1.0	1.0
17.66497	-10.52200	-60.31586	LAX_LV_ENDOCARDIAL	8	1.0	1.0
19.18994	-11.88045	-62.70684	LAX_LV_ENDOCARDIAL	8	1.0	1.0
20.71491	-13.23890	-65.09782	LAX_LV_ENDOCARDIAL	8	1.0	1.0
22.51879	-13.23890	-67.25563	LAX_LV_ENDOCARDIAL	8	1.0	1.0
24.04376	-14.59735	-69.64661	LAX_LV_ENDOCARDIAL	8	1.0	1.0
25.56873	-15.95580	-72.03759	LAX_LV_ENDOCARDIAL	8	1.0	1.0
27.37261	-15.95580	-74.19541	LAX_LV_ENDOCARDIAL	8	1.0	1.0
28.89757	-17.31425	-76.58639	LAX_LV_ENDOCARDIAL	8	1.0	1.0
30.70146	-17.31425	-78.74421	LAX_LV_ENDOCARDIAL	8	1.0	1.0
32.22642	-18.67271	-81.13519	LAX_LV_ENDOCARDIAL	8	1.0	1.0
34.03031	-18.67271	-83.29300	LAX_LV_ENDOCARDIAL	8	1.0	1.0
36.11310	-17.31426	-85.21766	LAX_LV_ENDOCARDIAL	8	1.0	1.0
37.63807	-18.67271	-87.60864	LAX_LV_ENDOCARDIAL	8	1.0	1.0
39.72086	-17.31426	-89.53330	LAX_LV_ENDOCARDIAL	8	1.0	1.0
40.90172	-15.95582	-90.37904	LAX_LV_ENDOCARDIAL	8	1.0	1.0
40.55760	-13.23892	-88.83381	LAX_LV_ENDOCARDIAL	8	1.0	1.0
39.31155	-10.52202	-86.20967	LAX_LV_ENDOCARDIAL	8	1.0	1.0
38.06549	-7.80512	-83.58553	LAX_LV_ENDOCARDIAL	8	1.0	1.0
37.72137	-5.08822	-82.04029	LAX_LV_ENDOCARDIAL	8	1.0	1.0
36.47532	-2.37132	-79.41615	LAX_LV_ENDOCARDIAL	8	1.0	1.0
35.22926	0.34558	-76.79201	LAX_LV_ENDOCARDIAL	8	1.0	1.0
34.88515	3.06248	-75.24678	LAX_LV_ENDOCARDIAL	8	1.0	1.0
33.63909	5.77938	-72.62264	LAX_LV_ENDOCARDIAL	8	1.0	1.0
32.39304	8.49627	-69.99850	LAX_LV_ENDOCARDIAL	8	1.0	1.0
31.14698	11.21317	-67.37436	LAX_LV_ENDOCARDIAL	8	1.0	1.0
29.90093	13.93007	-64.75021	LAX_LV_ENDOCARDIAL	8	1.0	1.0
29.55681	16.64697	-63.20498	LAX_LV_ENDOCARDIAL	8	1.0	1.0
30.11464	19.36387	-62.73866	LAX_LV_ENDOCARDIAL	8	1.0	1.0
29.77052	22.08077	-61.19343	LAX_LV_ENDOCARDIAL	8	1.0	1.0
28.52447	24.79767	-58.56928	LAX_LV_ENDOCARDIAL	8	1.0	1.0
27.27841	27.51457	-55.94514	LAX_LV_ENDOCARDIAL	8	1.0	1.0
26.03235	30.23147	-53.32100	LAX_LV_ENDOCARDIAL	8	1.0	1.0
24.50739	31.58992	-50.93002	LAX_LV_ENDOCARDIAL	8	1.0	1.0
22.98242	32.94837	-48.53904	LAX_LV_ENDOCARDIAL	8	1.0	1.0
21.45745	34.30682	-46.14806	LAX_LV_ENDOCARDIAL	8	1.0	1.0
20.21139	37.02372	-43.52392	LAX_LV_ENDOCARDIAL	8	1.0	1.0
-1.73220	18.00545	-25.21001	LAX_LV_ENDOCARDIAL	8	1.0	1.0
-25.56298	-14.59730	-10.30663	LAX_RV_EPICARDIAL	8	1.0	1.0
-24.31692	-17.31420	-12.93077	LAX_RV_EPICARDIAL	8	1.0	1.0
-22.79195	-18.67265	-15.32175	LAX_RV_EPICARDIAL	8	1.0	1.0
-21.26699	-20.03110	-17.71273	LAX_RV_EPICARDIAL	8	1.0	1.0
-19.74202	-21.38955	-20.10371	LAX_RV_EPICARDIAL	8	1.0	1.0
-17.93814	-21.38956	-22.26153	LAX_RV_EPICARDIAL	8	1.0	1.0
-16.41317	-22.74801	-24.65251	LAX_RV_EPICARDIAL	8	1.0	1.0
-14.88820	-24.10646	-27.04349	LAX_RV_EPICARDIAL	8	1.0	1.0
-13.36323	-25.46491	-29.43447	LAX_RV_EPICARDIAL	8	1.0	1.0
-11.55935	-25.46491	-31.59229	LAX_RV_EPICARDIAL	8	1.0	1.0
-10.03438	-26.82336	-33.98326	LAX_RV_EPICARDIAL	8	1.0	1.0
-8.23050	-26.82336	-36.14108	LAX_RV_EPICARDIAL	8	1.0	1.0
-6.42662	-26.82336	-38.29890	LAX_RV_EPICARDIAL	8	1.0	1.0
-4.62274	-26.82336	-40.45672	LAX_RV_EPICARDIAL	8	1.0	1.0
-2.81886	-26.82337	-42.61453	LAX_RV_EPICARDIAL	8	1.0	1.0
-0.73606	-25.46492	-44.53919	LAX_RV_EPICARDIAL	8	1.0	1.0
1.06782	-25.46492	-46.69701	LAX_RV_EPICARDIAL	8	1.0	1.0
2.87170	-25.46492	-48.85483	LAX_RV_EPICARDIAL	8	1.0	1.0
4.67558	-25.46492	-51.01264	LAX_RV_EPICARDIAL	8	1.0	1.0
6.47946	-25.46493	-53.17046	LAX_RV_EPICARDIAL	8	1.0	1.0
8.28334	-25.46493	-55.32828	LAX_RV_EPICARDIAL	8	1.0	1.0
10.08723	-25.46493	-57.48610	LAX_RV_EPICARDIAL	8	1.0	1.0
-6.40851	-9.16352	-30.95216	LAX_RV_EPICARDIAL	8	1.0	1.0
-8.27760	-5.08818	-27.01595	LAX_RV_EPICARDIAL	8	1.0	1.0
-10.36039	-6.44662	-25.09129	LAX_RV_EPICARDIAL	8	1.0	1.0
-12.44319	-7.80507	-23.16664	LAX_RV_EPICARDIAL	8	1.0	1.0
-14.24707	-7.80507	-21.00882	LAX_RV_EPICARDIAL	8	1.0	1.0
-16.05095	-7.80507	-18.85100	LAX_RV_EPICARDIAL	8	1.0	1.0
-17.85483	-7.80506	-16.69318	LAX_RV_EPICARDIAL	8	1.0	1.0
-19.65871	-7.80506	-14.53537	LAX_RV_EPICARDIAL	8	1.0	1.0
-21.74150	-9.16351	-12.61071	LAX_RV_EPICARDIAL	8	1.0	1.0
-24.10321	-11.88041	-10.91922	LAX_RV_EPICARDIAL	8	1.0	1.0
-0.27243	20.72235	-25.82260	MITRAL_VALVE	8	1.0	1.0
18.40751	37.02372	-41.36611	MITRAL_VALVE	8	1.0	1.0
-3.53608	18.00545	-23.05220	AORTA_VALVE	8	1.0	1.0
-6.53892	-1.01283	-27.39537	AORTA_VALVE	8	1.0	1.0
-45.52138	-0.91494	-79.02876	LAX_RV_FREEWALL	7	1.0	11
-46.69965	-2.51623	-81.46499	LAX_RV_FREEWALL	7	1.0	11
-45.07836	-4.11752	-83.63178	LAX_RV_FREEWALL	7	1.0	11
-43.45706	-5.71881	-85.79857	LAX_RV_FREEWALL	7	1.0	11
-40.43599	-7.32011	-87.83063	LAX_RV_FREEWALL	7	1.0	11
-37.41491	-8.92140	-89.86269	LAX_RV_FREEWALL	7	1.0	11
-34.50459	-9.72205	-90.74400	LAX_RV_FREEWALL	7	1.0	11
-31.48352	-11.32334	-92.77606	LAX_RV_FREEWALL	7	1.0	11
-28.57320	-12.12398	-93.65736	LAX_RV_FREEWALL	7	1.0	11
-25.66288	-12.92463	-94.53867	LAX_RV_FREEWALL	7	1.0	11
-22.75256	-13.72528	-95.41998	LAX_RV_FREEWALL	7	1.0	11
-19.73148	-15.32657	-97.45204	LAX_RV_FREEWALL	7	1.0	11
-16.82117	-16.12721	-98.33334	LAX_RV_FREEWALL	7	1.0	11
-13.91085	-16.92786	-99.21465	LAX_RV_FREEWALL	7	1.0	11
-11.00053	-17.72851	-100.09596	LAX_RV_FREEWALL	7	1.0	11
-8.09021	-18.52915	-100.97726	LAX_RV_FREEWALL	7	1.0	11
-5.17989	-19.32980	-101.85857	LAX_RV_FREEWALL	7	1.0	11
-2.38033	-19.32980	-101.58912	LAX_RV_FREEWALL	7	1.0	11
0.52999	-20.13045	-102.47043	LAX_RV_FREEWALL	7	1.0	11
3.32955	-20.13045	-102.20098	LAX_RV_FREEWALL	7	1.0	11
6.23987	-20.93109	-103.08228	LAX_RV_FREEWALL	7	1.0	11
9.03944	-20.93110	-102.81283	LAX_RV_FREEWALL	7	1.0	11
11.83900	-20.93110	-102.54338	LAX_RV_FREEWALL	7	1.0	11
14.74932	-21.73174	-103.42469	LAX_RV_FREEWALL	7	1.0	11
17.54888	-21.73174	-103.15524	LAX_RV_FREEWALL	7	1.0	11
20.34844	-21.73174	-102.88579	LAX_RV_FREEWALL	7	1.0	11
23.03725	-20.93110	-101.46559	LAX_RV_FREEWALL	7	1.0	11
-44.34312	0.68635	-76.59252	LAX_RV_EPICARDIAL	7	1.0	11
-47.14268	0.68635	-76.86197	LAX_RV_EPICARDIAL	7	1.0	11
-49.72073	-0.91494	-79.43293	LAX_RV_EPICARDIAL	7	1.0	11
-50.89900	-2.51623	-81.86917	LAX_RV_EPICARDIAL	7	1.0	11
-50.67748	-4.11752	-84.17068	LAX_RV_EPICARDIAL	7	1.0	11
-47.65641	-5.71881	-86.20274	LAX_RV_EPICARDIAL	7	1.0	11
-44.63533	-7.32011	-88.23480	LAX_RV_EPICARDIAL	7	1.0	11
-43.01404	-8.92140	-90.40159	LAX_RV_EPICARDIAL	7	1.0	11
-41.39274	-10.52269	-92.56837	LAX_RV_EPICARDIAL	7	1.0	11
-38.48242	-11.32334	-93.44968	LAX_RV_EPICARDIAL	7	1.0	11
-35.57210	-12.12398	-94.33099	LAX_RV_EPICARDIAL	7	1.0	11
-32.55103	-13.72527	-96.36305	LAX_RV_EPICARDIAL	7	1.0	11
-29.64071	-14.52592	-97.24435	LAX_RV_EPICARDIAL	7	1.0	11
-26.73039	-15.32657	-98.12566	LAX_RV_EPICARDIAL	7	1.0	11
-23.82007	-16.12721	-99.00697	LAX_RV_EPICARDIAL	7	1.0	11
-20.90975	-16.92786	-99.88827	LAX_RV_EPICARDIAL	7	1.0	11
-17.99943	-17.72851	-100.76958	LAX_RV_EPICARDIAL	7	1.0	11
-15.08911	-18.52915	-101.65089	LAX_RV_EPICARDIAL	7	1.0	11
-12.17880	-19.32980	-102.53219	LAX_RV_EPICARDIAL	7	1.0	11
-9.15772	-20.93109	-104.56425	LAX_RV_EPICARDIAL	7	1.0	11
-6.24740	-21.73174	-105.44556	LAX_RV_EPICARDIAL	7	1.0	11
-3.33708	-22.53238	-106.32687	LAX_RV_EPICARDIAL	7	1.0	11
-0.53752	-22.53238	-106.05742	LAX_RV_EPICARDIAL	7	1.0	11
2.26204	-22.53239	-105.78797	LAX_RV_EPICARDIAL	7	1.0	11
5.06161	-22.53239	-105.51852	LAX_RV_EPICARDIAL	7	1.0	11
7.97192	-23.33303	-106.39982	LAX_RV_EPICARDIAL	7	1.0	11
10.77149	-23.33303	-106.13037	LAX_RV_EPICARDIAL	7	1.0	11
13.57105	-23.33303	-105.86093	LAX_RV_EPICARDIAL	7	1.0	11
16.37061	-23.33303	-105.59148	LAX_RV_EPICARDIAL	7	1.0	11
19.28093	-24.13368	-106.47278	LAX_RV_EPICARDIAL	7	1.0	11
22.08049	-24.13368	-106.20333	LAX_RV_EPICARDIAL	7	1.0	11
24.76930	-23.33304	-104.78313	LAX_RV_EPICARDIAL	7	1.0	11
25.94757	-21.73175	-102.34689	LAX_RV_EPICARDIAL	7	1.0	11
27.12584	-20.13046	-99.91066	LAX_RV_EPICARDIAL	7	1.0	11
25.61530	-19.32981	-98.89463	LAX_RV_SEPTUM	7	1.0	11
22.70498	-18.52916	-98.01332	LAX_RV_SEPTUM	7	1.0	11
19.79466	-17.72852	-97.13201	LAX_RV_SEPTUM	7	1.0	11
16.77358	-16.12722	-95.09995	LAX_RV_SEPTUM	7	1.0	11
13.75251	-14.52593	-93.06789	LAX_RV_SEPTUM	7	1.0	11
10.73143	-12.92464	-91.03583	LAX_RV_SEPTUM	7	1.0	11
7.82111	-12.12399	-90.15452	LAX_RV_SEPTUM	7	1.0	11
4.80004	-10.52270	-88.12246	LAX_RV_SEPTUM	7	1.0	11
3.17874	-8.92141	-85.95567	LAX_RV_SEPTUM	7	1.0	11
0.15767	-7.32012	-83.92361	LAX_RV_SEPTUM	7	1.0	11
-1.46363	-5.71883	-81.75683	LAX_RV_SEPTUM	7	1.0	11
-3.08492	-4.11753	-79.59004	LAX_RV_SEPTUM	7	1.0	11
-4.70621	-2.51624	-77.42325	LAX_RV_SEPTUM	7	1.0	11
-6.32751	-0.91495	-75.25647	LAX_RV_SEPTUM	7	1.0	11
-7.94880	0.68634	-73.08968	LAX_RV_SEPTUM	7	1.0	11
-9.57010	2.28763	-70.92290	LAX_RV_SEPTUM	7	1.0	11
-12.59117	3.88892	-68.89083	LAX_RV_SEPTUM	7	1.0	11
-14.21247	5.49022	-66.72405	LAX_RV_SEPTUM	7	1.0	11
-15.83376	7.09151	-64.55726	LAX_RV_SEPTUM	7	1.0	11
-16.05527	8.69280	-62.25575	LAX_RV_SEPTUM	7	1.0	11
-17.67657	10.29409	-60.08896	LAX_RV_SEPTUM	7	1.0	11
-19.00565	19.90184	-46.27990	LAX_LV_EPICARDIAL	7	1.0	11
-18.78413	18.30055	-48.58141	LAX_LV_EPICARDIAL	7	1.0	11
-18.56262	16.69925	-50.88292	LAX_LV_EPICARDIAL	7	1.0	11
-18.34111	15.09796	-53.18443	LAX_LV_EPICARDIAL	7	1.0	11
-18.11959	13.49667	-55.48594	LAX_LV_EPICARDIAL	7	1.0	11
-17.89808	11.89538	-57.78745	LAX_LV_EPICARDIAL	7	1.0	11
29.92540	-20.13046	-99.64121	LAX_LV_EPICARDIAL	7	1.0	11
32.72496	-20.13046	-99.37176	LAX_LV_EPICARDIAL	7	1.0	11
35.52452	-20.13046	-99.10231	LAX_LV_EPICARDIAL	7	1.0	11
38.32409	-20.13046	-98.83286	LAX_LV_EPICARDIAL	7	1.0	11
41.12365	-20.13046	-98.56341	LAX_LV_EPICARDIAL	7	1.0	11
43.70170	-18.52917	-95.99245	LAX_LV_EPICARDIAL	7	1.0	11
44.99072	-17.72852	-94.70697	LAX_LV_EPICARDIAL	7	1.0	11
47.56877	-16.12723	-92.13601	LAX_LV_EPICARDIAL	7	1.0	11
48.74704	-14.52594	-89.69977	LAX_LV_EPICARDIAL	7	1.0	11
49.92531	-12.92465	-87.26354	LAX_LV_EPICARDIAL	7	1.0	11
49.70380	-11.32336	-84.96203	LAX_LV_EPICARDIAL	7	1.0	11
50.88206	-9.72207	-82.52579	LAX_LV_EPICARDIAL	7	1.0	11
52.06033	-8.12078	-80.08956	LAX_LV_EPICARDIAL	7	1.0	11
51.83882	-6.51949	-77.78805	LAX_LV_EPICARDIAL	7	1.0	11
53.01709	-4.91820	-75.35181	LAX_LV_EPICARDIAL	7	1.0	11
52.79557	-3.31691	-73.05030	LAX_LV_EPICARDIAL	7	1.0	11
53.97384	-1.71561	-70.61406	LAX_LV_EPICARDIAL	7	1.0	11
53.75233	-0.11432	-68.31255	LAX_LV_EPICARDIAL	7	1.0	11
54.93060	1.48697	-65.87632	LAX_LV_EPICARDIAL	7	1.0	11
54.70908	3.08826	-63.57481	LAX_LV_EPICARDIAL	7	1.0	11
54.48757	4.68955	-61.27329	LAX_LV_EPICARDIAL	7	1.0	11
54.26606	6.29084	-58.97178	LAX_LV_EPICARDIAL	7	1.0	11
52.64476	7.89213	-56.80500	LAX_LV_EPICARDIAL	7	1.0	11
52.42325	9.49342	-54.50349	LAX_LV_EPICARDIAL	7	1.0	11
52.20174	11.09472	-52.20198	LAX_LV_EPICARDIAL	7	1.0	11
50.58044	12.69601	-50.03519	LAX_LV_EPICARDIAL	7	1.0	11
50.35893	14.29730	-47.73368	LAX_LV_EPICARDIAL	7	1.0	11
48.73764	15.89859	-45.56689	LAX_LV_EPICARDIAL	7	1.0	11
47.11634	17.49988	-43.40011	LAX_LV_EPICARDIAL	7	1.0	11
45.49505	19.10117	-41.23332	LAX_LV_EPICARDIAL	7	1.0	11
45.27353	20.70246	-38.93181	LAX_LV_EPICARDIAL	7	1.0	11
43.65224	22.30376	-36.76502	LAX_LV_EPICARDIAL	7	1.0	11
42.03095	23.90505	-34.59824	LAX_LV_EPICARDIAL	7	1.0	11
39.00987	25.50634	-32.56617	LAX_LV_EPICARDIAL	7	1.0	11
35.98879	27.10763	-30.53411	LAX_LV_EPICARDIAL	7	1.0	11
32.96772	28.70892	-28.50205	LAX_LV_EPICARDIAL	7	1.0	11
30.05740	29.50957	-27.62074	LAX_LV_EPICARDIAL	7	1.0	11
27.25784	29.50957	-27.89019	LAX_LV_EPICARDIAL	7	1.0	11
24.34752	30.31022	-27.00889	LAX_LV_EPICARDIAL	7	1.0	11
-14.58479	18.30055	-48.17724	LAX_LV_ENDOCARDIAL	7	1.0	11
-14.36328	16.69925	-50.47875	LAX_LV_ENDOCARDIAL	7	1.0	11
-12.74198	15.09796	-52.64553	LAX_LV_ENDOCARDIAL	7	1.0	11
-9.72091	13.49667	-54.67759	LAX_LV_ENDOCARDIAL	7	1.0	11
-6.69983	11.89538	-56.70966	LAX_LV_ENDOCARDIAL	7	1.0	11
-5.07854	10.29409	-58.87644	LAX_LV_ENDOCARDIAL	7	1.0	11
-2.05746	8.69279	-60.90850	LAX_LV_ENDOCARDIAL	7	1.0	11
-0.43617	7.09150	-63.07529	LAX_LV_ENDOCARDIAL	7	1.0	11
1.18513	5.49021	-65.24208	LAX_LV_ENDOCARDIAL	7	1.0	11
4.20620	3.88892	-67.27414	LAX_LV_ENDOCARDIAL	7	1.0	11
5.82750	2.28763	-69.44092	LAX_LV_ENDOCARDIAL	7	1.0	11
7.44879	0.68634	-71.60771	LAX_LV_ENDOCARDIAL	7	1.0	11
9.07009	-0.91496	-73.77450	LAX_LV_ENDOCARDIAL	7	1.0	11
10.69138	-2.51625	-75.94128	LAX_LV_ENDOCARDIAL	7	1.0	11
12.31267	-4.11754	-78.10807	LAX_LV_ENDOCARDIAL	7	1.0	11
15.33375	-5.71883	-80.14013	LAX_LV_ENDOCARDIAL	7	1.0	11
18.35482	-7.32012	-82.17219	LAX_LV_ENDOCARDIAL	7	1.0	11
21.37590	-8.92142	-84.20425	LAX_LV_ENDOCARDIAL	7	1.0	11
24.39698	-10.52271	-86.23632	LAX_LV_ENDOCARDIAL	7	1.0	11
27.41805	-12.12400	-88.26838	LAX_LV_ENDOCARDIAL	7	1.0	11
30.43913	-13.72529	-90.30044	LAX_LV_ENDOCARDIAL	7	1.0	11
33.34945	-14.52594	-91.18174	LAX_LV_ENDOCARDIAL	7	1.0	11
36.25977	-15.32658	-92.06305	LAX_LV_ENDOCARDIAL	7	1.0	11
39.05933	-15.32659	-91.79360	LAX_LV_ENDOCARDIAL	7	1.0	11
40.23760	-13.72529	-89.35737	LAX_LV_ENDOCARDIAL	7	1.0	11
40.01608	-12.12400	-87.05586	LAX_LV_ENDOCARDIAL	7	1.0	11
39.79457	-10.52271	-84.75434	LAX_LV_ENDOCARDIAL	7	1.0	11
40.97284	-8.92142	-82.31811	LAX_LV_ENDOCARDIAL	7	1.0	11
40.75132	-7.32013	-80.01660	LAX_LV_ENDOCARDIAL	7	1.0	11
40.52981	-5.71884	-77.71509	LAX_LV_ENDOCARDIAL	7	1.0	11
41.70808	-4.11755	-75.27885	LAX_LV_ENDOCARDIAL	7	1.0	11
41.48657	-2.51626	-72.97734	LAX_LV_ENDOCARDIAL	7	1.0	11
41.26505	-0.91496	-70.67583	LAX_LV_ENDOCARDIAL	7	1.0	11
41.04354	0.68633	-68.37432	LAX_LV_ENDOCARDIAL	7	1.0	11
40.82203	2.28762	-66.07281	LAX_LV_ENDOCARDIAL	7	1.0	11
40.60051	3.88891	-63.77130	LAX_LV_ENDOCARDIAL	7	1.0	11
40.37900	5.49020	-61.46979	LAX_LV_ENDOCARDIAL	7	1.0	11
40.15749	7.09149	-59.16827	LAX_LV_ENDOCARDIAL	7	1.0	11
38.53619	8.69278	-57.00149	LAX_LV_ENDOCARDIAL	7	1.0	11
38.31468	10.29407	-54.69998	LAX_LV_ENDOCARDIAL	7	1.0	11
36.69339	11.89537	-52.53319	LAX_LV_ENDOCARDIAL	7	1.0	11
36.47187	13.49666	-50.23168	LAX_LV_ENDOCARDIAL	7	1.0	11
34.85058	15.09795	-48.06489	LAX_LV_ENDOCARDIAL	7	1.0	11
34.62907	16.69924	-45.76338	LAX_LV_ENDOCARDIAL	7	1.0	11
33.00777	18.30053	-43.59660	LAX_LV_ENDOCARDIAL	7	1.0	11
29.98670	19.90182	-41.56454	LAX_LV_ENDOCARDIAL	7	1.0	11
28.36540	21.50312	-39.39775	LAX_LV_ENDOCARDIAL	7	1.0	11
25.34433	23.10441	-37.36569	LAX_LV_ENDOCARDIAL	7	1.0	11
23.72303	24.70570	-35.19890	LAX_LV_ENDOCARDIAL	7	1.0	11
20.70196	26.30699	-33.16684	LAX_LV_ENDOCARDIAL	7	1.0	11
19.08066	27.90828	-31.00005	LAX_LV_ENDOCARDIAL	7	1.0	11
-44.34312	0.68635	-76.59252	LAX_RV_EPICARDIAL	7	1.0	11
-47.14268	0.68635	-76.86197	LAX_RV_EPICARDIAL	7	1.0	11
-49.72073	-0.91494	-79.43293	LAX_RV_EPICARDIAL	7	1.0	11
-50.89900	-2.51623	-81.86917	LAX_RV_EPICARDIAL	7	1.0	11
-50.67748	-4.11752	-84.17068	LAX_RV_EPICARDIAL	7	1.0	11
-47.65641	-5.71881	-86.20274	LAX_RV_EPICARDIAL	7	1.0	11
-44.63533	-7.32011	-88.23480	LAX_RV_EPICARDIAL	7	1.0	11
-43.01404	-8.92140	-90.40159	LAX_RV_EPICARDIAL	7	1.0	11
-41.39274	-10.52269	-92.56837	LAX_RV_EPICARDIAL	7	1.0	11
-38.48242	-11.32334	-93.44968	LAX_RV_EPICARDIAL	7	1.0	11
-35.57210	-12.12398	-94.33099	LAX_RV_EPICARDIAL	7	1.0	11
-32.55103	-13.72527	-96.36305	LAX_RV_EPICARDIAL	7	1.0	11
-29.64071	-14.52592	-97.24435	LAX_RV_EPICARDIAL	7	1.0	11
-26.73039	-15.32657	-98.12566	LAX_RV_EPICARDIAL	7	1.0	11
-23.82007	-16.12721	-99.00697	LAX_RV_EPICARDIAL	7	1.0	11
-20.90975	-16.92786	-99.88827	LAX_RV_EPICARDIAL	7	1.0	11
-17.99943	-17.72851	-100.76958	LAX_RV_EPICARDIAL	7	1.0	11
-15.08911	-18.52915	-101.65089	LAX_RV_EPICARDIAL	7	1.0	11
-12.17880	-19.32980	-102.53219	LAX_RV_EPICARDIAL	7	1.0	11
-9.15772	-20.93109	-104.56425	LAX_RV_EPICARDIAL	7	1.0	11
-6.24740	-21.73174	-105.44556	LAX_RV_EPICARDIAL	7	1.0	11
-3.33708	-22.53238	-106.32687	LAX_RV_EPICARDIAL	7	1.0	11
-0.53752	-22.53238	-106.05742	LAX_RV_EPICARDIAL	7	1.0	11
2.26204	-22.53239	-105.78797	LAX_RV_EPICARDIAL	7	1.0	11
5.06161	-22.53239	-105.51852	LAX_RV_EPICARDIAL	7	1.0	11
7.97192	-23.33303	-106.39982	LAX_RV_EPICARDIAL	7	1.0	11
10.77149	-23.33303	-106.13037	LAX_RV_EPICARDIAL	7	1.0	11
13.57105	-23.33303	-105.86093	LAX_RV_EPICARDIAL	7	1.0	11
16.37061	-23.33303	-105.59148	LAX_RV_EPICARDIAL	7	1.0	11
19.28093	-24.13368	-106.47278	LAX_RV_EPICARDIAL	7	1.0	11
22.08049	-24.13368	-106.20333	LAX_RV_EPICARDIAL	7	1.0	11
24.76930	-23.33304	-104.78313	LAX_RV_EPICARDIAL	7	1.0	11
25.94757	-21.73175	-102.34689	LAX_RV_EPICARDIAL	7	1.0	11
27.12584	-20.13046	-99.91066	LAX_RV_EPICARDIAL	7	1.0	11
18.85915	29.50957	-28.69854	MITRAL_VALVE	7	1.0	11
-16.31684	20.70248	-44.85969	MITRAL_VALVE	7	1.0	11
-45.85365	1.48700	-75.57649	TRICUSPID_VALVE	7	1.0	11
-19.29786	11.89538	-57.92218	TRICUSPID_VALVE	7	1.0	11
41.12365	-20.13046	-98.56341	APEX_POINT	7	1.0	11
-10.31784	-17.17635	-6.74174	LAX_RV_FREEWALL	11	1.0	11
-9.93953	-17.16647	-9.52866	LAX_RV_FREEWALL	11	1.0	11
-9.47580	-18.56023	-12.30896	LAX_RV_FREEWALL	11	1.0	11
-9.09749	-18.55035	-15.09589	LAX_RV_FREEWALL	11	1.0	11
-8.71917	-18.54047	-17.88281	LAX_RV_FREEWALL	11	1.0	11
-8.25545	-19.93423	-20.66311	LAX_RV_FREEWALL	11	1.0	11
-7.87713	-19.92436	-23.45004	LAX_RV_FREEWALL	11	1.0	11
-7.41341	-21.31812	-26.23034	LAX_RV_FREEWALL	11	1.0	11
-7.03509	-21.30824	-29.01726	LAX_RV_FREEWALL	11	1.0	11
-6.57136	-22.70200	-31.79757	LAX_RV_FREEWALL	11	1.0	11
-6.10764	-24.09576	-34.57787	LAX_RV_FREEWALL	11	1.0	11
-5.72932	-24.08588	-37.36479	LAX_RV_FREEWALL	11	1.0	11
-5.35101	-24.07600	-40.15172	LAX_RV_FREEWALL	11	1.0	11
-4.97270	-24.06612	-42.93864	LAX_RV_FREEWALL	11	1.0	11
-4.50897	-25.45988	-45.71894	LAX_RV_FREEWALL	11	1.0	11
-4.13066	-25.45000	-48.50587	LAX_RV_FREEWALL	11	1.0	11
-3.75235	-25.44012	-51.29279	LAX_RV_FREEWALL	11	1.0	11
-3.45945	-24.02660	-54.08633	LAX_RV_FREEWALL	11	1.0	11
-3.08114	-24.01673	-56.87325	LAX_RV_FREEWALL	11	1.0	11
-2.70283	-24.00685	-59.66018	LAX_RV_FREEWALL	11	1.0	11
-2.32451	-23.99697	-62.44710	LAX_RV_FREEWALL	11	1.0	11
-1.86079	-25.39073	-65.22740	LAX_RV_FREEWALL	11	1.0	11
-1.39706	-26.78449	-68.00771	LAX_RV_FREEWALL	11	1.0	11
-1.01875	-26.77461	-70.79463	LAX_RV_FREEWALL	11	1.0	11
-0.64043	-26.76473	-73.58155	LAX_RV_FREEWALL	11	1.0	11
-0.26212	-26.75485	-76.36848	LAX_RV_FREEWALL	11	1.0	11
0.11619	-26.74497	-79.15540	LAX_RV_FREEWALL	11	1.0	11
0.49450	-26.73509	-81.94232	LAX_RV_FREEWALL	11	1.0	11
0.87281	-26.72521	-84.72925	LAX_RV_FREEWALL	11	1.0	11
1.25113	-26.71534	-87.51617	LAX_RV_FREEWALL	11	1.0	11
1.62944	-26.70546	-90.30309	LAX_RV_FREEWALL	11	1.0	11
2.00775	-26.69558	-93.09002	LAX_RV_FREEWALL	11	1.0	11
2.38606	-26.68570	-95.87694	LAX_RV_FREEWALL	11	1.0	11
2.76438	-26.67582	-98.66386	LAX_RV_FREEWALL	11	1.0	11
3.05727	-25.26230	-101.45741	LAX_RV_FREEWALL	11	1.0	11
3.35017	-23.84879	-104.25095	LAX_RV_FREEWALL	11	1.0	11
3.36849	-21.03657	-105.65765	LAX_RV_FREEWALL	11	1.0	11
3.19766	-18.22929	-105.67089	LAX_RV_FREEWALL	11	1.0	11
2.83767	-15.42695	-104.29066	LAX_RV_FREEWALL	11	1.0	11
2.47768	-12.62462	-102.91044	LAX_RV_FREEWALL	11	1.0	11
1.92854	-9.82722	-100.13676	LAX_RV_FREEWALL	11	1.0	11
1.56855	-7.02488	-98.75653	LAX_RV_FREEWALL	11	1.0	11
1.01941	-4.22748	-95.98285	LAX_RV_FREEWALL	11	1.0	11
0.65942	-1.42514	-94.60263	LAX_RV_FREEWALL	11	1.0	11
0.11028	1.37225	-91.82894	LAX_RV_FREEWALL	11	1.0	11
-0.43887	4.16965	-89.05526	LAX_RV_FREEWALL	11	1.0	11
-0.90260	5.56341	-86.27495	LAX_RV_FREEWALL	11	1.0	11
-1.11008	2.74626	-83.47479	LAX_RV_SEPTUM	11	1.0	11
-1.40297	1.33274	-80.68125	LAX_RV_SEPTUM	11	1.0	11
-1.61045	-1.48442	-77.88109	LAX_RV_SEPTUM	11	1.0	11
-1.62878	-4.29663	-76.47439	LAX_RV_SEPTUM	11	1.0	11
-1.83626	-7.11379	-73.67423	LAX_RV_SEPTUM	11	1.0	11
-2.12915	-8.52731	-70.88068	LAX_RV_SEPTUM	11	1.0	11
-2.42205	-9.94082	-68.08714	LAX_RV_SEPTUM	11	1.0	11
-2.80036	-9.95070	-65.30022	LAX_RV_SEPTUM	11	1.0	11
-3.09326	-11.36422	-62.50668	LAX_RV_SEPTUM	11	1.0	11
-3.47157	-11.37410	-59.71975	LAX_RV_SEPTUM	11	1.0	11
-3.84988	-11.38398	-56.93283	LAX_RV_SEPTUM	11	1.0	11
-4.14278	-12.79750	-54.13929	LAX_RV_SEPTUM	11	1.0	11
-4.52109	-12.80737	-51.35236	LAX_RV_SEPTUM	11	1.0	11
-4.89940	-12.81725	-48.56544	LAX_RV_SEPTUM	11	1.0	11
-5.27772	-12.82713	-45.77852	LAX_RV_SEPTUM	11	1.0	11
-5.65603	-12.83701	-42.99159	LAX_RV_SEPTUM	11	1.0	11
-6.03434	-12.84689	-40.20467	LAX_RV_SEPTUM	11	1.0	11
-6.41265	-12.85677	-37.41775	LAX_RV_SEPTUM	11	1.0	11
-6.79096	-12.86665	-34.63082	LAX_RV_SEPTUM	11	1.0	11
-7.25469	-11.47289	-31.85052	LAX_RV_SEPTUM	11	1.0	11
-7.63300	-11.48277	-29.06360	LAX_RV_SEPTUM	11	1.0	11
-8.09673	-10.08901	-26.28329	LAX_RV_SEPTUM	11	1.0	11
-8.56046	-8.69525	-23.50299	LAX_RV_SEPTUM	11	1.0	11
-9.02419	-7.30149	-20.72269	LAX_RV_SEPTUM	11	1.0	11
-9.48792	-5.90773	-17.94238	LAX_RV_SEPTUM	11	1.0	11
-9.95164	-4.51397	-15.16208	LAX_RV_SEPTUM	11	1.0	11
-10.50079	-1.71657	-12.38839	LAX_RV_SEPTUM	11	1.0	11
-10.61073	-18.58987	-3.94819	LAX_RV_EPICARDIAL	11	1.0	11
-10.14701	-19.98363	-6.72850	LAX_RV_EPICARDIAL	11	1.0	11
-9.68328	-21.37739	-9.50880	LAX_RV_EPICARDIAL	11	1.0	11
-9.30497	-21.36751	-12.29572	LAX_RV_EPICARDIAL	11	1.0	11
-8.84124	-22.76127	-15.07603	LAX_RV_EPICARDIAL	11	1.0	11
-8.46293	-22.75139	-17.86295	LAX_RV_EPICARDIAL	11	1.0	11
-8.08461	-22.74151	-20.64987	LAX_RV_EPICARDIAL	11	1.0	11
-7.62089	-24.13527	-23.43018	LAX_RV_EPICARDIAL	11	1.0	11
-7.15716	-25.52903	-26.21048	LAX_RV_EPICARDIAL	11	1.0	11
-6.69343	-26.92279	-28.99078	LAX_RV_EPICARDIAL	11	1.0	11
-6.31512	-26.91291	-31.77771	LAX_RV_EPICARDIAL	11	1.0	11
-5.85139	-28.30667	-34.55801	LAX_RV_EPICARDIAL	11	1.0	11
-5.47308	-28.29679	-37.34493	LAX_RV_EPICARDIAL	11	1.0	11
-5.09476	-28.28691	-40.13186	LAX_RV_EPICARDIAL	11	1.0	11
-4.71645	-28.27704	-42.91878	LAX_RV_EPICARDIAL	11	1.0	11
-4.25272	-29.67080	-45.69908	LAX_RV_EPICARDIAL	11	1.0	11
-3.87441	-29.66092	-48.48601	LAX_RV_EPICARDIAL	11	1.0	11
-3.58152	-28.24740	-51.27955	LAX_RV_EPICARDIAL	11	1.0	11
-3.28862	-26.83388	-54.07309	LAX_RV_EPICARDIAL	11	1.0	11
-2.91031	-26.82400	-56.86002	LAX_RV_EPICARDIAL	11	1.0	11
-2.53200	-26.81412	-59.64694	LAX_RV_EPICARDIAL	11	1.0	11
-2.06827	-28.20788	-62.42724	LAX_RV_EPICARDIAL	11	1.0	11
-1.60454	-29.60164	-65.20755	LAX_RV_EPICARDIAL	11	1.0	11
-1.14081	-30.99540	-67.98785	LAX_RV_EPICARDIAL	11	1.0	11
-0.76250	-30.98552	-70.77477	LAX_RV_EPICARDIAL	11	1.0	11
-0.38419	-30.97565	-73.56170	LAX_RV_EPICARDIAL	11	1.0	11
-0.09129	-29.56213	-76.35524	LAX_RV_EPICARDIAL	11	1.0	11
0.28702	-29.55225	-79.14216	LAX_RV_EPICARDIAL	11	1.0	11
0.66533	-29.54237	-81.92909	LAX_RV_EPICARDIAL	11	1.0	11
1.12906	-30.93613	-84.70939	LAX_RV_EPICARDIAL	11	1.0	11
1.50737	-30.92625	-87.49631	LAX_RV_EPICARDIAL	11	1.0	11
1.88569	-30.91637	-90.28324	LAX_RV_EPICARDIAL	11	1.0	11
2.17858	-29.50286	-93.07678	LAX_RV_EPICARDIAL	11	1.0	11
2.55690	-29.49298	-95.86370	LAX_RV_EPICARDIAL	11	1.0	11
2.93521	-29.48310	-98.65062	LAX_RV_EPICARDIAL	11	1.0	11
3.31352	-29.47322	-101.43755	LAX_RV_EPICARDIAL	11	1.0	11
3.60642	-28.05970	-104.23109	LAX_RV_EPICARDIAL	11	1.0	11
3.89931	-26.64618	-107.02463	LAX_RV_EPICARDIAL	11	1.0	11
4.19221	-25.23267	-109.81817	LAX_RV_EPICARDIAL	11	1.0	11
4.21053	-22.42045	-111.22487	LAX_RV_EPICARDIAL	11	1.0	11
3.85054	-19.61811	-109.84465	LAX_RV_EPICARDIAL	11	1.0	11
3.49056	-16.81578	-108.46443	LAX_RV_EPICARDIAL	11	1.0	11
3.31972	-14.00850	-108.47767	LAX_RV_EPICARDIAL	11	1.0	11
2.95974	-11.20616	-107.09745	LAX_RV_EPICARDIAL	11	1.0	11
2.59975	-8.40382	-105.71722	LAX_RV_EPICARDIAL	11	1.0	11
2.23976	-5.60148	-104.33700	LAX_RV_EPICARDIAL	11	1.0	11
1.87977	-2.79915	-102.95678	LAX_RV_EPICARDIAL	11	1.0	11
1.33063	-0.00175	-100.18309	LAX_RV_EPICARDIAL	11	1.0	11
0.78149	2.79565	-97.40941	LAX_RV_EPICARDIAL	11	1.0	11
0.42150	5.59799	-96.02919	LAX_RV_EPICARDIAL	11	1.0	11
-0.12765	8.39539	-93.25550	LAX_RV_EPICARDIAL	11	1.0	11
-0.67679	11.19278	-90.48182	LAX_RV_EPICARDIAL	11	1.0	11
-1.05510	11.18291	-87.69489	LAX_RV_EPICARDIAL	11	1.0	11
-1.15884	9.77433	-86.29481	LAX_RV_EPICARDIAL	11	1.0	11
-1.17717	6.96211	-84.88811	LAX_RV_EPICARDIAL	11	1.0	11
-10.97072	-15.78753	-2.56797	PULMONARY_VALVE	11	1.0	11
-10.87910	-1.72645	-9.60147	PULMONARY_VALVE	11	1.0	11
