x	y	z	contour type	frameID	weight	time frame
-40.50133	-22.05875	-31.53655	SAX_RV_FREEWALL	2	1.0	4
-42.19789	-20.95398	-33.94256	SAX_RV_FREEWALL	2	1.0	4
-44.42558	-20.95398	-35.65940	SAX_RV_FREEWALL	2	1.0	4
-46.12215	-19.84922	-38.06540	SAX_RV_FREEWALL	2	1.0	4
-47.81872	-18.74445	-40.47141	SAX_RV_FREEWALL	2	1.0	4
-50.04641	-18.74445	-42.18825	SAX_RV_FREEWALL	2	1.0	4
-51.74297	-17.63969	-44.59425	SAX_RV_FREEWALL	2	1.0	4
-53.43954	-16.53492	-47.00026	SAX_RV_FREEWALL	2	1.0	4
-55.13611	-15.43016	-49.40626	SAX_RV_FREEWALL	2	1.0	4
-57.36380	-15.43016	-51.12310	SAX_RV_FREEWALL	2	1.0	4
-59.59148	-15.43016	-52.83995	SAX_RV_FREEWALL	2	1.0	4
-60.75693	-13.22063	-55.93511	SAX_RV_FREEWALL	2	1.0	4
-62.98462	-13.22063	-57.65195	SAX_RV_FREEWALL	2	1.0	4
-64.15007	-11.01109	-60.74711	SAX_RV_FREEWALL	2	1.0	4
-63.08782	-8.80156	-62.12543	SAX_RV_FREEWALL	2	1.0	4
-63.13943	-6.59202	-64.36216	SAX_RV_FREEWALL	2	1.0	4
-63.19103	-4.38249	-66.59890	SAX_RV_FREEWALL	2	1.0	4
-63.24263	-2.17295	-68.83564	SAX_RV_FREEWALL	2	1.0	4
-62.18039	0.03659	-70.21395	SAX_RV_FREEWALL	2	1.0	4
-60.00430	2.24612	-70.73384	SAX_RV_FREEWALL	2	1.0	4
-58.94206	4.45566	-72.11215	SAX_RV_FREEWALL	2	1.0	4
-56.76598	6.66520	-72.63204	SAX_RV_FREEWALL	2	1.0	4
-54.58989	8.87474	-73.15193	SAX_RV_FREEWALL	2	1.0	4
-53.52765	11.08427	-74.53025	SAX_RV_FREEWALL	2	1.0	4
-51.35156	13.29381	-75.05014	SAX_RV_FREEWALL	2	1.0	4
-49.17548	15.50335	-75.57003	SAX_RV_FREEWALL	2	1.0	4
-45.88555	17.71289	-75.23150	SAX_RV_FREEWALL	2	1.0	4
-43.70946	19.92242	-75.75139	SAX_RV_FREEWALL	2	1.0	4
-41.53337	22.13196	-76.27128	SAX_RV_FREEWALL	2	1.0	4
-38.24344	24.34150	-75.93275	SAX_RV_FREEWALL	2	1.0	4
-35.48463	25.44627	-74.90506	SAX_RV_FREEWALL	2	1.0	4
-32.72582	26.55104	-73.87737	SAX_RV_FREEWALL	2	1.0	4
-30.49814	26.55104	-72.16052	SAX_RV_FREEWALL	2	1.0	4
-28.27045	26.55105	-70.44368	SAX_RV_FREEWALL	2	1.0	4
-26.04276	26.55105	-68.72683	SAX_RV_FREEWALL	2	1.0	4
-24.34619	25.44628	-66.32083	SAX_RV_FREEWALL	2	1.0	4
1.94306	-3.27765	-17.49953	SAX_RV_FREEWALL	2	1.0	4
4.70187	-2.17288	-16.47184	SAX_RV_FREEWALL	2	1.0	4
5.28459	-3.27765	-14.92426	SAX_RV_FREEWALL	2	1.0	4
7.51228	-3.27765	-13.20742	SAX_RV_FREEWALL	2	1.0	4
7.56388	-5.48718	-10.97068	SAX_RV_FREEWALL	2	1.0	4
7.61548	-7.69672	-8.73395	SAX_RV_FREEWALL	2	1.0	4
6.55324	-9.90625	-7.35563	SAX_RV_FREEWALL	2	1.0	4
4.37715	-12.11579	-6.83574	SAX_RV_FREEWALL	2	1.0	4
1.61834	-13.22056	-7.86343	SAX_RV_FREEWALL	2	1.0	4
-1.67159	-15.43010	-8.20196	SAX_RV_FREEWALL	2	1.0	4
-4.43040	-16.53487	-9.22965	SAX_RV_FREEWALL	2	1.0	4
-7.18920	-17.63964	-10.25734	SAX_RV_FREEWALL	2	1.0	4
-9.41689	-17.63965	-11.97419	SAX_RV_FREEWALL	2	1.0	4
-12.17570	-18.74442	-13.00188	SAX_RV_FREEWALL	2	1.0	4
-14.93451	-19.84919	-14.02956	SAX_RV_FREEWALL	2	1.0	4
-17.16220	-19.84919	-15.74641	SAX_RV_FREEWALL	2	1.0	4
-19.92101	-20.95396	-16.77410	SAX_RV_FREEWALL	2	1.0	4
-22.14870	-20.95396	-18.49094	SAX_RV_FREEWALL	2	1.0	4
-24.37639	-20.95396	-20.20779	SAX_RV_FREEWALL	2	1.0	4
-26.60407	-20.95397	-21.92464	SAX_RV_FREEWALL	2	1.0	4
-28.83176	-20.95397	-23.64148	SAX_RV_FREEWALL	2	1.0	4
-31.05945	-20.95397	-25.35833	SAX_RV_FREEWALL	2	1.0	4
-33.28714	-20.95397	-27.07517	SAX_RV_FREEWALL	2	1.0	4
-35.51483	-20.95397	-28.79202	SAX_RV_FREEWALL	2	1.0	4
-38.27364	-22.05874	-29.81971	SAX_RV_FREEWALL	2	1.0	4
-42.67741	-24.26828	-31.01666	SAX_RV_EPICARDIAL	2	1.0	4
-44.37398	-23.16352	-33.42266	SAX_RV_EPICARDIAL	2	1.0	4
-46.07055	-22.05875	-35.82867	SAX_RV_EPICARDIAL	2	1.0	4
-48.29824	-22.05875	-37.54551	SAX_RV_EPICARDIAL	2	1.0	4
-49.99480	-20.95399	-39.95151	SAX_RV_EPICARDIAL	2	1.0	4
-52.22249	-20.95399	-41.66836	SAX_RV_EPICARDIAL	2	1.0	4
-53.91906	-19.84922	-44.07436	SAX_RV_EPICARDIAL	2	1.0	4
-55.61563	-18.74446	-46.48037	SAX_RV_EPICARDIAL	2	1.0	4
-57.84332	-18.74446	-48.19721	SAX_RV_EPICARDIAL	2	1.0	4
-59.53988	-17.63969	-50.60321	SAX_RV_EPICARDIAL	2	1.0	4
-61.76757	-17.63970	-52.32006	SAX_RV_EPICARDIAL	2	1.0	4
-63.46414	-16.53493	-54.72606	SAX_RV_EPICARDIAL	2	1.0	4
-65.69183	-16.53493	-56.44291	SAX_RV_EPICARDIAL	2	1.0	4
-65.74343	-14.32540	-58.67964	SAX_RV_EPICARDIAL	2	1.0	4
-65.79503	-12.11586	-60.91638	SAX_RV_EPICARDIAL	2	1.0	4
-64.73279	-9.90633	-62.29469	SAX_RV_EPICARDIAL	2	1.0	4
-63.72215	-5.48725	-65.90974	SAX_RV_EPICARDIAL	2	1.0	4
-64.88760	-3.27772	-69.00490	SAX_RV_EPICARDIAL	2	1.0	4
-66.58416	-2.17295	-71.41090	SAX_RV_EPICARDIAL	2	1.0	4
-64.40808	0.03658	-71.93079	SAX_RV_EPICARDIAL	2	1.0	4
-63.34584	2.24612	-73.30911	SAX_RV_EPICARDIAL	2	1.0	4
-61.16975	4.45566	-73.82900	SAX_RV_EPICARDIAL	2	1.0	4
-58.99366	6.66520	-74.34889	SAX_RV_EPICARDIAL	2	1.0	4
-57.93142	8.87473	-75.72720	SAX_RV_EPICARDIAL	2	1.0	4
-55.75534	11.08427	-76.24709	SAX_RV_EPICARDIAL	2	1.0	4
-54.69309	13.29381	-77.62541	SAX_RV_EPICARDIAL	2	1.0	4
-52.51701	15.50334	-78.14530	SAX_RV_EPICARDIAL	2	1.0	4
-50.34092	17.71288	-78.66519	SAX_RV_EPICARDIAL	2	1.0	4
-47.05099	19.92242	-78.32666	SAX_RV_EPICARDIAL	2	1.0	4
-44.87491	22.13196	-78.84655	SAX_RV_EPICARDIAL	2	1.0	4
-42.69882	24.34150	-79.36644	SAX_RV_EPICARDIAL	2	1.0	4
-39.40889	26.55104	-79.02790	SAX_RV_EPICARDIAL	2	1.0	4
-36.65008	27.65581	-78.00022	SAX_RV_EPICARDIAL	2	1.0	4
-33.36015	29.86534	-77.66168	SAX_RV_EPICARDIAL	2	1.0	4
-31.13246	29.86535	-75.94484	SAX_RV_EPICARDIAL	2	1.0	4
-28.90477	29.86535	-74.22799	SAX_RV_EPICARDIAL	2	1.0	4
-26.67708	29.86535	-72.51115	SAX_RV_EPICARDIAL	2	1.0	4
-24.44940	29.86535	-70.79430	SAX_RV_EPICARDIAL	2	1.0	4
-22.75283	28.76059	-68.38830	SAX_RV_EPICARDIAL	2	1.0	4
-22.11850	25.44628	-64.60398	SAX_RV_EPICARDIAL	2	1.0	4
-0.86736	-2.17289	-20.76396	SAX_RV_EPICARDIAL	2	1.0	4
1.36033	-2.17289	-19.04711	SAX_RV_EPICARDIAL	2	1.0	4
3.58802	-2.17288	-17.33027	SAX_RV_EPICARDIAL	2	1.0	4
5.81571	-2.17288	-15.61342	SAX_RV_EPICARDIAL	2	1.0	4
7.51228	-3.27765	-13.20742	SAX_RV_EPICARDIAL	2	1.0	4
9.20884	-4.38241	-10.80142	SAX_RV_EPICARDIAL	2	1.0	4
10.37429	-6.59195	-7.70626	SAX_RV_EPICARDIAL	2	1.0	4
10.42589	-8.80148	-5.46952	SAX_RV_EPICARDIAL	2	1.0	4
9.36365	-11.01102	-4.09121	SAX_RV_EPICARDIAL	2	1.0	4
6.07372	-13.22056	-4.42974	SAX_RV_EPICARDIAL	2	1.0	4
2.78379	-15.43010	-4.76827	SAX_RV_EPICARDIAL	2	1.0	4
1.13883	-16.53487	-4.93754	SAX_RV_EPICARDIAL	2	1.0	4
-2.15110	-18.74441	-5.27607	SAX_RV_EPICARDIAL	2	1.0	4
-4.90991	-19.84918	-6.30376	SAX_RV_EPICARDIAL	2	1.0	4
-7.13760	-19.84918	-8.02060	SAX_RV_EPICARDIAL	2	1.0	4
-9.89641	-20.95395	-9.04829	SAX_RV_EPICARDIAL	2	1.0	4
-12.12410	-20.95395	-10.76514	SAX_RV_EPICARDIAL	2	1.0	4
-14.88291	-22.05872	-11.79283	SAX_RV_EPICARDIAL	2	1.0	4
-17.11060	-22.05872	-13.50967	SAX_RV_EPICARDIAL	2	1.0	4
-19.33829	-22.05873	-15.22652	SAX_RV_EPICARDIAL	2	1.0	4
-22.09710	-23.16350	-16.25421	SAX_RV_EPICARDIAL	2	1.0	4
-24.32478	-23.16350	-17.97105	SAX_RV_EPICARDIAL	2	1.0	4
-26.55247	-23.16350	-19.68790	SAX_RV_EPICARDIAL	2	1.0	4
-28.78016	-23.16350	-21.40475	SAX_RV_EPICARDIAL	2	1.0	4
-31.53897	-24.26827	-22.43243	SAX_RV_EPICARDIAL	2	1.0	4
-33.76666	-24.26828	-24.14928	SAX_RV_EPICARDIAL	2	1.0	4
-35.99435	-24.26828	-25.86613	SAX_RV_EPICARDIAL	2	1.0	4
-38.22204	-24.26828	-27.58297	SAX_RV_EPICARDIAL	2	1.0	4
-40.44972	-24.26828	-29.29982	SAX_RV_EPICARDIAL	2	1.0	4
-22.64962	24.34152	-63.91483	SAX_RV_SEPTUM	2	1.0	4
-22.59802	22.13198	-61.67809	SAX_RV_SEPTUM	2	1.0	4
-23.66026	19.92244	-60.29978	SAX_RV_SEPTUM	2	1.0	4
-23.60866	17.71291	-58.06304	SAX_RV_SEPTUM	2	1.0	4
-23.55706	15.50337	-55.82630	SAX_RV_SEPTUM	2	1.0	4
-24.61930	13.29384	-54.44799	SAX_RV_SEPTUM	2	1.0	4
-24.56770	11.08430	-52.21125	SAX_RV_SEPTUM	2	1.0	4
-23.40225	8.87477	-49.11610	SAX_RV_SEPTUM	2	1.0	4
-23.35065	6.66523	-46.87936	SAX_RV_SEPTUM	2	1.0	4
-23.29905	4.45570	-44.64262	SAX_RV_SEPTUM	2	1.0	4
-23.24744	2.24616	-42.40589	SAX_RV_SEPTUM	2	1.0	4
-23.19584	0.03663	-40.16915	SAX_RV_SEPTUM	2	1.0	4
-21.49927	-1.06814	-37.76315	SAX_RV_SEPTUM	2	1.0	4
-20.33383	-3.27768	-34.66799	SAX_RV_SEPTUM	2	1.0	4
-18.10614	-3.27767	-32.95114	SAX_RV_SEPTUM	2	1.0	4
-16.40957	-4.38244	-30.54514	SAX_RV_SEPTUM	2	1.0	4
-14.18188	-4.38244	-28.82830	SAX_RV_SEPTUM	2	1.0	4
-11.95420	-4.38243	-27.11145	SAX_RV_SEPTUM	2	1.0	4
-9.72651	-4.38243	-25.39460	SAX_RV_SEPTUM	2	1.0	4
-7.49882	-4.38243	-23.67776	SAX_RV_SEPTUM	2	1.0	4
-4.74001	-3.27766	-22.65007	SAX_RV_SEPTUM	2	1.0	4
-2.51232	-3.27766	-20.93322	SAX_RV_SEPTUM	2	1.0	4
-0.28463	-3.27766	-19.21638	SAX_RV_SEPTUM	2	1.0	4
-19.41130	28.76059	-65.81303	SAX_LV_EPICARDIAL	2	1.0	4
-18.34905	30.97013	-67.19134	SAX_LV_EPICARDIAL	2	1.0	4
-16.17297	33.17966	-67.71123	SAX_LV_EPICARDIAL	2	1.0	4
-13.99688	35.38920	-68.23113	SAX_LV_EPICARDIAL	2	1.0	4
-11.82080	37.59874	-68.75102	SAX_LV_EPICARDIAL	2	1.0	4
-9.64471	39.80828	-69.27091	SAX_LV_EPICARDIAL	2	1.0	4
-7.46862	42.01782	-69.79080	SAX_LV_EPICARDIAL	2	1.0	4
-4.17869	44.22735	-69.45226	SAX_LV_EPICARDIAL	2	1.0	4
-1.41988	45.33212	-68.42458	SAX_LV_EPICARDIAL	2	1.0	4
1.87005	47.54166	-68.08604	SAX_LV_EPICARDIAL	2	1.0	4
4.62886	48.64643	-67.05835	SAX_LV_EPICARDIAL	2	1.0	4
7.38767	49.75120	-66.03067	SAX_LV_EPICARDIAL	2	1.0	4
10.14647	50.85598	-65.00298	SAX_LV_EPICARDIAL	2	1.0	4
12.90528	51.96075	-63.97529	SAX_LV_EPICARDIAL	2	1.0	4
15.13297	51.96075	-62.25844	SAX_LV_EPICARDIAL	2	1.0	4
17.36066	51.96075	-60.54160	SAX_LV_EPICARDIAL	2	1.0	4
19.58835	51.96075	-58.82475	SAX_LV_EPICARDIAL	2	1.0	4
21.81604	51.96075	-57.10791	SAX_LV_EPICARDIAL	2	1.0	4
24.04373	51.96076	-55.39106	SAX_LV_EPICARDIAL	2	1.0	4
26.27141	51.96076	-53.67421	SAX_LV_EPICARDIAL	2	1.0	4
27.96798	50.85599	-51.26821	SAX_LV_EPICARDIAL	2	1.0	4
29.66455	49.75123	-48.86221	SAX_LV_EPICARDIAL	2	1.0	4
31.36112	48.64646	-46.45621	SAX_LV_EPICARDIAL	2	1.0	4
33.05768	47.54169	-44.05020	SAX_LV_EPICARDIAL	2	1.0	4
34.22313	45.33216	-40.95505	SAX_LV_EPICARDIAL	2	1.0	4
35.38858	43.12263	-37.85989	SAX_LV_EPICARDIAL	2	1.0	4
35.44018	40.91309	-35.62315	SAX_LV_EPICARDIAL	2	1.0	4
36.60563	38.70356	-32.52799	SAX_LV_EPICARDIAL	2	1.0	4
35.54338	36.49402	-31.14968	SAX_LV_EPICARDIAL	2	1.0	4
35.59499	34.28448	-28.91294	SAX_LV_EPICARDIAL	2	1.0	4
34.53275	32.07495	-27.53463	SAX_LV_EPICARDIAL	2	1.0	4
34.58435	29.86541	-25.29789	SAX_LV_EPICARDIAL	2	1.0	4
33.52211	27.65588	-23.91958	SAX_LV_EPICARDIAL	2	1.0	4
32.45986	25.44634	-22.54127	SAX_LV_EPICARDIAL	2	1.0	4
31.39762	23.23680	-21.16295	SAX_LV_EPICARDIAL	2	1.0	4
29.22154	21.02726	-20.64306	SAX_LV_EPICARDIAL	2	1.0	4
28.15929	18.81773	-19.26475	SAX_LV_EPICARDIAL	2	1.0	4
27.09705	16.60819	-17.88643	SAX_LV_EPICARDIAL	2	1.0	4
24.92097	14.39865	-17.36654	SAX_LV_EPICARDIAL	2	1.0	4
22.74488	12.18912	-16.84665	SAX_LV_EPICARDIAL	2	1.0	4
19.45495	9.97958	-17.18519	SAX_LV_EPICARDIAL	2	1.0	4
16.16502	7.77004	-17.52372	SAX_LV_EPICARDIAL	2	1.0	4
12.87509	5.56050	-17.86225	SAX_LV_EPICARDIAL	2	1.0	4
10.11628	4.45573	-18.88994	SAX_LV_EPICARDIAL	2	1.0	4
6.82635	2.24619	-19.22847	SAX_LV_EPICARDIAL	2	1.0	4
4.06754	1.14142	-20.25616	SAX_LV_EPICARDIAL	2	1.0	4
1.30873	0.03665	-21.28385	SAX_LV_EPICARDIAL	2	1.0	4
-13.27445	4.45571	-36.91682	SAX_LV_ENDOCARDIAL	2	1.0	4
-14.97102	5.56047	-39.32282	SAX_LV_ENDOCARDIAL	2	1.0	4
-16.66758	6.66524	-41.72882	SAX_LV_ENDOCARDIAL	2	1.0	4
-17.83303	8.87477	-44.82398	SAX_LV_ENDOCARDIAL	2	1.0	4
-17.88463	11.08431	-47.06072	SAX_LV_ENDOCARDIAL	2	1.0	4
-16.82239	13.29384	-48.43903	SAX_LV_ENDOCARDIAL	2	1.0	4
-16.87399	15.50338	-50.67577	SAX_LV_ENDOCARDIAL	2	1.0	4
-16.92560	17.71292	-52.91250	SAX_LV_ENDOCARDIAL	2	1.0	4
-15.86335	19.92245	-54.29082	SAX_LV_ENDOCARDIAL	2	1.0	4
-15.91496	22.13199	-56.52755	SAX_LV_ENDOCARDIAL	2	1.0	4
-14.85271	24.34152	-57.90587	SAX_LV_ENDOCARDIAL	2	1.0	4
-13.79047	26.55106	-59.28418	SAX_LV_ENDOCARDIAL	2	1.0	4
-12.72823	28.76060	-60.66249	SAX_LV_ENDOCARDIAL	2	1.0	4
-10.55214	30.97013	-61.18238	SAX_LV_ENDOCARDIAL	2	1.0	4
-8.37606	33.17967	-61.70227	SAX_LV_ENDOCARDIAL	2	1.0	4
-6.19997	35.38921	-62.22217	SAX_LV_ENDOCARDIAL	2	1.0	4
-4.02389	37.59875	-62.74206	SAX_LV_ENDOCARDIAL	2	1.0	4
-0.73396	39.80829	-62.40352	SAX_LV_ENDOCARDIAL	2	1.0	4
2.02485	40.91306	-61.37583	SAX_LV_ENDOCARDIAL	2	1.0	4
5.31478	43.12260	-61.03730	SAX_LV_ENDOCARDIAL	2	1.0	4
8.07359	44.22737	-60.00961	SAX_LV_ENDOCARDIAL	2	1.0	4
10.83240	45.33214	-58.98192	SAX_LV_ENDOCARDIAL	2	1.0	4
13.06009	45.33214	-57.26508	SAX_LV_ENDOCARDIAL	2	1.0	4
15.81890	46.43691	-56.23739	SAX_LV_ENDOCARDIAL	2	1.0	4
18.04659	46.43691	-54.52054	SAX_LV_ENDOCARDIAL	2	1.0	4
20.27428	46.43691	-52.80370	SAX_LV_ENDOCARDIAL	2	1.0	4
21.97084	45.33215	-50.39770	SAX_LV_ENDOCARDIAL	2	1.0	4
24.19853	45.33215	-48.68085	SAX_LV_ENDOCARDIAL	2	1.0	4
25.89510	44.22738	-46.27485	SAX_LV_ENDOCARDIAL	2	1.0	4
27.06055	42.01785	-43.17969	SAX_LV_ENDOCARDIAL	2	1.0	4
28.22599	39.80832	-40.08453	SAX_LV_ENDOCARDIAL	2	1.0	4
28.27760	37.59878	-37.84779	SAX_LV_ENDOCARDIAL	2	1.0	4
28.32920	35.38924	-35.61106	SAX_LV_ENDOCARDIAL	2	1.0	4
28.38080	33.17971	-33.37432	SAX_LV_ENDOCARDIAL	2	1.0	4
27.31856	30.97017	-31.99601	SAX_LV_ENDOCARDIAL	2	1.0	4
26.25632	28.76064	-30.61769	SAX_LV_ENDOCARDIAL	2	1.0	4
26.30792	26.55110	-28.38096	SAX_LV_ENDOCARDIAL	2	1.0	4
25.24568	24.34156	-27.00265	SAX_LV_ENDOCARDIAL	2	1.0	4
23.06959	22.13203	-26.48275	SAX_LV_ENDOCARDIAL	2	1.0	4
20.89351	19.92249	-25.96286	SAX_LV_ENDOCARDIAL	2	1.0	4
18.71742	17.71295	-25.44297	SAX_LV_ENDOCARDIAL	2	1.0	4
16.54133	15.50341	-24.92308	SAX_LV_ENDOCARDIAL	2	1.0	4
13.78252	14.39864	-25.95077	SAX_LV_ENDOCARDIAL	2	1.0	4
10.49259	12.18910	-26.28930	SAX_LV_ENDOCARDIAL	2	1.0	4
7.73378	11.08433	-27.31699	SAX_LV_ENDOCARDIAL	2	1.0	4
4.97497	9.97956	-28.34468	SAX_LV_ENDOCARDIAL	2	1.0	4
2.21617	8.87479	-29.37237	SAX_LV_ENDOCARDIAL	2	1.0	4
-0.54264	7.77002	-30.40006	SAX_LV_ENDOCARDIAL	2	1.0	4
-3.30145	6.66525	-31.42775	SAX_LV_ENDOCARDIAL	2	1.0	4
-6.06026	5.56048	-32.45544	SAX_LV_ENDOCARDIAL	2	1.0	4
-8.28795	5.56048	-34.17228	SAX_LV_ENDOCARDIAL	2	1.0	4
-11.04676	4.45571	-35.19997	SAX_LV_ENDOCARDIAL	2	1.0	4
-0.28463	-3.27766	-19.21638	RV_INSERT	2	1.0	4
-24.34619	25.44628	-66.32083	RV_INSERT	2	1.0	4
-33.22938	-28.59118	-47.88245	SAX_RV_FREEWALL	3	1.0	4
-34.92594	-27.48641	-50.28845	SAX_RV_FREEWALL	3	1.0	4
-37.15363	-27.48641	-52.00530	SAX_RV_FREEWALL	3	1.0	4
-39.38132	-27.48642	-53.72214	SAX_RV_FREEWALL	3	1.0	4
-41.60901	-27.48642	-55.43899	SAX_RV_FREEWALL	3	1.0	4
-43.83670	-27.48642	-57.15583	SAX_RV_FREEWALL	3	1.0	4
-45.53326	-26.38165	-59.56184	SAX_RV_FREEWALL	3	1.0	4
-47.22983	-25.27689	-61.96784	SAX_RV_FREEWALL	3	1.0	4
-48.92640	-24.17212	-64.37384	SAX_RV_FREEWALL	3	1.0	4
-50.09185	-21.96259	-67.46900	SAX_RV_FREEWALL	3	1.0	4
-51.25729	-19.75305	-70.56416	SAX_RV_FREEWALL	3	1.0	4
-52.95386	-18.64829	-72.97016	SAX_RV_FREEWALL	3	1.0	4
-53.00546	-16.43875	-75.20690	SAX_RV_FREEWALL	3	1.0	4
-53.05706	-14.22922	-77.44363	SAX_RV_FREEWALL	3	1.0	4
-53.10867	-12.01968	-79.68037	SAX_RV_FREEWALL	3	1.0	4
-52.04642	-9.81014	-81.05868	SAX_RV_FREEWALL	3	1.0	4
-50.98418	-7.60061	-82.43700	SAX_RV_FREEWALL	3	1.0	4
-49.92194	-5.39107	-83.81531	SAX_RV_FREEWALL	3	1.0	4
-47.74585	-3.18153	-84.33520	SAX_RV_FREEWALL	3	1.0	4
-45.56977	-0.97200	-84.85509	SAX_RV_FREEWALL	3	1.0	4
-43.39368	1.23754	-85.37498	SAX_RV_FREEWALL	3	1.0	4
-41.21760	3.44708	-85.89487	SAX_RV_FREEWALL	3	1.0	4
-37.92767	5.65662	-85.55634	SAX_RV_FREEWALL	3	1.0	4
-34.63774	7.86616	-85.21781	SAX_RV_FREEWALL	3	1.0	4
-31.34781	10.07570	-84.87928	SAX_RV_FREEWALL	3	1.0	4
-28.05788	12.28523	-84.54074	SAX_RV_FREEWALL	3	1.0	4
-24.76794	14.49477	-84.20221	SAX_RV_FREEWALL	3	1.0	4
-22.00914	15.59954	-83.17452	SAX_RV_FREEWALL	3	1.0	4
-19.78145	15.59955	-81.45768	SAX_RV_FREEWALL	3	1.0	4
-17.02264	16.70432	-80.42999	SAX_RV_FREEWALL	3	1.0	4
-14.79495	16.70432	-78.71314	SAX_RV_FREEWALL	3	1.0	4
4.38332	-17.54346	-29.87975	SAX_RV_FREEWALL	3	1.0	4
1.09339	-19.75300	-30.21829	SAX_RV_FREEWALL	3	1.0	4
-1.13430	-19.75300	-31.93513	SAX_RV_FREEWALL	3	1.0	4
-3.89311	-20.85777	-32.96282	SAX_RV_FREEWALL	3	1.0	4
-6.65192	-21.96254	-33.99051	SAX_RV_FREEWALL	3	1.0	4
-9.41073	-23.06731	-35.01820	SAX_RV_FREEWALL	3	1.0	4
-12.16954	-24.17209	-36.04589	SAX_RV_FREEWALL	3	1.0	4
-14.92835	-25.27686	-37.07358	SAX_RV_FREEWALL	3	1.0	4
-17.68716	-26.38163	-38.10126	SAX_RV_FREEWALL	3	1.0	4
-20.44597	-27.48640	-39.12895	SAX_RV_FREEWALL	3	1.0	4
-22.67366	-27.48640	-40.84580	SAX_RV_FREEWALL	3	1.0	4
-25.43247	-28.59117	-41.87349	SAX_RV_FREEWALL	3	1.0	4
-27.66015	-28.59117	-43.59033	SAX_RV_FREEWALL	3	1.0	4
-29.88784	-28.59117	-45.30718	SAX_RV_FREEWALL	3	1.0	4
-32.11553	-28.59118	-47.02403	SAX_RV_FREEWALL	3	1.0	4
-41.50580	-31.90549	-50.96551	SAX_RV_EPICARDIAL	3	1.0	4
-43.20237	-30.80072	-53.37152	SAX_RV_EPICARDIAL	3	1.0	4
-44.89894	-29.69596	-55.77752	SAX_RV_EPICARDIAL	3	1.0	4
-47.12663	-29.69596	-57.49437	SAX_RV_EPICARDIAL	3	1.0	4
-48.82319	-28.59119	-59.90037	SAX_RV_EPICARDIAL	3	1.0	4
-51.05088	-28.59119	-61.61721	SAX_RV_EPICARDIAL	3	1.0	4
-52.21633	-26.38166	-64.71237	SAX_RV_EPICARDIAL	3	1.0	4
-53.38178	-24.17213	-67.80753	SAX_RV_EPICARDIAL	3	1.0	4
-54.54722	-21.96259	-70.90269	SAX_RV_EPICARDIAL	3	1.0	4
-55.71267	-19.75306	-73.99785	SAX_RV_EPICARDIAL	3	1.0	4
-56.29539	-18.64829	-75.54543	SAX_RV_EPICARDIAL	3	1.0	4
-56.34699	-16.43875	-77.78217	SAX_RV_EPICARDIAL	3	1.0	4
-55.28475	-14.22922	-79.16048	SAX_RV_EPICARDIAL	3	1.0	4
-55.33636	-12.01968	-81.39721	SAX_RV_EPICARDIAL	3	1.0	4
-54.27411	-9.81015	-82.77553	SAX_RV_EPICARDIAL	3	1.0	4
-53.21187	-7.60061	-84.15384	SAX_RV_EPICARDIAL	3	1.0	4
-52.14963	-5.39107	-85.53216	SAX_RV_EPICARDIAL	3	1.0	4
-51.08739	-3.18154	-86.91047	SAX_RV_EPICARDIAL	3	1.0	4
-48.91130	-0.97200	-87.43036	SAX_RV_EPICARDIAL	3	1.0	4
-46.73522	1.23754	-87.95025	SAX_RV_EPICARDIAL	3	1.0	4
-44.55913	3.44708	-88.47014	SAX_RV_EPICARDIAL	3	1.0	4
-41.26920	5.65662	-88.13161	SAX_RV_EPICARDIAL	3	1.0	4
-39.09311	7.86615	-88.65150	SAX_RV_EPICARDIAL	3	1.0	4
-35.80318	10.07569	-88.31297	SAX_RV_EPICARDIAL	3	1.0	4
-33.04437	11.18046	-87.28528	SAX_RV_EPICARDIAL	3	1.0	4
-29.75444	13.39000	-86.94675	SAX_RV_EPICARDIAL	3	1.0	4
-26.46451	15.59954	-86.60821	SAX_RV_EPICARDIAL	3	1.0	4
-23.70570	16.70431	-85.58052	SAX_RV_EPICARDIAL	3	1.0	4
-20.41577	18.91385	-85.24199	SAX_RV_EPICARDIAL	3	1.0	4
-17.65696	20.01862	-84.21430	SAX_RV_EPICARDIAL	3	1.0	4
-14.89815	21.12339	-83.18661	SAX_RV_EPICARDIAL	3	1.0	4
-12.67047	21.12339	-81.46977	SAX_RV_EPICARDIAL	3	1.0	4
-10.44278	21.12339	-79.75292	SAX_RV_EPICARDIAL	3	1.0	4
-10.92230	17.80909	-76.82703	SAX_RV_EPICARDIAL	3	1.0	4
7.67325	-15.33392	-29.54122	SAX_RV_EPICARDIAL	3	1.0	4
7.72485	-17.54346	-27.30449	SAX_RV_EPICARDIAL	3	1.0	4
5.54876	-19.75300	-26.78459	SAX_RV_EPICARDIAL	3	1.0	4
2.25883	-21.96254	-27.12313	SAX_RV_EPICARDIAL	3	1.0	4
-0.49998	-23.06731	-28.15082	SAX_RV_EPICARDIAL	3	1.0	4
-3.25879	-24.17208	-29.17850	SAX_RV_EPICARDIAL	3	1.0	4
-6.01760	-25.27685	-30.20619	SAX_RV_EPICARDIAL	3	1.0	4
-8.77640	-26.38162	-31.23388	SAX_RV_EPICARDIAL	3	1.0	4
-11.53521	-27.48639	-32.26157	SAX_RV_EPICARDIAL	3	1.0	4
-14.29402	-28.59116	-33.28926	SAX_RV_EPICARDIAL	3	1.0	4
-17.05283	-29.69593	-34.31695	SAX_RV_EPICARDIAL	3	1.0	4
-19.81164	-30.80070	-35.34464	SAX_RV_EPICARDIAL	3	1.0	4
-22.03933	-30.80070	-37.06148	SAX_RV_EPICARDIAL	3	1.0	4
-24.79814	-31.90547	-38.08917	SAX_RV_EPICARDIAL	3	1.0	4
-27.02583	-31.90547	-39.80602	SAX_RV_EPICARDIAL	3	1.0	4
-29.25352	-31.90548	-41.52286	SAX_RV_EPICARDIAL	3	1.0	4
-31.48121	-31.90548	-43.23971	SAX_RV_EPICARDIAL	3	1.0	4
-33.70889	-31.90548	-44.95656	SAX_RV_EPICARDIAL	3	1.0	4
-35.93658	-31.90548	-46.67340	SAX_RV_EPICARDIAL	3	1.0	4
-38.16427	-31.90549	-48.39025	SAX_RV_EPICARDIAL	3	1.0	4
-40.39196	-31.90549	-50.10709	SAX_RV_EPICARDIAL	3	1.0	4
-12.56726	16.70432	-76.99630	SAX_RV_SEPTUM	3	1.0	4
-12.51566	14.49479	-74.75956	SAX_RV_SEPTUM	3	1.0	4
-12.46406	12.28525	-72.52282	SAX_RV_SEPTUM	3	1.0	4
-12.41245	10.07571	-70.28609	SAX_RV_SEPTUM	3	1.0	4
-12.36085	7.86618	-68.04935	SAX_RV_SEPTUM	3	1.0	4
-13.42309	5.65664	-66.67104	SAX_RV_SEPTUM	3	1.0	4
-13.37149	3.44711	-64.43430	SAX_RV_SEPTUM	3	1.0	4
-13.31989	1.23757	-62.19757	SAX_RV_SEPTUM	3	1.0	4
-13.26829	-0.97196	-59.96083	SAX_RV_SEPTUM	3	1.0	4
-13.21668	-3.18150	-57.72409	SAX_RV_SEPTUM	3	1.0	4
-12.05124	-5.39103	-54.62893	SAX_RV_SEPTUM	3	1.0	4
-11.99964	-7.60057	-52.39220	SAX_RV_SEPTUM	3	1.0	4
-10.83419	-9.81010	-49.29704	SAX_RV_SEPTUM	3	1.0	4
-9.13762	-10.91487	-46.89104	SAX_RV_SEPTUM	3	1.0	4
-7.44105	-12.01964	-44.48503	SAX_RV_SEPTUM	3	1.0	4
-5.21337	-12.01963	-42.76819	SAX_RV_SEPTUM	3	1.0	4
-3.51680	-13.12440	-40.36219	SAX_RV_SEPTUM	3	1.0	4
-1.82023	-14.22917	-37.95618	SAX_RV_SEPTUM	3	1.0	4
0.40746	-14.22916	-36.23934	SAX_RV_SEPTUM	3	1.0	4
2.63515	-14.22916	-34.52249	SAX_RV_SEPTUM	3	1.0	4
4.33171	-15.33393	-32.11649	SAX_RV_SEPTUM	3	1.0	4
6.55940	-15.33392	-30.39964	SAX_RV_SEPTUM	3	1.0	4
-7.63237	20.01863	-76.48850	SAX_LV_EPICARDIAL	3	1.0	4
-6.57012	22.22817	-77.86681	SAX_LV_EPICARDIAL	3	1.0	4
-4.39404	24.43770	-78.38670	SAX_LV_EPICARDIAL	3	1.0	4
-3.33180	26.64724	-79.76502	SAX_LV_EPICARDIAL	3	1.0	4
-0.04187	28.85678	-79.42648	SAX_LV_EPICARDIAL	3	1.0	4
2.13422	31.06632	-79.94637	SAX_LV_EPICARDIAL	3	1.0	4
5.42415	33.27586	-79.60784	SAX_LV_EPICARDIAL	3	1.0	4
8.18296	34.38063	-78.58015	SAX_LV_EPICARDIAL	3	1.0	4
11.47289	36.59016	-78.24162	SAX_LV_EPICARDIAL	3	1.0	4
14.23170	37.69494	-77.21393	SAX_LV_EPICARDIAL	3	1.0	4
16.99051	38.79971	-76.18624	SAX_LV_EPICARDIAL	3	1.0	4
19.74932	39.90448	-75.15855	SAX_LV_EPICARDIAL	3	1.0	4
22.50813	41.00925	-74.13087	SAX_LV_EPICARDIAL	3	1.0	4
25.26694	42.11402	-73.10318	SAX_LV_EPICARDIAL	3	1.0	4
27.49463	42.11402	-71.38633	SAX_LV_EPICARDIAL	3	1.0	4
29.72231	42.11402	-69.66948	SAX_LV_EPICARDIAL	3	1.0	4
31.95000	42.11402	-67.95264	SAX_LV_EPICARDIAL	3	1.0	4
34.17769	42.11403	-66.23579	SAX_LV_EPICARDIAL	3	1.0	4
36.40538	42.11403	-64.51895	SAX_LV_EPICARDIAL	3	1.0	4
38.63307	42.11403	-62.80210	SAX_LV_EPICARDIAL	3	1.0	4
40.32964	41.00926	-60.39610	SAX_LV_EPICARDIAL	3	1.0	4
42.02620	39.90450	-57.99010	SAX_LV_EPICARDIAL	3	1.0	4
43.72277	38.79973	-55.58410	SAX_LV_EPICARDIAL	3	1.0	4
45.41934	37.69497	-53.17809	SAX_LV_EPICARDIAL	3	1.0	4
46.58478	35.48543	-50.08293	SAX_LV_EPICARDIAL	3	1.0	4
47.75023	33.27590	-46.98777	SAX_LV_EPICARDIAL	3	1.0	4
47.80183	31.06636	-44.75104	SAX_LV_EPICARDIAL	3	1.0	4
48.96728	28.85683	-41.65588	SAX_LV_EPICARDIAL	3	1.0	4
49.01888	26.64729	-39.41914	SAX_LV_EPICARDIAL	3	1.0	4
47.95664	24.43776	-38.04083	SAX_LV_EPICARDIAL	3	1.0	4
48.00824	22.22822	-35.80409	SAX_LV_EPICARDIAL	3	1.0	4
46.94600	20.01868	-34.42578	SAX_LV_EPICARDIAL	3	1.0	4
46.99760	17.80915	-32.18904	SAX_LV_EPICARDIAL	3	1.0	4
45.93536	15.59961	-30.81073	SAX_LV_EPICARDIAL	3	1.0	4
44.87312	13.39008	-29.43242	SAX_LV_EPICARDIAL	3	1.0	4
43.81088	11.18054	-28.05410	SAX_LV_EPICARDIAL	3	1.0	4
41.63479	8.97100	-27.53421	SAX_LV_EPICARDIAL	3	1.0	4
40.57255	6.76146	-26.15590	SAX_LV_EPICARDIAL	3	1.0	4
38.39646	4.55193	-25.63601	SAX_LV_EPICARDIAL	3	1.0	4
37.33422	2.34239	-24.25770	SAX_LV_EPICARDIAL	3	1.0	4
35.15814	0.13285	-23.73780	SAX_LV_EPICARDIAL	3	1.0	4
32.98205	-2.07669	-23.21791	SAX_LV_EPICARDIAL	3	1.0	4
30.80596	-4.28622	-22.69802	SAX_LV_EPICARDIAL	3	1.0	4
27.51603	-6.49576	-23.03656	SAX_LV_EPICARDIAL	3	1.0	4
25.33995	-8.70530	-22.51667	SAX_LV_EPICARDIAL	3	1.0	4
22.58114	-9.81007	-23.54435	SAX_LV_EPICARDIAL	3	1.0	4
19.82233	-10.91484	-24.57204	SAX_LV_EPICARDIAL	3	1.0	4
17.06352	-12.01961	-25.59973	SAX_LV_EPICARDIAL	3	1.0	4
14.30471	-13.12438	-26.62742	SAX_LV_EPICARDIAL	3	1.0	4
11.54590	-14.22915	-27.65511	SAX_LV_EPICARDIAL	3	1.0	4
7.99796	-5.39101	-39.17732	SAX_LV_ENDOCARDIAL	3	1.0	4
6.30139	-4.28625	-41.58333	SAX_LV_ENDOCARDIAL	3	1.0	4
4.07370	-4.28625	-43.30017	SAX_LV_ENDOCARDIAL	3	1.0	4
2.37714	-3.18148	-45.70617	SAX_LV_ENDOCARDIAL	3	1.0	4
0.68057	-2.07672	-48.11218	SAX_LV_ENDOCARDIAL	3	1.0	4
-0.48488	0.13282	-51.20733	SAX_LV_ENDOCARDIAL	3	1.0	4
-1.65033	2.34235	-54.30249	SAX_LV_ENDOCARDIAL	3	1.0	4
-2.81577	4.55189	-57.39765	SAX_LV_ENDOCARDIAL	3	1.0	4
-2.86737	6.76142	-59.63439	SAX_LV_ENDOCARDIAL	3	1.0	4
-2.91898	8.97096	-61.87113	SAX_LV_ENDOCARDIAL	3	1.0	4
-2.97058	11.18049	-64.10786	SAX_LV_ENDOCARDIAL	3	1.0	4
-3.02218	13.39003	-66.34460	SAX_LV_ENDOCARDIAL	3	1.0	4
-1.95994	15.59956	-67.72291	SAX_LV_ENDOCARDIAL	3	1.0	4
-0.89770	17.80910	-69.10122	SAX_LV_ENDOCARDIAL	3	1.0	4
0.16454	20.01864	-70.47954	SAX_LV_ENDOCARDIAL	3	1.0	4
2.34063	22.22817	-70.99943	SAX_LV_ENDOCARDIAL	3	1.0	4
4.51672	24.43771	-71.51932	SAX_LV_ENDOCARDIAL	3	1.0	4
6.69280	26.64725	-72.03921	SAX_LV_ENDOCARDIAL	3	1.0	4
9.98273	28.85679	-71.70068	SAX_LV_ENDOCARDIAL	3	1.0	4
11.62770	29.96156	-71.53141	SAX_LV_ENDOCARDIAL	3	1.0	4
14.91763	32.17110	-71.19288	SAX_LV_ENDOCARDIAL	3	1.0	4
17.67644	33.27587	-70.16519	SAX_LV_ENDOCARDIAL	3	1.0	4
20.43525	34.38064	-69.13750	SAX_LV_ENDOCARDIAL	3	1.0	4
22.66294	34.38064	-67.42066	SAX_LV_ENDOCARDIAL	3	1.0	4
25.42174	35.48541	-66.39297	SAX_LV_ENDOCARDIAL	3	1.0	4
27.64943	35.48541	-64.67612	SAX_LV_ENDOCARDIAL	3	1.0	4
29.87712	35.48542	-62.95928	SAX_LV_ENDOCARDIAL	3	1.0	4
32.10481	35.48542	-61.24243	SAX_LV_ENDOCARDIAL	3	1.0	4
34.33250	35.48542	-59.52558	SAX_LV_ENDOCARDIAL	3	1.0	4
36.02907	34.38065	-57.11958	SAX_LV_ENDOCARDIAL	3	1.0	4
38.25675	34.38066	-55.40274	SAX_LV_ENDOCARDIAL	3	1.0	4
39.95332	33.27589	-52.99673	SAX_LV_ENDOCARDIAL	3	1.0	4
41.11877	31.06636	-49.90158	SAX_LV_ENDOCARDIAL	3	1.0	4
41.17037	28.85682	-47.66484	SAX_LV_ENDOCARDIAL	3	1.0	4
42.33582	26.64729	-44.56968	SAX_LV_ENDOCARDIAL	3	1.0	4
42.38742	24.43775	-42.33294	SAX_LV_ENDOCARDIAL	3	1.0	4
42.43902	22.22821	-40.09621	SAX_LV_ENDOCARDIAL	3	1.0	4
41.37678	20.01868	-38.71789	SAX_LV_ENDOCARDIAL	3	1.0	4
41.42838	17.80914	-36.48116	SAX_LV_ENDOCARDIAL	3	1.0	4
40.36614	15.59961	-35.10284	SAX_LV_ENDOCARDIAL	3	1.0	4
38.19005	13.39007	-34.58295	SAX_LV_ENDOCARDIAL	3	1.0	4
37.12781	11.18053	-33.20464	SAX_LV_ENDOCARDIAL	3	1.0	4
36.06557	8.97100	-31.82633	SAX_LV_ENDOCARDIAL	3	1.0	4
33.88948	6.76146	-31.30644	SAX_LV_ENDOCARDIAL	3	1.0	4
31.71340	4.55192	-30.78655	SAX_LV_ENDOCARDIAL	3	1.0	4
30.65116	2.34238	-29.40823	SAX_LV_ENDOCARDIAL	3	1.0	4
27.36123	0.13284	-29.74676	SAX_LV_ENDOCARDIAL	3	1.0	4
25.18514	-2.07669	-29.22687	SAX_LV_ENDOCARDIAL	3	1.0	4
22.42633	-3.18146	-30.25456	SAX_LV_ENDOCARDIAL	3	1.0	4
19.66752	-4.28623	-31.28225	SAX_LV_ENDOCARDIAL	3	1.0	4
16.90871	-5.39100	-32.30994	SAX_LV_ENDOCARDIAL	3	1.0	4
14.68102	-5.39101	-34.02679	SAX_LV_ENDOCARDIAL	3	1.0	4
12.45334	-5.39101	-35.74363	SAX_LV_ENDOCARDIAL	3	1.0	4
10.22565	-5.39101	-37.46048	SAX_LV_ENDOCARDIAL	3	1.0	4
4.38332	-17.54346	-29.87975	RV_INSERT	3	1.0	4
-12.56726	16.70432	-76.99630	RV_INSERT	3	1.0	4
-32.69309	-32.91358	-71.61512	SAX_RV_FREEWALL	4	1.0	4
-34.38966	-31.80881	-74.02112	SAX_RV_FREEWALL	4	1.0	4
-36.08623	-30.70405	-76.42712	SAX_RV_FREEWALL	4	1.0	4
-37.78279	-29.59928	-78.83312	SAX_RV_FREEWALL	4	1.0	4
-38.94824	-27.38975	-81.92828	SAX_RV_FREEWALL	4	1.0	4
-40.11369	-25.18021	-85.02344	SAX_RV_FREEWALL	4	1.0	4
-40.16529	-22.97068	-87.26018	SAX_RV_FREEWALL	4	1.0	4
-40.21689	-20.76114	-89.49691	SAX_RV_FREEWALL	4	1.0	4
-39.15465	-18.55160	-90.87523	SAX_RV_FREEWALL	4	1.0	4
-39.20625	-16.34207	-93.11196	SAX_RV_FREEWALL	4	1.0	4
-37.03017	-14.13253	-93.63185	SAX_RV_FREEWALL	4	1.0	4
-34.85408	-11.92299	-94.15175	SAX_RV_FREEWALL	4	1.0	4
-31.56415	-9.71345	-93.81321	SAX_RV_FREEWALL	4	1.0	4
-29.38806	-7.50392	-94.33310	SAX_RV_FREEWALL	4	1.0	4
-26.09813	-5.29438	-93.99457	SAX_RV_FREEWALL	4	1.0	4
-23.92205	-3.08484	-94.51446	SAX_RV_FREEWALL	4	1.0	4
-21.16324	-1.98007	-93.48677	SAX_RV_FREEWALL	4	1.0	4
-17.87331	0.22947	-93.14824	SAX_RV_FREEWALL	4	1.0	4
-15.11450	1.33424	-92.12055	SAX_RV_FREEWALL	4	1.0	4
-11.82457	3.54378	-91.78202	SAX_RV_FREEWALL	4	1.0	4
-8.53464	5.75332	-91.44349	SAX_RV_FREEWALL	4	1.0	4
-6.30695	5.75332	-89.72664	SAX_RV_FREEWALL	4	1.0	4
-3.54814	6.85809	-88.69895	SAX_RV_FREEWALL	4	1.0	4
-0.78933	7.96286	-87.67126	SAX_RV_FREEWALL	4	1.0	4
3.85736	-24.07540	-52.23411	SAX_RV_FREEWALL	4	1.0	4
1.09855	-25.18017	-53.26180	SAX_RV_FREEWALL	4	1.0	4
-1.66026	-26.28494	-54.28949	SAX_RV_FREEWALL	4	1.0	4
-3.88795	-26.28494	-56.00633	SAX_RV_FREEWALL	4	1.0	4
-6.11564	-26.28495	-57.72318	SAX_RV_FREEWALL	4	1.0	4
-8.87445	-27.38972	-58.75087	SAX_RV_FREEWALL	4	1.0	4
-11.63326	-28.49449	-59.77856	SAX_RV_FREEWALL	4	1.0	4
-13.86094	-28.49449	-61.49540	SAX_RV_FREEWALL	4	1.0	4
-16.61975	-29.59926	-62.52309	SAX_RV_FREEWALL	4	1.0	4
-19.37856	-30.70403	-63.55078	SAX_RV_FREEWALL	4	1.0	4
-22.13737	-31.80880	-64.57847	SAX_RV_FREEWALL	4	1.0	4
-24.36506	-31.80880	-66.29531	SAX_RV_FREEWALL	4	1.0	4
-27.12387	-32.91357	-67.32300	SAX_RV_FREEWALL	4	1.0	4
-28.82044	-31.80881	-69.72900	SAX_RV_FREEWALL	4	1.0	4
-31.57925	-32.91358	-70.75669	SAX_RV_FREEWALL	4	1.0	4
-32.05877	-36.22788	-67.83080	SAX_RV_EPICARDIAL	4	1.0	4
-33.75533	-35.12312	-70.23680	SAX_RV_EPICARDIAL	4	1.0	4
-35.98302	-35.12312	-71.95365	SAX_RV_EPICARDIAL	4	1.0	4
-37.67959	-34.01835	-74.35965	SAX_RV_EPICARDIAL	4	1.0	4
-39.37616	-32.91359	-76.76565	SAX_RV_EPICARDIAL	4	1.0	4
-41.07272	-31.80882	-79.17166	SAX_RV_EPICARDIAL	4	1.0	4
-42.23817	-29.59928	-82.26681	SAX_RV_EPICARDIAL	4	1.0	4
-42.28977	-27.38975	-84.50355	SAX_RV_EPICARDIAL	4	1.0	4
-43.45522	-25.18022	-87.59871	SAX_RV_EPICARDIAL	4	1.0	4
-43.50682	-22.97068	-89.83545	SAX_RV_EPICARDIAL	4	1.0	4
-43.55842	-20.76114	-92.07218	SAX_RV_EPICARDIAL	4	1.0	4
-42.49618	-18.55161	-93.45050	SAX_RV_EPICARDIAL	4	1.0	4
-41.43394	-16.34207	-94.82881	SAX_RV_EPICARDIAL	4	1.0	4
-40.37170	-14.13253	-96.20712	SAX_RV_EPICARDIAL	4	1.0	4
-38.19561	-11.92300	-96.72701	SAX_RV_EPICARDIAL	4	1.0	4
-34.90568	-9.71346	-96.38848	SAX_RV_EPICARDIAL	4	1.0	4
-32.72960	-7.50392	-96.90837	SAX_RV_EPICARDIAL	4	1.0	4
-30.55351	-5.29438	-97.42826	SAX_RV_EPICARDIAL	4	1.0	4
-27.26358	-3.08484	-97.08973	SAX_RV_EPICARDIAL	4	1.0	4
-25.08749	-0.87531	-97.60962	SAX_RV_EPICARDIAL	4	1.0	4
-22.32868	0.22946	-96.58193	SAX_RV_EPICARDIAL	4	1.0	4
-19.03875	2.43900	-96.24340	SAX_RV_EPICARDIAL	4	1.0	4
-16.27994	3.54377	-95.21571	SAX_RV_EPICARDIAL	4	1.0	4
-12.99001	5.75331	-94.87718	SAX_RV_EPICARDIAL	4	1.0	4
-10.23121	6.85808	-93.84949	SAX_RV_EPICARDIAL	4	1.0	4
-7.47240	7.96285	-92.82180	SAX_RV_EPICARDIAL	4	1.0	4
-4.71359	9.06762	-91.79411	SAX_RV_EPICARDIAL	4	1.0	4
-1.95478	10.17239	-90.76642	SAX_RV_EPICARDIAL	4	1.0	4
0.80403	11.27716	-89.73873	SAX_RV_EPICARDIAL	4	1.0	4
3.03172	11.27717	-88.02189	SAX_RV_EPICARDIAL	4	1.0	4
3.08332	9.06763	-85.78515	SAX_RV_EPICARDIAL	4	1.0	4
7.78161	-25.18016	-48.11126	SAX_RV_EPICARDIAL	4	1.0	4
5.02280	-26.28493	-49.13895	SAX_RV_EPICARDIAL	4	1.0	4
2.26400	-27.38971	-50.16664	SAX_RV_EPICARDIAL	4	1.0	4
0.03631	-27.38971	-51.88348	SAX_RV_EPICARDIAL	4	1.0	4
-2.72250	-28.49448	-52.91117	SAX_RV_EPICARDIAL	4	1.0	4
-4.95019	-28.49448	-54.62802	SAX_RV_EPICARDIAL	4	1.0	4
-7.70900	-29.59925	-55.65571	SAX_RV_EPICARDIAL	4	1.0	4
-9.93669	-29.59925	-57.37255	SAX_RV_EPICARDIAL	4	1.0	4
-12.69550	-30.70402	-58.40024	SAX_RV_EPICARDIAL	4	1.0	4
-15.45431	-31.80879	-59.42793	SAX_RV_EPICARDIAL	4	1.0	4
-18.21312	-32.91356	-60.45562	SAX_RV_EPICARDIAL	4	1.0	4
-20.97193	-34.01833	-61.48331	SAX_RV_EPICARDIAL	4	1.0	4
-23.73074	-35.12311	-62.51100	SAX_RV_EPICARDIAL	4	1.0	4
-25.95842	-35.12311	-64.22784	SAX_RV_EPICARDIAL	4	1.0	4
-28.18611	-35.12311	-65.94469	SAX_RV_EPICARDIAL	4	1.0	4
-30.94492	-36.22788	-66.97238	SAX_RV_EPICARDIAL	4	1.0	4
1.43836	7.96286	-85.95442	SAX_RV_SEPTUM	4	1.0	4
0.37612	5.75333	-84.57611	SAX_RV_SEPTUM	4	1.0	4
-0.68613	3.54379	-83.19779	SAX_RV_SEPTUM	4	1.0	4
-1.74837	1.33425	-81.81948	SAX_RV_SEPTUM	4	1.0	4
-2.81061	-0.87528	-80.44116	SAX_RV_SEPTUM	4	1.0	4
-2.75901	-3.08482	-78.20443	SAX_RV_SEPTUM	4	1.0	4
-2.70740	-5.29435	-75.96769	SAX_RV_SEPTUM	4	1.0	4
-3.76965	-7.50389	-74.58938	SAX_RV_SEPTUM	4	1.0	4
-3.71804	-9.71343	-72.35264	SAX_RV_SEPTUM	4	1.0	4
-2.55260	-11.92296	-69.25748	SAX_RV_SEPTUM	4	1.0	4
-1.38715	-14.13250	-66.16232	SAX_RV_SEPTUM	4	1.0	4
-0.22170	-16.34203	-63.06717	SAX_RV_SEPTUM	4	1.0	4
0.94374	-18.55156	-59.97201	SAX_RV_SEPTUM	4	1.0	4
2.64031	-19.65633	-57.56600	SAX_RV_SEPTUM	4	1.0	4
4.33688	-20.76110	-55.16000	SAX_RV_SEPTUM	4	1.0	4
6.03344	-21.86586	-52.75400	SAX_RV_SEPTUM	4	1.0	4
6.61617	-22.97063	-51.20642	SAX_RV_SEPTUM	4	1.0	4
5.25941	11.27717	-86.30504	SAX_LV_EPICARDIAL	4	1.0	4
6.32165	13.48671	-87.68336	SAX_LV_EPICARDIAL	4	1.0	4
8.49774	15.69624	-88.20325	SAX_LV_EPICARDIAL	4	1.0	4
11.78767	17.90578	-87.86471	SAX_LV_EPICARDIAL	4	1.0	4
15.07760	20.11532	-87.52618	SAX_LV_EPICARDIAL	4	1.0	4
18.36753	22.32486	-87.18765	SAX_LV_EPICARDIAL	4	1.0	4
21.65746	24.53440	-86.84912	SAX_LV_EPICARDIAL	4	1.0	4
24.41627	25.63917	-85.82143	SAX_LV_EPICARDIAL	4	1.0	4
27.17508	26.74394	-84.79374	SAX_LV_EPICARDIAL	4	1.0	4
29.93389	27.84871	-83.76605	SAX_LV_EPICARDIAL	4	1.0	4
32.69270	28.95348	-82.73836	SAX_LV_EPICARDIAL	4	1.0	4
34.92038	28.95348	-81.02152	SAX_LV_EPICARDIAL	4	1.0	4
37.14807	28.95349	-79.30467	SAX_LV_EPICARDIAL	4	1.0	4
39.37576	28.95349	-77.58783	SAX_LV_EPICARDIAL	4	1.0	4
41.60345	28.95349	-75.87098	SAX_LV_EPICARDIAL	4	1.0	4
43.83114	28.95349	-74.15413	SAX_LV_EPICARDIAL	4	1.0	4
45.52771	27.84873	-71.74813	SAX_LV_EPICARDIAL	4	1.0	4
47.22427	26.74396	-69.34213	SAX_LV_EPICARDIAL	4	1.0	4
48.92084	25.63919	-66.93613	SAX_LV_EPICARDIAL	4	1.0	4
50.61741	24.53443	-64.53013	SAX_LV_EPICARDIAL	4	1.0	4
51.78285	22.32489	-61.43497	SAX_LV_EPICARDIAL	4	1.0	4
52.94830	20.11536	-58.33981	SAX_LV_EPICARDIAL	4	1.0	4
52.99990	17.90582	-56.10307	SAX_LV_EPICARDIAL	4	1.0	4
53.05151	15.69629	-53.86633	SAX_LV_EPICARDIAL	4	1.0	4
53.10311	13.48675	-51.62960	SAX_LV_EPICARDIAL	4	1.0	4
53.15471	11.27722	-49.39286	SAX_LV_EPICARDIAL	4	1.0	4
52.09247	9.06768	-48.01455	SAX_LV_EPICARDIAL	4	1.0	4
52.14407	6.85814	-45.77781	SAX_LV_EPICARDIAL	4	1.0	4
51.08183	4.64861	-44.39950	SAX_LV_EPICARDIAL	4	1.0	4
50.01959	2.43907	-43.02119	SAX_LV_EPICARDIAL	4	1.0	4
47.84350	0.22953	-42.50130	SAX_LV_EPICARDIAL	4	1.0	4
46.78126	-1.98000	-41.12298	SAX_LV_EPICARDIAL	4	1.0	4
45.71902	-4.18954	-39.74467	SAX_LV_EPICARDIAL	4	1.0	4
43.54293	-6.39908	-39.22478	SAX_LV_EPICARDIAL	4	1.0	4
41.36685	-8.60861	-38.70489	SAX_LV_EPICARDIAL	4	1.0	4
39.19076	-10.81815	-38.18500	SAX_LV_EPICARDIAL	4	1.0	4
37.01467	-13.02769	-37.66511	SAX_LV_EPICARDIAL	4	1.0	4
33.72474	-15.23723	-38.00364	SAX_LV_EPICARDIAL	4	1.0	4
30.43481	-17.44677	-38.34217	SAX_LV_EPICARDIAL	4	1.0	4
27.67600	-18.55154	-39.36986	SAX_LV_EPICARDIAL	4	1.0	4
24.91719	-19.65631	-40.39755	SAX_LV_EPICARDIAL	4	1.0	4
22.15838	-20.76108	-41.42524	SAX_LV_EPICARDIAL	4	1.0	4
19.39957	-21.86585	-42.45293	SAX_LV_EPICARDIAL	4	1.0	4
17.17189	-21.86585	-44.16977	SAX_LV_EPICARDIAL	4	1.0	4
14.94420	-21.86585	-45.88662	SAX_LV_EPICARDIAL	4	1.0	4
12.71651	-21.86586	-47.60346	SAX_LV_EPICARDIAL	4	1.0	4
10.48882	-21.86586	-49.32031	SAX_LV_EPICARDIAL	4	1.0	4
19.24477	-15.23724	-49.16313	SAX_LV_ENDOCARDIAL	4	1.0	4
17.54820	-14.13248	-51.56914	SAX_LV_ENDOCARDIAL	4	1.0	4
15.32051	-14.13248	-53.28598	SAX_LV_ENDOCARDIAL	4	1.0	4
13.62394	-13.02771	-55.69198	SAX_LV_ENDOCARDIAL	4	1.0	4
11.92738	-11.92295	-58.09799	SAX_LV_ENDOCARDIAL	4	1.0	4
10.23081	-10.81818	-60.50399	SAX_LV_ENDOCARDIAL	4	1.0	4
8.53424	-9.71341	-62.90999	SAX_LV_ENDOCARDIAL	4	1.0	4
6.83767	-8.60865	-65.31599	SAX_LV_ENDOCARDIAL	4	1.0	4
6.78607	-6.39911	-67.55273	SAX_LV_ENDOCARDIAL	4	1.0	4
6.73447	-4.18958	-69.78947	SAX_LV_ENDOCARDIAL	4	1.0	4
6.68287	-1.98004	-72.02620	SAX_LV_ENDOCARDIAL	4	1.0	4
6.63126	0.22949	-74.26294	SAX_LV_ENDOCARDIAL	4	1.0	4
6.57966	2.43903	-76.49968	SAX_LV_ENDOCARDIAL	4	1.0	4
7.64190	4.64857	-77.87799	SAX_LV_ENDOCARDIAL	4	1.0	4
8.70415	6.85810	-79.25630	SAX_LV_ENDOCARDIAL	4	1.0	4
10.88023	9.06764	-79.77619	SAX_LV_ENDOCARDIAL	4	1.0	4
11.94247	11.27718	-81.15451	SAX_LV_ENDOCARDIAL	4	1.0	4
14.11856	13.48671	-81.67440	SAX_LV_ENDOCARDIAL	4	1.0	4
16.29465	15.69625	-82.19429	SAX_LV_ENDOCARDIAL	4	1.0	4
18.47073	17.90579	-82.71418	SAX_LV_ENDOCARDIAL	4	1.0	4
21.22954	19.01056	-81.68649	SAX_LV_ENDOCARDIAL	4	1.0	4
23.98835	20.11533	-80.65880	SAX_LV_ENDOCARDIAL	4	1.0	4
26.74716	21.22010	-79.63111	SAX_LV_ENDOCARDIAL	4	1.0	4
29.50597	22.32487	-78.60342	SAX_LV_ENDOCARDIAL	4	1.0	4
31.73366	22.32487	-76.88658	SAX_LV_ENDOCARDIAL	4	1.0	4
33.96135	22.32488	-75.16973	SAX_LV_ENDOCARDIAL	4	1.0	4
36.18904	22.32488	-73.45289	SAX_LV_ENDOCARDIAL	4	1.0	4
38.41672	22.32488	-71.73604	SAX_LV_ENDOCARDIAL	4	1.0	4
40.64441	22.32488	-70.01919	SAX_LV_ENDOCARDIAL	4	1.0	4
42.34098	21.22012	-67.61319	SAX_LV_ENDOCARDIAL	4	1.0	4
44.03755	20.11535	-65.20719	SAX_LV_ENDOCARDIAL	4	1.0	4
45.73411	19.01058	-62.80119	SAX_LV_ENDOCARDIAL	4	1.0	4
46.89956	16.80105	-59.70603	SAX_LV_ENDOCARDIAL	4	1.0	4
46.95116	14.59151	-57.46929	SAX_LV_ENDOCARDIAL	4	1.0	4
47.00277	12.38198	-55.23256	SAX_LV_ENDOCARDIAL	4	1.0	4
47.05437	10.17244	-52.99582	SAX_LV_ENDOCARDIAL	4	1.0	4
45.99213	7.96291	-51.61751	SAX_LV_ENDOCARDIAL	4	1.0	4
44.92988	5.75337	-50.23919	SAX_LV_ENDOCARDIAL	4	1.0	4
43.86764	3.54383	-48.86088	SAX_LV_ENDOCARDIAL	4	1.0	4
42.80540	1.33430	-47.48257	SAX_LV_ENDOCARDIAL	4	1.0	4
40.62931	-0.87524	-46.96268	SAX_LV_ENDOCARDIAL	4	1.0	4
38.45323	-3.08478	-46.44278	SAX_LV_ENDOCARDIAL	4	1.0	4
36.27714	-5.29432	-45.92289	SAX_LV_ENDOCARDIAL	4	1.0	4
34.10106	-7.50385	-45.40300	SAX_LV_ENDOCARDIAL	4	1.0	4
30.81113	-9.71339	-45.74154	SAX_LV_ENDOCARDIAL	4	1.0	4
27.52120	-11.92293	-46.08007	SAX_LV_ENDOCARDIAL	4	1.0	4
24.76239	-13.02770	-47.10776	SAX_LV_ENDOCARDIAL	4	1.0	4
22.00358	-14.13247	-48.13545	SAX_LV_ENDOCARDIAL	4	1.0	4
-0.78933	7.96286	-87.67126	RV_INSERT	4	1.0	4
6.61617	-22.97063	-51.20642	RV_INSERT	4	1.0	4
-11.20018	-28.39782	-87.98520	SAX_RV_FREEWALL	5	1.0	4
-12.89674	-27.29305	-90.39120	SAX_RV_FREEWALL	5	1.0	4
-14.59331	-26.18828	-92.79720	SAX_RV_FREEWALL	5	1.0	4
-15.17604	-25.08352	-94.34478	SAX_RV_FREEWALL	5	1.0	4
-14.11379	-22.87398	-95.72309	SAX_RV_FREEWALL	5	1.0	4
-13.05155	-20.66444	-97.10141	SAX_RV_FREEWALL	5	1.0	4
-10.87547	-18.45491	-97.62130	SAX_RV_FREEWALL	5	1.0	4
-8.69938	-16.24537	-98.14119	SAX_RV_FREEWALL	5	1.0	4
-6.52329	-14.03583	-98.66108	SAX_RV_FREEWALL	5	1.0	4
-3.23336	-11.82629	-98.32255	SAX_RV_FREEWALL	5	1.0	4
0.05657	-9.61675	-97.98402	SAX_RV_FREEWALL	5	1.0	4
2.81538	-8.51198	-96.95633	SAX_RV_FREEWALL	5	1.0	4
6.10531	-6.30244	-96.61779	SAX_RV_FREEWALL	5	1.0	4
8.86412	-5.19767	-95.59011	SAX_RV_FREEWALL	5	1.0	4
11.62293	-4.09290	-94.56242	SAX_RV_FREEWALL	5	1.0	4
14.38173	-2.98813	-93.53473	SAX_RV_FREEWALL	5	1.0	4
9.85966	-23.97873	-76.14864	SAX_RV_FREEWALL	5	1.0	4
7.63197	-23.97873	-77.86548	SAX_RV_FREEWALL	5	1.0	4
5.40428	-23.97873	-79.58233	SAX_RV_FREEWALL	5	1.0	4
2.64547	-25.08350	-80.61002	SAX_RV_FREEWALL	5	1.0	4
0.41778	-25.08350	-82.32686	SAX_RV_FREEWALL	5	1.0	4
-2.34103	-26.18827	-83.35455	SAX_RV_FREEWALL	5	1.0	4
-5.09984	-27.29304	-84.38224	SAX_RV_FREEWALL	5	1.0	4
-7.85864	-28.39781	-85.40993	SAX_RV_FREEWALL	5	1.0	4
-10.08633	-28.39782	-87.12677	SAX_RV_FREEWALL	5	1.0	4
-18.36276	-31.71213	-90.20984	SAX_RV_EPICARDIAL	5	1.0	4
-20.05933	-30.60736	-92.61584	SAX_RV_EPICARDIAL	5	1.0	4
-20.11093	-28.39783	-94.85258	SAX_RV_EPICARDIAL	5	1.0	4
-20.16253	-26.18829	-97.08932	SAX_RV_EPICARDIAL	5	1.0	4
-19.10029	-23.97875	-98.46763	SAX_RV_EPICARDIAL	5	1.0	4
-16.92421	-21.76922	-98.98752	SAX_RV_EPICARDIAL	5	1.0	4
-14.74812	-19.55968	-99.50741	SAX_RV_EPICARDIAL	5	1.0	4
-12.57203	-17.35014	-100.02730	SAX_RV_EPICARDIAL	5	1.0	4
-10.39595	-15.14060	-100.54719	SAX_RV_EPICARDIAL	5	1.0	4
-8.21986	-12.93107	-101.06708	SAX_RV_EPICARDIAL	5	1.0	4
-4.92993	-10.72153	-100.72855	SAX_RV_EPICARDIAL	5	1.0	4
-1.64000	-8.51199	-100.39002	SAX_RV_EPICARDIAL	5	1.0	4
1.64993	-6.30245	-100.05149	SAX_RV_EPICARDIAL	5	1.0	4
4.40874	-5.19768	-99.02380	SAX_RV_EPICARDIAL	5	1.0	4
7.16755	-4.09291	-97.99611	SAX_RV_EPICARDIAL	5	1.0	4
9.92636	-2.98814	-96.96842	SAX_RV_EPICARDIAL	5	1.0	4
12.68517	-1.88337	-95.94073	SAX_RV_EPICARDIAL	5	1.0	4
15.44398	-0.77860	-94.91304	SAX_RV_EPICARDIAL	5	1.0	4
17.67167	-0.77859	-93.19620	SAX_RV_EPICARDIAL	5	1.0	4
16.60942	-2.98813	-91.81788	SAX_RV_EPICARDIAL	5	1.0	4
14.84616	-22.87395	-73.40410	SAX_RV_EPICARDIAL	5	1.0	4
16.01160	-25.08349	-70.30894	SAX_RV_EPICARDIAL	5	1.0	4
13.25279	-26.18826	-71.33663	SAX_RV_EPICARDIAL	5	1.0	4
11.02510	-26.18826	-73.05348	SAX_RV_EPICARDIAL	5	1.0	4
8.79742	-26.18826	-74.77032	SAX_RV_EPICARDIAL	5	1.0	4
6.56973	-26.18826	-76.48717	SAX_RV_EPICARDIAL	5	1.0	4
3.81092	-27.29303	-77.51486	SAX_RV_EPICARDIAL	5	1.0	4
1.05211	-28.39780	-78.54255	SAX_RV_EPICARDIAL	5	1.0	4
-1.70670	-29.50258	-79.57023	SAX_RV_EPICARDIAL	5	1.0	4
-4.46551	-30.60735	-80.59792	SAX_RV_EPICARDIAL	5	1.0	4
-7.22432	-31.71212	-81.62561	SAX_RV_EPICARDIAL	5	1.0	4
-9.45201	-31.71212	-83.34246	SAX_RV_EPICARDIAL	5	1.0	4
-11.67970	-31.71212	-85.05930	SAX_RV_EPICARDIAL	5	1.0	4
-13.90738	-31.71212	-86.77615	SAX_RV_EPICARDIAL	5	1.0	4
-16.13507	-31.71213	-88.49299	SAX_RV_EPICARDIAL	5	1.0	4
16.60942	-2.98813	-91.81788	SAX_RV_SEPTUM	5	1.0	4
15.54718	-5.19767	-90.43957	SAX_RV_SEPTUM	5	1.0	4
14.48494	-7.40720	-89.06125	SAX_RV_SEPTUM	5	1.0	4
13.42270	-9.61674	-87.68294	SAX_RV_SEPTUM	5	1.0	4
12.36046	-11.82628	-86.30463	SAX_RV_SEPTUM	5	1.0	4
12.41206	-14.03581	-84.06789	SAX_RV_SEPTUM	5	1.0	4
12.46366	-16.24535	-81.83116	SAX_RV_SEPTUM	5	1.0	4
12.51526	-18.45488	-79.59442	SAX_RV_SEPTUM	5	1.0	4
13.68071	-20.66442	-76.49926	SAX_RV_SEPTUM	5	1.0	4
14.84616	-22.87395	-73.40410	SAX_RV_SEPTUM	5	1.0	4
12.08735	-23.97872	-74.43179	SAX_RV_SEPTUM	5	1.0	4
22.16355	-26.18825	-64.46925	SAX_LV_EPICARDIAL	5	1.0	4
20.46698	-25.08348	-66.87525	SAX_LV_EPICARDIAL	5	1.0	4
18.23929	-25.08348	-68.59210	SAX_LV_EPICARDIAL	5	1.0	4
21.54432	0.32618	-91.31008	SAX_LV_EPICARDIAL	5	1.0	4
23.72040	2.53571	-91.82997	SAX_LV_EPICARDIAL	5	1.0	4
27.01034	4.74525	-91.49144	SAX_LV_EPICARDIAL	5	1.0	4
30.30027	6.95479	-91.15291	SAX_LV_EPICARDIAL	5	1.0	4
33.05907	8.05956	-90.12522	SAX_LV_EPICARDIAL	5	1.0	4
35.81788	9.16433	-89.09753	SAX_LV_EPICARDIAL	5	1.0	4
38.04557	9.16434	-87.38069	SAX_LV_EPICARDIAL	5	1.0	4
40.80438	10.26911	-86.35300	SAX_LV_EPICARDIAL	5	1.0	4
43.03207	10.26911	-84.63615	SAX_LV_EPICARDIAL	5	1.0	4
45.25976	10.26911	-82.91931	SAX_LV_EPICARDIAL	5	1.0	4
46.95633	9.16434	-80.51330	SAX_LV_EPICARDIAL	5	1.0	4
49.18401	9.16435	-78.79646	SAX_LV_EPICARDIAL	5	1.0	4
50.88058	8.05958	-76.39046	SAX_LV_EPICARDIAL	5	1.0	4
52.57715	6.95481	-73.98445	SAX_LV_EPICARDIAL	5	1.0	4
53.74260	4.74528	-70.88929	SAX_LV_EPICARDIAL	5	1.0	4
54.90804	2.53575	-67.79414	SAX_LV_EPICARDIAL	5	1.0	4
54.95965	0.32621	-65.55740	SAX_LV_EPICARDIAL	5	1.0	4
55.01125	-1.88333	-63.32066	SAX_LV_EPICARDIAL	5	1.0	4
53.94901	-4.09286	-61.94235	SAX_LV_EPICARDIAL	5	1.0	4
52.88676	-6.30240	-60.56404	SAX_LV_EPICARDIAL	5	1.0	4
51.82452	-8.51193	-59.18572	SAX_LV_EPICARDIAL	5	1.0	4
50.76228	-10.72147	-57.80741	SAX_LV_EPICARDIAL	5	1.0	4
49.70004	-12.93101	-56.42910	SAX_LV_EPICARDIAL	5	1.0	4
47.52395	-15.14055	-55.90920	SAX_LV_EPICARDIAL	5	1.0	4
45.34787	-17.35008	-55.38931	SAX_LV_EPICARDIAL	5	1.0	4
42.05794	-19.55962	-55.72785	SAX_LV_EPICARDIAL	5	1.0	4
38.76801	-21.76916	-56.06638	SAX_LV_EPICARDIAL	5	1.0	4
35.47808	-23.97870	-56.40491	SAX_LV_EPICARDIAL	5	1.0	4
32.71927	-25.08347	-57.43260	SAX_LV_EPICARDIAL	5	1.0	4
30.49158	-25.08347	-59.14945	SAX_LV_EPICARDIAL	5	1.0	4
27.73277	-26.18824	-60.17713	SAX_LV_EPICARDIAL	5	1.0	4
25.50508	-26.18825	-61.89398	SAX_LV_EPICARDIAL	5	1.0	4
23.27739	-26.18825	-63.61083	SAX_LV_EPICARDIAL	5	1.0	4
26.46412	-19.55964	-67.74577	SAX_LV_ENDOCARDIAL	5	1.0	4
24.76755	-18.45487	-70.15177	SAX_LV_ENDOCARDIAL	5	1.0	4
23.07098	-17.35011	-72.55777	SAX_LV_ENDOCARDIAL	5	1.0	4
21.90553	-15.14057	-75.65293	SAX_LV_ENDOCARDIAL	5	1.0	4
20.74009	-12.93104	-78.74809	SAX_LV_ENDOCARDIAL	5	1.0	4
20.68849	-10.72150	-80.98482	SAX_LV_ENDOCARDIAL	5	1.0	4
21.75073	-8.51196	-82.36314	SAX_LV_ENDOCARDIAL	5	1.0	4
21.69913	-6.30243	-84.59987	SAX_LV_ENDOCARDIAL	5	1.0	4
23.87521	-4.09289	-85.11977	SAX_LV_ENDOCARDIAL	5	1.0	4
26.05130	-1.88335	-85.63966	SAX_LV_ENDOCARDIAL	5	1.0	4
28.22738	0.32618	-86.15955	SAX_LV_ENDOCARDIAL	5	1.0	4
30.98619	1.43095	-85.13186	SAX_LV_ENDOCARDIAL	5	1.0	4
33.74500	2.53572	-84.10417	SAX_LV_ENDOCARDIAL	5	1.0	4
36.50381	3.64050	-83.07648	SAX_LV_ENDOCARDIAL	5	1.0	4
38.73150	3.64050	-81.35963	SAX_LV_ENDOCARDIAL	5	1.0	4
40.95919	3.64050	-79.64279	SAX_LV_ENDOCARDIAL	5	1.0	4
42.65576	2.53573	-77.23679	SAX_LV_ENDOCARDIAL	5	1.0	4
44.88344	2.53574	-75.51994	SAX_LV_ENDOCARDIAL	5	1.0	4
46.58001	1.43097	-73.11394	SAX_LV_ENDOCARDIAL	5	1.0	4
46.63161	-0.77857	-70.87720	SAX_LV_ENDOCARDIAL	5	1.0	4
46.68322	-2.98810	-68.64047	SAX_LV_ENDOCARDIAL	5	1.0	4
46.73482	-5.19764	-66.40373	SAX_LV_ENDOCARDIAL	5	1.0	4
45.67258	-7.40717	-65.02542	SAX_LV_ENDOCARDIAL	5	1.0	4
44.61034	-9.61671	-63.64710	SAX_LV_ENDOCARDIAL	5	1.0	4
42.43425	-11.82625	-63.12721	SAX_LV_ENDOCARDIAL	5	1.0	4
40.25816	-14.03579	-62.60732	SAX_LV_ENDOCARDIAL	5	1.0	4
36.96823	-16.24532	-62.94585	SAX_LV_ENDOCARDIAL	5	1.0	4
33.67830	-18.45486	-63.28439	SAX_LV_ENDOCARDIAL	5	1.0	4
31.45061	-18.45486	-65.00123	SAX_LV_ENDOCARDIAL	5	1.0	4
28.69181	-19.55964	-66.02892	SAX_LV_ENDOCARDIAL	5	1.0	4
14.38173	-2.98813	-93.53473	RV_INSERT	5	1.0	4
12.08735	-23.97872	-74.43179	RV_INSERT	5	1.0	4
13.68687	-26.09259	-99.54327	SAX_RV_FREEWALL	6	1.0	4
11.99030	-24.98782	-101.94927	SAX_RV_FREEWALL	6	1.0	4
11.93870	-22.77829	-104.18601	SAX_RV_FREEWALL	6	1.0	4
11.88710	-20.56875	-106.42275	SAX_RV_FREEWALL	6	1.0	4
14.06319	-18.35921	-106.94264	SAX_RV_FREEWALL	6	1.0	4
17.35312	-16.14967	-106.60411	SAX_RV_FREEWALL	6	1.0	4
19.58080	-16.14967	-104.88726	SAX_RV_FREEWALL	6	1.0	4
22.33961	-15.04490	-103.85957	SAX_RV_FREEWALL	6	1.0	4
19.25609	-26.09258	-95.25116	SAX_RV_FREEWALL	6	1.0	4
17.02840	-26.09258	-96.96800	SAX_RV_FREEWALL	6	1.0	4
14.80072	-26.09259	-98.68485	SAX_RV_FREEWALL	6	1.0	4
11.51079	-28.30213	-99.02338	SAX_RV_EPICARDIAL	6	1.0	4
9.81422	-27.19736	-101.42938	SAX_RV_EPICARDIAL	6	1.0	4
8.11765	-26.09259	-103.83539	SAX_RV_EPICARDIAL	6	1.0	4
8.06605	-23.88306	-106.07212	SAX_RV_EPICARDIAL	6	1.0	4
8.01445	-21.67352	-108.30886	SAX_RV_EPICARDIAL	6	1.0	4
10.19053	-19.46398	-108.82875	SAX_RV_EPICARDIAL	6	1.0	4
12.36662	-17.25445	-109.34864	SAX_RV_EPICARDIAL	6	1.0	4
15.65655	-15.04491	-109.01011	SAX_RV_EPICARDIAL	6	1.0	4
18.41536	-13.94014	-107.98242	SAX_RV_EPICARDIAL	6	1.0	4
20.64305	-13.94014	-106.26557	SAX_RV_EPICARDIAL	6	1.0	4
22.87073	-13.94013	-104.54873	SAX_RV_EPICARDIAL	6	1.0	4
24.56730	-15.04490	-102.14272	SAX_RV_EPICARDIAL	6	1.0	4
22.54602	-23.88304	-94.91263	SAX_RV_EPICARDIAL	6	1.0	4
22.59763	-26.09258	-92.67589	SAX_RV_EPICARDIAL	6	1.0	4
20.95266	-27.19735	-92.84516	SAX_RV_EPICARDIAL	6	1.0	4
18.19385	-28.30212	-93.87284	SAX_RV_EPICARDIAL	6	1.0	4
15.96616	-28.30212	-95.58969	SAX_RV_EPICARDIAL	6	1.0	4
13.73847	-28.30212	-97.30654	SAX_RV_EPICARDIAL	6	1.0	4
24.03618	-16.14967	-101.45357	SAX_RV_SEPTUM	6	1.0	4
24.08778	-18.35920	-99.21683	SAX_RV_SEPTUM	6	1.0	4
24.13939	-20.56874	-96.98010	SAX_RV_SEPTUM	6	1.0	4
23.07714	-22.77828	-95.60178	SAX_RV_SEPTUM	6	1.0	4
22.01490	-24.98781	-94.22347	SAX_RV_SEPTUM	6	1.0	4
27.68733	-29.40688	-85.45788	SAX_LV_EPICARDIAL	6	1.0	4
25.99076	-28.30211	-87.86388	SAX_LV_EPICARDIAL	6	1.0	4
24.29419	-27.19734	-90.26989	SAX_LV_EPICARDIAL	6	1.0	4
30.61604	-11.73059	-100.77650	SAX_LV_EPICARDIAL	6	1.0	4
33.90597	-9.52105	-100.43797	SAX_LV_EPICARDIAL	6	1.0	4
36.66478	-8.41628	-99.41028	SAX_LV_EPICARDIAL	6	1.0	4
39.42359	-7.31151	-98.38259	SAX_LV_EPICARDIAL	6	1.0	4
41.65128	-7.31151	-96.66575	SAX_LV_EPICARDIAL	6	1.0	4
43.87897	-7.31151	-94.94890	SAX_LV_EPICARDIAL	6	1.0	4
46.10666	-7.31150	-93.23206	SAX_LV_EPICARDIAL	6	1.0	4
48.33434	-7.31150	-91.51521	SAX_LV_EPICARDIAL	6	1.0	4
49.49979	-9.52104	-88.42005	SAX_LV_EPICARDIAL	6	1.0	4
50.66524	-11.73057	-85.32489	SAX_LV_EPICARDIAL	6	1.0	4
50.71684	-13.94011	-83.08816	SAX_LV_EPICARDIAL	6	1.0	4
49.65460	-16.14964	-81.70984	SAX_LV_EPICARDIAL	6	1.0	4
48.59236	-18.35918	-80.33153	SAX_LV_EPICARDIAL	6	1.0	4
47.53011	-20.56872	-78.95322	SAX_LV_EPICARDIAL	6	1.0	4
46.46787	-22.77825	-77.57490	SAX_LV_EPICARDIAL	6	1.0	4
44.29179	-24.98779	-77.05501	SAX_LV_EPICARDIAL	6	1.0	4
41.00186	-27.19733	-77.39354	SAX_LV_EPICARDIAL	6	1.0	4
37.71193	-29.40687	-77.73208	SAX_LV_EPICARDIAL	6	1.0	4
35.48424	-29.40687	-79.44892	SAX_LV_EPICARDIAL	6	1.0	4
33.25655	-29.40687	-81.16577	SAX_LV_EPICARDIAL	6	1.0	4
31.02886	-29.40687	-82.88261	SAX_LV_EPICARDIAL	6	1.0	4
28.80117	-29.40688	-84.59946	SAX_LV_EPICARDIAL	6	1.0	4
32.03950	-24.98780	-86.49766	SAX_LV_ENDOCARDIAL	6	1.0	4
30.34293	-23.88304	-88.90367	SAX_LV_ENDOCARDIAL	6	1.0	4
30.29133	-21.67350	-91.14040	SAX_LV_ENDOCARDIAL	6	1.0	4
30.23973	-19.46396	-93.37714	SAX_LV_ENDOCARDIAL	6	1.0	4
31.30197	-17.25443	-94.75545	SAX_LV_ENDOCARDIAL	6	1.0	4
32.36421	-15.04489	-96.13377	SAX_LV_ENDOCARDIAL	6	1.0	4
34.54030	-12.83535	-96.65366	SAX_LV_ENDOCARDIAL	6	1.0	4
37.29911	-11.73058	-95.62597	SAX_LV_ENDOCARDIAL	6	1.0	4
40.05792	-10.62581	-94.59828	SAX_LV_ENDOCARDIAL	6	1.0	4
41.75448	-11.73058	-92.19228	SAX_LV_ENDOCARDIAL	6	1.0	4
43.45105	-12.83535	-89.78627	SAX_LV_ENDOCARDIAL	6	1.0	4
44.61650	-15.04488	-86.69111	SAX_LV_ENDOCARDIAL	6	1.0	4
43.55426	-17.25442	-85.31280	SAX_LV_ENDOCARDIAL	6	1.0	4
42.49201	-19.46395	-83.93449	SAX_LV_ENDOCARDIAL	6	1.0	4
41.42977	-21.67349	-82.55617	SAX_LV_ENDOCARDIAL	6	1.0	4
39.25369	-23.88303	-82.03628	SAX_LV_ENDOCARDIAL	6	1.0	4
36.49488	-24.98780	-83.06397	SAX_LV_ENDOCARDIAL	6	1.0	4
34.26719	-24.98780	-84.78082	SAX_LV_ENDOCARDIAL	6	1.0	4
22.01490	-24.98781	-94.22347	RV_INSERT	6	1.0	4
22.33961	-15.04490	-103.85957	RV_INSERT	6	1.0	4
5.98859	22.66298	-24.15060	LAX_LV_ENDOCARDIAL	9	1.0	4
7.79138	20.49465	-25.54199	LAX_LV_ENDOCARDIAL	9	1.0	4
9.59417	18.32631	-26.93338	LAX_LV_ENDOCARDIAL	9	1.0	4
11.39696	16.15798	-28.32476	LAX_LV_ENDOCARDIAL	9	1.0	4
13.14471	13.95449	-28.31142	LAX_LV_ENDOCARDIAL	9	1.0	4
14.94750	11.78616	-29.70281	LAX_LV_ENDOCARDIAL	9	1.0	4
16.69524	9.58267	-29.68946	LAX_LV_ENDOCARDIAL	9	1.0	4
18.44299	7.37918	-29.67611	LAX_LV_ENDOCARDIAL	9	1.0	4
20.19074	5.17569	-29.66277	LAX_LV_ENDOCARDIAL	9	1.0	4
21.93848	2.97221	-29.64942	LAX_LV_ENDOCARDIAL	9	1.0	4
23.74128	0.80387	-31.04081	LAX_LV_ENDOCARDIAL	9	1.0	4
25.59911	-1.32931	-33.83693	LAX_LV_ENDOCARDIAL	9	1.0	4
27.40190	-3.49765	-35.22832	LAX_LV_ENDOCARDIAL	9	1.0	4
28.38586	-4.52909	-38.03111	LAX_LV_ENDOCARDIAL	9	1.0	4
29.36983	-5.56052	-40.83390	LAX_LV_ENDOCARDIAL	9	1.0	4
30.35379	-6.59196	-43.63669	LAX_LV_ENDOCARDIAL	9	1.0	4
32.21162	-8.72515	-46.43281	LAX_LV_ENDOCARDIAL	9	1.0	4
33.19559	-9.75659	-49.23561	LAX_LV_ENDOCARDIAL	9	1.0	4
34.17955	-10.78803	-52.03840	LAX_LV_ENDOCARDIAL	9	1.0	4
35.16351	-11.81947	-54.84119	LAX_LV_ENDOCARDIAL	9	1.0	4
36.14747	-12.85091	-57.64398	LAX_LV_ENDOCARDIAL	9	1.0	4
37.13144	-13.88235	-60.44677	LAX_LV_ENDOCARDIAL	9	1.0	4
38.11540	-14.91379	-63.24957	LAX_LV_ENDOCARDIAL	9	1.0	4
38.22549	-14.84348	-66.05903	LAX_LV_ENDOCARDIAL	9	1.0	4
39.20945	-15.87492	-68.86182	LAX_LV_ENDOCARDIAL	9	1.0	4
40.19341	-16.90636	-71.66462	LAX_LV_ENDOCARDIAL	9	1.0	4
41.17738	-17.93780	-74.46741	LAX_LV_ENDOCARDIAL	9	1.0	4
41.28746	-17.86750	-77.27688	LAX_LV_ENDOCARDIAL	9	1.0	4
42.27143	-18.89894	-80.07967	LAX_LV_ENDOCARDIAL	9	1.0	4
42.38152	-18.82863	-82.88913	LAX_LV_ENDOCARDIAL	9	1.0	4
42.49161	-18.75833	-85.69860	LAX_LV_ENDOCARDIAL	9	1.0	4
42.60169	-18.68803	-88.50806	LAX_LV_ENDOCARDIAL	9	1.0	4
42.71178	-18.61772	-91.31753	LAX_LV_ENDOCARDIAL	9	1.0	4
41.94800	-17.44567	-94.13367	LAX_LV_ENDOCARDIAL	9	1.0	4
41.18422	-16.27363	-96.94981	LAX_LV_ENDOCARDIAL	9	1.0	4
39.43647	-14.07014	-96.96315	LAX_LV_ENDOCARDIAL	9	1.0	4
37.68872	-11.86665	-96.97650	LAX_LV_ENDOCARDIAL	9	1.0	4
35.88593	-9.69832	-95.58511	LAX_LV_ENDOCARDIAL	9	1.0	4
34.08314	-7.52998	-94.19372	LAX_LV_ENDOCARDIAL	9	1.0	4
32.28035	-5.36165	-92.80234	LAX_LV_ENDOCARDIAL	9	1.0	4
30.47756	-3.19331	-91.41095	LAX_LV_ENDOCARDIAL	9	1.0	4
28.67477	-1.02498	-90.01956	LAX_LV_ENDOCARDIAL	9	1.0	4
26.87198	1.14336	-88.62818	LAX_LV_ENDOCARDIAL	9	1.0	4
25.06918	3.31169	-87.23679	LAX_LV_ENDOCARDIAL	9	1.0	4
23.26639	5.48003	-85.84540	LAX_LV_ENDOCARDIAL	9	1.0	4
21.46360	7.64836	-84.45402	LAX_LV_ENDOCARDIAL	9	1.0	4
19.66081	9.81670	-83.06263	LAX_LV_ENDOCARDIAL	9	1.0	4
17.91306	12.02018	-83.07597	LAX_LV_ENDOCARDIAL	9	1.0	4
16.11027	14.18852	-81.68459	LAX_LV_ENDOCARDIAL	9	1.0	4
14.36253	16.39201	-81.69793	LAX_LV_ENDOCARDIAL	9	1.0	4
12.55974	18.56034	-80.30655	LAX_LV_ENDOCARDIAL	9	1.0	4
10.75694	20.72868	-78.91516	LAX_LV_ENDOCARDIAL	9	1.0	4
8.95415	22.89701	-77.52377	LAX_LV_ENDOCARDIAL	9	1.0	4
7.15136	25.06535	-76.13239	LAX_LV_ENDOCARDIAL	9	1.0	4
5.34857	27.23368	-74.74100	LAX_LV_ENDOCARDIAL	9	1.0	4
3.49074	29.36686	-71.94488	LAX_LV_ENDOCARDIAL	9	1.0	4
1.63290	31.50005	-69.14876	LAX_LV_ENDOCARDIAL	9	1.0	4
-0.22494	33.63323	-66.35264	LAX_LV_ENDOCARDIAL	9	1.0	4
-2.02773	35.80156	-64.96125	LAX_LV_ENDOCARDIAL	9	1.0	4
-3.88556	37.93475	-62.16513	LAX_LV_ENDOCARDIAL	9	1.0	4
-5.68835	40.10308	-60.77375	LAX_LV_ENDOCARDIAL	9	1.0	4
5.11471	23.76473	-24.15728	LAX_LV_ENDOCARDIAL	9	1.0	4
12.75939	13.70843	-18.47829	LAX_LV_EPICARDIAL	9	1.0	4
14.56219	11.54009	-19.86968	LAX_LV_EPICARDIAL	9	1.0	4
16.30993	9.33661	-19.85633	LAX_LV_EPICARDIAL	9	1.0	4
18.05768	7.13312	-19.84299	LAX_LV_EPICARDIAL	9	1.0	4
19.86047	4.96478	-21.23437	LAX_LV_EPICARDIAL	9	1.0	4
21.66326	2.79645	-22.62576	LAX_LV_EPICARDIAL	9	1.0	4
23.41101	0.59296	-22.61241	LAX_LV_EPICARDIAL	9	1.0	4
25.21380	-1.57537	-24.00380	LAX_LV_EPICARDIAL	9	1.0	4
27.01659	-3.74371	-25.39519	LAX_LV_EPICARDIAL	9	1.0	4
28.87443	-5.87689	-28.19131	LAX_LV_EPICARDIAL	9	1.0	4
30.73226	-8.01007	-30.98743	LAX_LV_EPICARDIAL	9	1.0	4
32.59010	-10.14326	-33.78355	LAX_LV_EPICARDIAL	9	1.0	4
33.57406	-11.17470	-36.58634	LAX_LV_EPICARDIAL	9	1.0	4
35.43190	-13.30788	-39.38246	LAX_LV_EPICARDIAL	9	1.0	4
37.28973	-15.44106	-42.17858	LAX_LV_EPICARDIAL	9	1.0	4
38.27369	-16.47250	-44.98137	LAX_LV_EPICARDIAL	9	1.0	4
39.25766	-17.50394	-47.78416	LAX_LV_EPICARDIAL	9	1.0	4
40.24162	-18.53538	-50.58695	LAX_LV_EPICARDIAL	9	1.0	4
41.22558	-19.56682	-53.38975	LAX_LV_EPICARDIAL	9	1.0	4
42.20954	-20.59826	-56.19254	LAX_LV_EPICARDIAL	9	1.0	4
42.31963	-20.52796	-59.00200	LAX_LV_EPICARDIAL	9	1.0	4
43.30359	-21.55940	-61.80480	LAX_LV_EPICARDIAL	9	1.0	4
43.41368	-21.48909	-64.61426	LAX_LV_EPICARDIAL	9	1.0	4
44.39765	-22.52053	-67.41705	LAX_LV_EPICARDIAL	9	1.0	4
44.50774	-22.45023	-70.22652	LAX_LV_EPICARDIAL	9	1.0	4
45.49170	-23.48167	-73.02931	LAX_LV_EPICARDIAL	9	1.0	4
45.60179	-23.41137	-75.83878	LAX_LV_EPICARDIAL	9	1.0	4
45.71188	-23.34106	-78.64824	LAX_LV_EPICARDIAL	9	1.0	4
45.82196	-23.27076	-81.45771	LAX_LV_EPICARDIAL	9	1.0	4
45.93205	-23.20045	-84.26717	LAX_LV_EPICARDIAL	9	1.0	4
46.04214	-23.13015	-87.07664	LAX_LV_EPICARDIAL	9	1.0	4
46.15223	-23.05985	-89.88610	LAX_LV_EPICARDIAL	9	1.0	4
45.38845	-21.88780	-92.70224	LAX_LV_EPICARDIAL	9	1.0	4
45.49854	-21.81750	-95.51171	LAX_LV_EPICARDIAL	9	1.0	4
44.73475	-20.64545	-98.32785	LAX_LV_EPICARDIAL	9	1.0	4
43.09710	-18.37166	-101.15066	LAX_LV_EPICARDIAL	9	1.0	4
41.40439	-16.13302	-102.56874	LAX_LV_EPICARDIAL	9	1.0	4
39.65665	-13.92953	-102.58208	LAX_LV_EPICARDIAL	9	1.0	4
37.90890	-11.72605	-102.59543	LAX_LV_EPICARDIAL	9	1.0	4
36.16115	-9.52256	-102.60877	LAX_LV_EPICARDIAL	9	1.0	4
34.35836	-7.35422	-101.21739	LAX_LV_EPICARDIAL	9	1.0	4
32.61062	-5.15074	-101.23073	LAX_LV_EPICARDIAL	9	1.0	4
30.80783	-2.98240	-99.83935	LAX_LV_EPICARDIAL	9	1.0	4
29.00503	-0.81407	-98.44796	LAX_LV_EPICARDIAL	9	1.0	4
27.20224	1.35427	-97.05657	LAX_LV_EPICARDIAL	9	1.0	4
25.45450	3.55775	-97.06992	LAX_LV_EPICARDIAL	9	1.0	4
23.65171	5.72609	-95.67853	LAX_LV_EPICARDIAL	9	1.0	4
21.84891	7.89442	-94.28714	LAX_LV_EPICARDIAL	9	1.0	4
20.10117	10.09791	-94.30049	LAX_LV_EPICARDIAL	9	1.0	4
18.29838	12.26625	-92.90910	LAX_LV_EPICARDIAL	9	1.0	4
16.55063	14.46973	-92.92245	LAX_LV_EPICARDIAL	9	1.0	4
14.74784	16.63807	-91.53106	LAX_LV_EPICARDIAL	9	1.0	4
12.94505	18.80640	-90.13967	LAX_LV_EPICARDIAL	9	1.0	4
11.14226	20.97474	-88.74829	LAX_LV_EPICARDIAL	9	1.0	4
9.39451	23.17823	-88.76163	LAX_LV_EPICARDIAL	9	1.0	4
7.59172	25.34656	-87.37025	LAX_LV_EPICARDIAL	9	1.0	4
5.78893	27.51490	-85.97886	LAX_LV_EPICARDIAL	9	1.0	4
3.98614	29.68323	-84.58747	LAX_LV_EPICARDIAL	9	1.0	4
2.18335	31.85157	-83.19609	LAX_LV_EPICARDIAL	9	1.0	4
0.38055	34.01990	-81.80470	LAX_LV_EPICARDIAL	9	1.0	4
-1.42224	36.18824	-80.41331	LAX_LV_EPICARDIAL	9	1.0	4
-3.28007	38.32142	-77.61719	LAX_LV_EPICARDIAL	9	1.0	4
-5.13791	40.45460	-74.82107	LAX_LV_EPICARDIAL	9	1.0	4
-6.99574	42.58778	-72.02495	LAX_LV_EPICARDIAL	9	1.0	4
-7.97971	43.61922	-69.22216	LAX_LV_EPICARDIAL	9	1.0	4
-8.08980	43.54892	-66.41270	LAX_LV_EPICARDIAL	9	1.0	4
-8.19988	43.47862	-63.60323	LAX_LV_EPICARDIAL	9	1.0	4
-6.56223	41.20483	-60.78042	LAX_LV_EPICARDIAL	9	1.0	4
5.05967	23.72957	-22.75254	LAX_LV_EPICARDIAL	9	1.0	4
5.87850	22.59268	-21.34114	LAX_LV_EPICARDIAL	9	1.0	4
7.57120	20.35404	-19.92306	LAX_LV_EPICARDIAL	9	1.0	4
9.31895	18.15055	-19.90971	LAX_LV_EPICARDIAL	9	1.0	4
11.01165	15.91191	-18.49164	LAX_LV_EPICARDIAL	9	1.0	4
3.42201	26.00336	-25.57536	MITRAL_VALVE	9	1.0	4
-5.79844	40.03278	-57.96428	MITRAL_VALVE	9	1.0	4
-29.51486	-11.88040	-4.44577	LAX_RV_FREEWALL	8	1.0	1.0
-28.26880	-14.59730	-7.06991	LAX_RV_FREEWALL	8	1.0	1.0
-26.74383	-15.95575	-9.46089	LAX_RV_FREEWALL	8	1.0	1.0
-25.49778	-18.67265	-12.08503	LAX_RV_FREEWALL	8	1.0	1.0
-23.69389	-18.67265	-14.24284	LAX_RV_FREEWALL	8	1.0	1.0
-22.16893	-20.03110	-16.63382	LAX_RV_FREEWALL	8	1.0	1.0
-20.64396	-21.38955	-19.02480	LAX_RV_FREEWALL	8	1.0	1.0
-19.11899	-22.74800	-21.41578	LAX_RV_FREEWALL	8	1.0	1.0
-17.31511	-22.74800	-23.57360	LAX_RV_FREEWALL	8	1.0	1.0
-15.79014	-24.10646	-25.96458	LAX_RV_FREEWALL	8	1.0	1.0
-13.98626	-24.10646	-28.12240	LAX_RV_FREEWALL	8	1.0	1.0
-12.18238	-24.10646	-30.28021	LAX_RV_FREEWALL	8	1.0	1.0
-10.37850	-24.10646	-32.43803	LAX_RV_FREEWALL	8	1.0	1.0
-8.57461	-24.10646	-34.59585	LAX_RV_FREEWALL	8	1.0	1.0
-6.49182	-22.74802	-36.52050	LAX_RV_FREEWALL	8	1.0	1.0
-4.68794	-22.74802	-38.67832	LAX_RV_FREEWALL	8	1.0	1.0
-2.88406	-22.74802	-40.83614	LAX_RV_FREEWALL	8	1.0	1.0
-1.08018	-22.74802	-42.99396	LAX_RV_FREEWALL	8	1.0	1.0
0.72370	-22.74802	-45.15178	LAX_RV_FREEWALL	8	1.0	1.0
2.24867	-24.10647	-47.54275	LAX_RV_FREEWALL	8	1.0	1.0
4.05255	-24.10647	-49.70057	LAX_RV_FREEWALL	8	1.0	1.0
5.85644	-24.10648	-51.85839	LAX_RV_FREEWALL	8	1.0	1.0
-11.32753	-2.37128	-22.23399	LAX_RV_FREEWALL	8	1.0	1.0
-12.85250	-1.01282	-19.84301	LAX_RV_FREEWALL	8	1.0	1.0
-14.93530	-2.37127	-17.91835	LAX_RV_FREEWALL	8	1.0	1.0
-16.46027	-1.01282	-15.52738	LAX_RV_FREEWALL	8	1.0	1.0
-17.98523	0.34563	-13.13640	LAX_RV_FREEWALL	8	1.0	1.0
-19.78911	0.34563	-10.97858	LAX_RV_FREEWALL	8	1.0	1.0
-21.31408	1.70408	-8.58760	LAX_RV_FREEWALL	8	1.0	1.0
-23.11796	1.70408	-6.42978	LAX_RV_FREEWALL	8	1.0	1.0
-25.20076	0.34564	-4.50513	LAX_RV_FREEWALL	8	1.0	1.0
-26.66052	-2.37126	-3.89254	LAX_RV_FREEWALL	8	1.0	1.0
-28.12029	-5.08816	-3.27996	LAX_RV_FREEWALL	8	1.0	1.0
-28.67812	-7.80505	-3.74628	LAX_RV_FREEWALL	8	1.0	1.0
-29.23594	-10.52195	-4.21260	LAX_RV_FREEWALL	8	1.0	1.0
-30.69571	-13.23885	-3.60002	LAX_RV_EPICARDIAL	8	1.0	1.0
-30.35159	-15.95575	-5.14525	LAX_RV_EPICARDIAL	8	1.0	1.0
-28.82663	-17.31420	-7.53623	LAX_RV_EPICARDIAL	8	1.0	1.0
-27.58057	-20.03110	-10.16037	LAX_RV_EPICARDIAL	8	1.0	1.0
-26.33451	-22.74800	-12.78451	LAX_RV_EPICARDIAL	8	1.0	1.0
-24.53063	-22.74800	-14.94233	LAX_RV_EPICARDIAL	8	1.0	1.0
-23.00566	-24.10645	-17.33331	LAX_RV_EPICARDIAL	8	1.0	1.0
-21.48070	-25.46490	-19.72429	LAX_RV_EPICARDIAL	8	1.0	1.0
-19.95573	-26.82335	-22.11527	LAX_RV_EPICARDIAL	8	1.0	1.0
-18.15185	-26.82335	-24.27309	LAX_RV_EPICARDIAL	8	1.0	1.0
-16.62688	-28.18180	-26.66407	LAX_RV_EPICARDIAL	8	1.0	1.0
-14.82300	-28.18180	-28.82188	LAX_RV_EPICARDIAL	8	1.0	1.0
-13.01912	-28.18180	-30.97970	LAX_RV_EPICARDIAL	8	1.0	1.0
-10.93632	-26.82336	-32.90436	LAX_RV_EPICARDIAL	8	1.0	1.0
-9.13244	-26.82336	-35.06217	LAX_RV_EPICARDIAL	8	1.0	1.0
-7.32856	-26.82336	-37.21999	LAX_RV_EPICARDIAL	8	1.0	1.0
-5.24576	-25.46491	-39.14465	LAX_RV_EPICARDIAL	8	1.0	1.0
-3.16297	-24.10647	-41.06930	LAX_RV_EPICARDIAL	8	1.0	1.0
-1.63800	-25.46492	-43.46028	LAX_RV_EPICARDIAL	8	1.0	1.0
0.16588	-25.46492	-45.61810	LAX_RV_EPICARDIAL	8	1.0	1.0
1.96976	-25.46492	-47.77592	LAX_RV_EPICARDIAL	8	1.0	1.0
3.77364	-25.46492	-49.93373	LAX_RV_EPICARDIAL	8	1.0	1.0
5.57752	-25.46492	-52.09155	LAX_RV_EPICARDIAL	8	1.0	1.0
7.38140	-25.46493	-54.24937	LAX_RV_EPICARDIAL	8	1.0	1.0
9.18529	-25.46493	-56.40719	LAX_RV_EPICARDIAL	8	1.0	1.0
7.93923	-22.74803	-53.78304	LAX_RV_EPICARDIAL	8	1.0	1.0
-15.62353	3.06253	-14.82789	LAX_RV_EPICARDIAL	8	1.0	1.0
-17.42741	3.06253	-12.67007	LAX_RV_EPICARDIAL	8	1.0	1.0
-19.23129	3.06253	-10.51225	LAX_RV_EPICARDIAL	8	1.0	1.0
-27.56247	-2.37126	-2.81363	LAX_RV_EPICARDIAL	8	1.0	1.0
-28.12029	-5.08816	-3.27996	LAX_RV_EPICARDIAL	8	1.0	1.0
-29.58006	-7.80505	-2.66737	LAX_RV_EPICARDIAL	8	1.0	1.0
-30.13788	-10.52195	-3.13369	LAX_RV_EPICARDIAL	8	1.0	1.0
7.93923	-22.74803	-53.78304	LAX_RV_SEPTUM	8	1.0	1.0
6.41426	-21.38958	-51.39207	LAX_RV_SEPTUM	8	1.0	1.0
4.88929	-20.03113	-49.00109	LAX_RV_SEPTUM	8	1.0	1.0
3.36432	-18.67268	-46.61011	LAX_RV_SEPTUM	8	1.0	1.0
1.83936	-17.31423	-44.21913	LAX_RV_SEPTUM	8	1.0	1.0
0.59330	-14.59733	-41.59499	LAX_RV_SEPTUM	8	1.0	1.0
-0.93167	-13.23888	-39.20401	LAX_RV_SEPTUM	8	1.0	1.0
-2.45664	-11.88043	-36.81303	LAX_RV_SEPTUM	8	1.0	1.0
-3.70269	-9.16353	-34.18889	LAX_RV_SEPTUM	8	1.0	1.0
-5.22766	-7.80508	-31.79791	LAX_RV_SEPTUM	8	1.0	1.0
-6.47372	-5.08818	-29.17377	LAX_RV_SEPTUM	8	1.0	1.0
-7.99868	-3.72973	-26.78279	LAX_RV_SEPTUM	8	1.0	1.0
-9.52365	-2.37128	-24.39181	LAX_RV_SEPTUM	8	1.0	1.0
-13.81965	3.06252	-16.98571	LAX_LV_EPICARDIAL	8	1.0	1.0
-12.01576	3.06252	-19.14352	LAX_LV_EPICARDIAL	8	1.0	1.0
-10.76971	0.34562	-21.76767	LAX_LV_EPICARDIAL	8	1.0	1.0
9.74311	-22.74803	-55.94086	LAX_LV_EPICARDIAL	8	1.0	1.0
11.26808	-24.10648	-58.33184	LAX_LV_EPICARDIAL	8	1.0	1.0
13.07196	-24.10648	-60.48966	LAX_LV_EPICARDIAL	8	1.0	1.0
14.59693	-25.46493	-62.88064	LAX_LV_EPICARDIAL	8	1.0	1.0
16.40081	-25.46494	-65.03846	LAX_LV_EPICARDIAL	8	1.0	1.0
17.92578	-26.82339	-67.42944	LAX_LV_EPICARDIAL	8	1.0	1.0
19.72966	-26.82339	-69.58725	LAX_LV_EPICARDIAL	8	1.0	1.0
21.25463	-28.18184	-71.97823	LAX_LV_EPICARDIAL	8	1.0	1.0
23.05851	-28.18184	-74.13605	LAX_LV_EPICARDIAL	8	1.0	1.0
24.86239	-28.18184	-76.29387	LAX_LV_EPICARDIAL	8	1.0	1.0
26.66627	-28.18184	-78.45169	LAX_LV_EPICARDIAL	8	1.0	1.0
28.47015	-28.18184	-80.60950	LAX_LV_EPICARDIAL	8	1.0	1.0
30.27403	-28.18185	-82.76732	LAX_LV_EPICARDIAL	8	1.0	1.0
32.07792	-28.18185	-84.92514	LAX_LV_EPICARDIAL	8	1.0	1.0
33.88180	-28.18185	-87.08296	LAX_LV_EPICARDIAL	8	1.0	1.0
35.96459	-26.82340	-89.00761	LAX_LV_EPICARDIAL	8	1.0	1.0
37.76847	-26.82340	-91.16543	LAX_LV_EPICARDIAL	8	1.0	1.0
39.85127	-25.46496	-93.09008	LAX_LV_EPICARDIAL	8	1.0	1.0
42.21297	-22.74806	-94.78158	LAX_LV_EPICARDIAL	8	1.0	1.0
44.57468	-20.03117	-96.47307	LAX_LV_EPICARDIAL	8	1.0	1.0
45.13251	-17.31427	-96.00675	LAX_LV_EPICARDIAL	8	1.0	1.0
46.59227	-14.59737	-96.61933	LAX_LV_EPICARDIAL	8	1.0	1.0
47.15010	-11.88047	-96.15301	LAX_LV_EPICARDIAL	8	1.0	1.0
46.80598	-9.16358	-94.60778	LAX_LV_EPICARDIAL	8	1.0	1.0
47.36381	-6.44668	-94.14145	LAX_LV_EPICARDIAL	8	1.0	1.0
47.01969	-3.72978	-92.59622	LAX_LV_EPICARDIAL	8	1.0	1.0
46.67558	-1.01288	-91.05099	LAX_LV_EPICARDIAL	8	1.0	1.0
46.33146	1.70402	-89.50576	LAX_LV_EPICARDIAL	8	1.0	1.0
45.98735	4.42091	-87.96052	LAX_LV_EPICARDIAL	8	1.0	1.0
45.64323	7.13781	-86.41529	LAX_LV_EPICARDIAL	8	1.0	1.0
45.29912	9.85471	-84.87006	LAX_LV_EPICARDIAL	8	1.0	1.0
44.95500	12.57161	-83.32483	LAX_LV_EPICARDIAL	8	1.0	1.0
44.61089	15.28851	-81.77959	LAX_LV_EPICARDIAL	8	1.0	1.0
44.26677	18.00541	-80.23436	LAX_LV_EPICARDIAL	8	1.0	1.0
43.92266	20.72230	-78.68913	LAX_LV_EPICARDIAL	8	1.0	1.0
43.57854	23.43920	-77.14390	LAX_LV_EPICARDIAL	8	1.0	1.0
42.33249	26.15610	-74.51975	LAX_LV_EPICARDIAL	8	1.0	1.0
41.98837	28.87300	-72.97452	LAX_LV_EPICARDIAL	8	1.0	1.0
41.64426	31.58990	-71.42929	LAX_LV_EPICARDIAL	8	1.0	1.0
40.39820	34.30680	-68.80515	LAX_LV_EPICARDIAL	8	1.0	1.0
40.05409	37.02370	-67.25992	LAX_LV_EPICARDIAL	8	1.0	1.0
38.80803	39.74060	-64.63577	LAX_LV_EPICARDIAL	8	1.0	1.0
37.56198	42.45750	-62.01163	LAX_LV_EPICARDIAL	8	1.0	1.0
36.03701	43.81595	-59.62065	LAX_LV_EPICARDIAL	8	1.0	1.0
34.79095	46.53285	-56.99651	LAX_LV_EPICARDIAL	8	1.0	1.0
33.26598	47.89130	-54.60553	LAX_LV_EPICARDIAL	8	1.0	1.0
31.74102	49.24975	-52.21455	LAX_LV_EPICARDIAL	8	1.0	1.0
30.21605	50.60820	-49.82357	LAX_LV_EPICARDIAL	8	1.0	1.0
28.69108	51.96665	-47.43259	LAX_LV_EPICARDIAL	8	1.0	1.0
26.88720	51.96665	-45.27478	LAX_LV_EPICARDIAL	8	1.0	1.0
25.08332	51.96665	-43.11696	LAX_LV_EPICARDIAL	8	1.0	1.0
23.27943	51.96665	-40.95914	LAX_LV_EPICARDIAL	8	1.0	1.0
21.47555	51.96665	-38.80132	LAX_LV_EPICARDIAL	8	1.0	1.0
19.39276	50.60821	-36.87667	LAX_LV_EPICARDIAL	8	1.0	1.0
17.30997	49.24976	-34.95201	LAX_LV_EPICARDIAL	8	1.0	1.0
0.56431	24.79769	-25.12311	LAX_LV_EPICARDIAL	8	1.0	1.0
-1.79740	22.08080	-23.43162	LAX_LV_EPICARDIAL	8	1.0	1.0
-4.15911	19.36390	-21.74013	LAX_LV_EPICARDIAL	8	1.0	1.0
-12.91770	3.06252	-18.06462	LAX_LV_EPICARDIAL	8	1.0	1.0
-8.75212	5.77942	-21.91393	LAX_LV_ENDOCARDIAL	8	1.0	1.0
-7.22715	4.42097	-24.30491	LAX_LV_ENDOCARDIAL	8	1.0	1.0
-4.86544	7.13786	-25.99640	LAX_LV_ENDOCARDIAL	8	1.0	1.0
-2.78265	8.49631	-27.92106	LAX_LV_ENDOCARDIAL	8	1.0	1.0
-0.97877	8.49631	-30.07887	LAX_LV_ENDOCARDIAL	8	1.0	1.0
0.54620	7.13786	-32.46985	LAX_LV_ENDOCARDIAL	8	1.0	1.0
2.07117	5.77941	-34.86083	LAX_LV_ENDOCARDIAL	8	1.0	1.0
3.59614	4.42096	-37.25181	LAX_LV_ENDOCARDIAL	8	1.0	1.0
5.12111	3.06251	-39.64279	LAX_LV_ENDOCARDIAL	8	1.0	1.0
5.46522	0.34561	-41.18802	LAX_LV_ENDOCARDIAL	8	1.0	1.0
6.71128	-2.37129	-43.81216	LAX_LV_ENDOCARDIAL	8	1.0	1.0
7.95733	-5.08819	-46.43631	LAX_LV_ENDOCARDIAL	8	1.0	1.0
9.48230	-6.44664	-48.82729	LAX_LV_ENDOCARDIAL	8	1.0	1.0
10.72836	-9.16354	-51.45143	LAX_LV_ENDOCARDIAL	8	1.0	1.0
12.25333	-10.52199	-53.84241	LAX_LV_ENDOCARDIAL	8	1.0	1.0
13.77829	-11.88044	-56.23339	LAX_LV_ENDOCARDIAL	8	1.0	1.0
15.30326	-13.23889	-58.62436	LAX_LV_ENDOCARDIAL	8	1.0	1.0
16.82823	-14.59734	-61.01534	LAX_LV_ENDOCARDIAL	8	1.0	1.0
18.35320	-15.95579	-63.40632	LAX_LV_ENDOCARDIAL	8	1.0	1.0
20.15708	-15.95580	-65.56414	LAX_LV_ENDOCARDIAL	8	1.0	1.0
21.68205	-17.31425	-67.95512	LAX_LV_ENDOCARDIAL	8	1.0	1.0
23.20702	-18.67270	-70.34610	LAX_LV_ENDOCARDIAL	8	1.0	1.0
25.01090	-18.67270	-72.50392	LAX_LV_ENDOCARDIAL	8	1.0	1.0
26.53587	-20.03115	-74.89490	LAX_LV_ENDOCARDIAL	8	1.0	1.0
28.33975	-20.03115	-77.05271	LAX_LV_ENDOCARDIAL	8	1.0	1.0
29.86472	-21.38960	-79.44369	LAX_LV_ENDOCARDIAL	8	1.0	1.0
31.66860	-21.38960	-81.60151	LAX_LV_ENDOCARDIAL	8	1.0	1.0
33.47248	-21.38960	-83.75933	LAX_LV_ENDOCARDIAL	8	1.0	1.0
35.27636	-21.38961	-85.91715	LAX_LV_ENDOCARDIAL	8	1.0	1.0
37.08024	-21.38961	-88.07496	LAX_LV_ENDOCARDIAL	8	1.0	1.0
38.88412	-21.38961	-90.23278	LAX_LV_ENDOCARDIAL	8	1.0	1.0
40.68801	-21.38961	-92.39060	LAX_LV_ENDOCARDIAL	8	1.0	1.0
43.04971	-18.67272	-94.08209	LAX_LV_ENDOCARDIAL	8	1.0	1.0
43.60754	-15.95582	-93.61577	LAX_LV_ENDOCARDIAL	8	1.0	1.0
44.16536	-13.23892	-93.14944	LAX_LV_ENDOCARDIAL	8	1.0	1.0
42.91931	-10.52202	-90.52530	LAX_LV_ENDOCARDIAL	8	1.0	1.0
42.57519	-7.80512	-88.98007	LAX_LV_ENDOCARDIAL	8	1.0	1.0
41.32914	-5.08822	-86.35593	LAX_LV_ENDOCARDIAL	8	1.0	1.0
40.98502	-2.37133	-84.81070	LAX_LV_ENDOCARDIAL	8	1.0	1.0
40.64091	0.34557	-83.26546	LAX_LV_ENDOCARDIAL	8	1.0	1.0
40.29679	3.06247	-81.72023	LAX_LV_ENDOCARDIAL	8	1.0	1.0
39.95268	5.77937	-80.17500	LAX_LV_ENDOCARDIAL	8	1.0	1.0
38.70662	8.49627	-77.55086	LAX_LV_ENDOCARDIAL	8	1.0	1.0
38.36251	11.21317	-76.00563	LAX_LV_ENDOCARDIAL	8	1.0	1.0
37.11645	13.93007	-73.38148	LAX_LV_ENDOCARDIAL	8	1.0	1.0
35.87040	16.64697	-70.75734	LAX_LV_ENDOCARDIAL	8	1.0	1.0
35.52628	19.36386	-69.21211	LAX_LV_ENDOCARDIAL	8	1.0	1.0
36.08411	22.08076	-68.74579	LAX_LV_ENDOCARDIAL	8	1.0	1.0
35.73999	24.79766	-67.20055	LAX_LV_ENDOCARDIAL	8	1.0	1.0
35.39588	27.51456	-65.65532	LAX_LV_ENDOCARDIAL	8	1.0	1.0
34.14982	30.23146	-63.03118	LAX_LV_ENDOCARDIAL	8	1.0	1.0
32.90376	32.94836	-60.40704	LAX_LV_ENDOCARDIAL	8	1.0	1.0
31.37880	34.30681	-58.01606	LAX_LV_ENDOCARDIAL	8	1.0	1.0
30.13274	37.02371	-55.39192	LAX_LV_ENDOCARDIAL	8	1.0	1.0
28.60777	38.38216	-53.00094	LAX_LV_ENDOCARDIAL	8	1.0	1.0
27.36172	41.09906	-50.37680	LAX_LV_ENDOCARDIAL	8	1.0	1.0
25.83675	42.45751	-47.98582	LAX_LV_ENDOCARDIAL	8	1.0	1.0
24.59069	45.17441	-45.36168	LAX_LV_ENDOCARDIAL	8	1.0	1.0
22.78681	45.17441	-43.20386	LAX_LV_ENDOCARDIAL	8	1.0	1.0
20.70402	43.81596	-41.27920	LAX_LV_ENDOCARDIAL	8	1.0	1.0
18.90014	43.81596	-39.12139	LAX_LV_ENDOCARDIAL	8	1.0	1.0
0.56431	24.79769	-25.12311	LAX_LV_ENDOCARDIAL	8	1.0	1.0
-1.79740	22.08080	-23.43162	LAX_LV_ENDOCARDIAL	8	1.0	1.0
-4.15911	19.36390	-21.74013	LAX_LV_ENDOCARDIAL	8	1.0	1.0
-30.69571	-13.23885	-3.60002	LAX_RV_EPICARDIAL	8	1.0	1.0
-30.35159	-15.95575	-5.14525	LAX_RV_EPICARDIAL	8	1.0	1.0
-28.82663	-17.31420	-7.53623	LAX_RV_EPICARDIAL	8	1.0	1.0
-27.58057	-20.03110	-10.16037	LAX_RV_EPICARDIAL	8	1.0	1.0
-26.33451	-22.74800	-12.78451	LAX_RV_EPICARDIAL	8	1.0	1.0
-24.53063	-22.74800	-14.94233	LAX_RV_EPICARDIAL	8	1.0	1.0
-23.00566	-24.10645	-17.33331	LAX_RV_EPICARDIAL	8	1.0	1.0
-21.48070	-25.46490	-19.72429	LAX_RV_EPICARDIAL	8	1.0	1.0
-19.95573	-26.82335	-22.11527	LAX_RV_EPICARDIAL	8	1.0	1.0
-18.15185	-26.82335	-24.27309	LAX_RV_EPICARDIAL	8	1.0	1.0
-16.62688	-28.18180	-26.66407	LAX_RV_EPICARDIAL	8	1.0	1.0
-14.82300	-28.18180	-28.82188	LAX_RV_EPICARDIAL	8	1.0	1.0
-13.01912	-28.18180	-30.97970	LAX_RV_EPICARDIAL	8	1.0	1.0
-10.93632	-26.82336	-32.90436	LAX_RV_EPICARDIAL	8	1.0	1.0
-9.13244	-26.82336	-35.06217	LAX_RV_EPICARDIAL	8	1.0	1.0
-7.32856	-26.82336	-37.21999	LAX_RV_EPICARDIAL	8	1.0	1.0
-5.24576	-25.46491	-39.14465	LAX_RV_EPICARDIAL	8	1.0	1.0
-3.16297	-24.10647	-41.06930	LAX_RV_EPICARDIAL	8	1.0	1.0
-1.63800	-25.46492	-43.46028	LAX_RV_EPICARDIAL	8	1.0	1.0
0.16588	-25.46492	-45.61810	LAX_RV_EPICARDIAL	8	1.0	1.0
1.96976	-25.46492	-47.77592	LAX_RV_EPICARDIAL	8	1.0	1.0
3.77364	-25.46492	-49.93373	LAX_RV_EPICARDIAL	8	1.0	1.0
5.57752	-25.46492	-52.09155	LAX_RV_EPICARDIAL	8	1.0	1.0
7.38140	-25.46493	-54.24937	LAX_RV_EPICARDIAL	8	1.0	1.0
9.18529	-25.46493	-56.40719	LAX_RV_EPICARDIAL	8	1.0	1.0
7.93923	-22.74803	-53.78304	LAX_RV_EPICARDIAL	8	1.0	1.0
-15.62353	3.06253	-14.82789	LAX_RV_EPICARDIAL	8	1.0	1.0
-17.42741	3.06253	-12.67007	LAX_RV_EPICARDIAL	8	1.0	1.0
-19.23129	3.06253	-10.51225	LAX_RV_EPICARDIAL	8	1.0	1.0
-27.56247	-2.37126	-2.81363	LAX_RV_EPICARDIAL	8	1.0	1.0
-28.12029	-5.08816	-3.27996	LAX_RV_EPICARDIAL	8	1.0	1.0
-29.58006	-7.80505	-2.66737	LAX_RV_EPICARDIAL	8	1.0	1.0
-30.13788	-10.52195	-3.13369	LAX_RV_EPICARDIAL	8	1.0	1.0
15.91540	42.45752	-36.11782	MITRAL_VALVE	8	1.0	1.0
2.02407	27.51459	-25.73570	MITRAL_VALVE	8	1.0	1.0
-11.45794	5.77942	-18.67720	AORTA_VALVE	8	1.0	1.0
-6.86493	19.36390	-18.50340	AORTA_VALVE	8	1.0	1.0
-60.18374	3.88894	-73.47147	LAX_RV_FREEWALL	7	1.0	4
-59.96222	2.28765	-75.77298	LAX_RV_FREEWALL	7	1.0	4
-59.74071	0.68635	-78.07449	LAX_RV_FREEWALL	7	1.0	4
-58.11941	-0.91494	-80.24128	LAX_RV_FREEWALL	7	1.0	4
-56.49812	-2.51623	-82.40807	LAX_RV_FREEWALL	7	1.0	4
-54.87683	-4.11752	-84.57485	LAX_RV_FREEWALL	7	1.0	4
-51.85575	-5.71881	-86.60691	LAX_RV_FREEWALL	7	1.0	4
-50.23446	-7.32010	-88.77370	LAX_RV_FREEWALL	7	1.0	4
-47.21338	-8.92140	-90.80576	LAX_RV_FREEWALL	7	1.0	4
-44.19231	-10.52269	-92.83782	LAX_RV_FREEWALL	7	1.0	4
-41.17123	-12.12398	-94.86989	LAX_RV_FREEWALL	7	1.0	4
-39.54994	-13.72527	-97.03667	LAX_RV_FREEWALL	7	1.0	4
-36.52886	-15.32656	-99.06873	LAX_RV_FREEWALL	7	1.0	4
-33.61854	-16.12721	-99.95004	LAX_RV_FREEWALL	7	1.0	4
-30.81898	-16.12721	-99.68059	LAX_RV_FREEWALL	7	1.0	4
-27.90866	-16.92786	-100.56190	LAX_RV_FREEWALL	7	1.0	4
-24.99834	-17.72850	-101.44320	LAX_RV_FREEWALL	7	1.0	4
-22.19878	-17.72850	-101.17375	LAX_RV_FREEWALL	7	1.0	4
-19.28846	-18.52915	-102.05506	LAX_RV_FREEWALL	7	1.0	4
-16.37814	-19.32980	-102.93637	LAX_RV_FREEWALL	7	1.0	4
-13.57858	-19.32980	-102.66692	LAX_RV_FREEWALL	7	1.0	4
-10.66826	-20.13044	-103.54822	LAX_RV_FREEWALL	7	1.0	4
-7.86870	-20.13045	-103.27877	LAX_RV_FREEWALL	7	1.0	4
-4.95838	-20.93109	-104.16008	LAX_RV_FREEWALL	7	1.0	4
-2.15881	-20.93109	-103.89063	LAX_RV_FREEWALL	7	1.0	4
0.64075	-20.93109	-103.62118	LAX_RV_FREEWALL	7	1.0	4
3.44031	-20.93109	-103.35173	LAX_RV_FREEWALL	7	1.0	4
6.23987	-20.93109	-103.08228	LAX_RV_FREEWALL	7	1.0	4
9.15019	-21.73174	-103.96359	LAX_RV_FREEWALL	7	1.0	4
11.94975	-21.73174	-103.69414	LAX_RV_FREEWALL	7	1.0	4
14.86007	-22.53239	-104.57544	LAX_RV_FREEWALL	7	1.0	4
17.65964	-22.53239	-104.30600	LAX_RV_FREEWALL	7	1.0	4
20.45920	-22.53239	-104.03655	LAX_RV_FREEWALL	7	1.0	4
23.14800	-21.73175	-102.61634	LAX_RV_FREEWALL	7	1.0	4
24.43703	-20.93110	-101.33086	LAX_RV_FREEWALL	7	1.0	4
-61.69427	4.68958	-72.45544	LAX_RV_EPICARDIAL	7	1.0	4
-64.38308	3.88894	-73.87565	LAX_RV_EPICARDIAL	7	1.0	4
-64.16157	2.28765	-76.17716	LAX_RV_EPICARDIAL	7	1.0	4
-63.94005	0.68636	-78.47867	LAX_RV_EPICARDIAL	7	1.0	4
-62.31876	-0.91494	-80.64545	LAX_RV_EPICARDIAL	7	1.0	4
-60.69746	-2.51623	-82.81224	LAX_RV_EPICARDIAL	7	1.0	4
-59.07617	-4.11752	-84.97903	LAX_RV_EPICARDIAL	7	1.0	4
-57.45488	-5.71881	-87.14581	LAX_RV_EPICARDIAL	7	1.0	4
-54.43380	-7.32010	-89.17787	LAX_RV_EPICARDIAL	7	1.0	4
-52.81251	-8.92139	-91.34466	LAX_RV_EPICARDIAL	7	1.0	4
-49.79143	-10.52269	-93.37672	LAX_RV_EPICARDIAL	7	1.0	4
-46.77035	-12.12398	-95.40878	LAX_RV_EPICARDIAL	7	1.0	4
-45.14906	-13.72527	-97.57557	LAX_RV_EPICARDIAL	7	1.0	4
-42.12798	-15.32656	-99.60763	LAX_RV_EPICARDIAL	7	1.0	4
-39.10691	-16.92785	-101.63969	LAX_RV_EPICARDIAL	7	1.0	4
-36.19659	-17.72850	-102.52100	LAX_RV_EPICARDIAL	7	1.0	4
-33.28627	-18.52915	-103.40231	LAX_RV_EPICARDIAL	7	1.0	4
-30.37595	-19.32979	-104.28361	LAX_RV_EPICARDIAL	7	1.0	4
-27.57639	-19.32979	-104.01416	LAX_RV_EPICARDIAL	7	1.0	4
-24.66607	-20.13044	-104.89547	LAX_RV_EPICARDIAL	7	1.0	4
-21.75575	-20.93109	-105.77678	LAX_RV_EPICARDIAL	7	1.0	4
-18.95619	-20.93109	-105.50733	LAX_RV_EPICARDIAL	7	1.0	4
-16.04587	-21.73173	-106.38863	LAX_RV_EPICARDIAL	7	1.0	4
-13.24631	-21.73174	-106.11918	LAX_RV_EPICARDIAL	7	1.0	4
-10.44675	-21.73174	-105.84973	LAX_RV_EPICARDIAL	7	1.0	4
-7.53643	-22.53238	-106.73104	LAX_RV_EPICARDIAL	7	1.0	4
-4.73686	-22.53238	-106.46159	LAX_RV_EPICARDIAL	7	1.0	4
-1.93730	-22.53238	-106.19214	LAX_RV_EPICARDIAL	7	1.0	4
0.86226	-22.53238	-105.92269	LAX_RV_EPICARDIAL	7	1.0	4
3.66182	-22.53239	-105.65324	LAX_RV_EPICARDIAL	7	1.0	4
6.57214	-23.33303	-106.53455	LAX_RV_EPICARDIAL	7	1.0	4
9.37171	-23.33303	-106.26510	LAX_RV_EPICARDIAL	7	1.0	4
12.28202	-24.13368	-107.14641	LAX_RV_EPICARDIAL	7	1.0	4
15.08159	-24.13368	-106.87696	LAX_RV_EPICARDIAL	7	1.0	4
17.88115	-24.13368	-106.60751	LAX_RV_EPICARDIAL	7	1.0	4
20.68071	-24.13368	-106.33806	LAX_RV_EPICARDIAL	7	1.0	4
23.48027	-24.13368	-106.06861	LAX_RV_EPICARDIAL	7	1.0	4
26.16908	-23.33304	-104.64840	LAX_RV_EPICARDIAL	7	1.0	4
27.34735	-21.73175	-102.21217	LAX_RV_EPICARDIAL	7	1.0	4
-23.71872	13.49667	-56.02484	LAX_RV_SEPTUM	7	1.0	4
24.21552	-19.32981	-99.02935	LAX_RV_SEPTUM	7	1.0	4
21.19444	-17.72852	-96.99729	LAX_RV_SEPTUM	7	1.0	4
18.28412	-16.92787	-96.11598	LAX_RV_SEPTUM	7	1.0	4
15.26305	-15.32658	-94.08392	LAX_RV_SEPTUM	7	1.0	4
12.35273	-14.52593	-93.20261	LAX_RV_SEPTUM	7	1.0	4
9.33165	-12.92464	-91.17055	LAX_RV_SEPTUM	7	1.0	4
6.31058	-11.32335	-89.13849	LAX_RV_SEPTUM	7	1.0	4
3.28950	-9.72206	-87.10643	LAX_RV_SEPTUM	7	1.0	4
1.66821	-8.12076	-84.93964	LAX_RV_SEPTUM	7	1.0	4
-1.35287	-6.51947	-82.90758	LAX_RV_SEPTUM	7	1.0	4
-2.97416	-4.91818	-80.74080	LAX_RV_SEPTUM	7	1.0	4
-4.59546	-3.31689	-78.57401	LAX_RV_SEPTUM	7	1.0	4
-7.61653	-1.71560	-76.54195	LAX_RV_SEPTUM	7	1.0	4
-9.23783	-0.11431	-74.37516	LAX_RV_SEPTUM	7	1.0	4
-10.85912	1.48699	-72.20838	LAX_RV_SEPTUM	7	1.0	4
-12.48042	3.08828	-70.04159	LAX_RV_SEPTUM	7	1.0	4
-14.10171	4.68957	-67.87480	LAX_RV_SEPTUM	7	1.0	4
-15.72300	6.29086	-65.70802	LAX_RV_SEPTUM	7	1.0	4
-18.74408	7.89215	-63.67595	LAX_RV_SEPTUM	7	1.0	4
-20.36537	9.49345	-61.50917	LAX_RV_SEPTUM	7	1.0	4
-21.98667	11.09474	-59.34238	LAX_RV_SEPTUM	7	1.0	4
-22.20818	12.69603	-57.04087	LAX_RV_SEPTUM	7	1.0	4
16.68407	35.11409	-20.77798	LAX_LV_EPICARDIAL	7	1.0	4
-20.62694	21.50313	-44.11311	LAX_LV_EPICARDIAL	7	1.0	4
-23.31575	20.70248	-45.53332	LAX_LV_EPICARDIAL	7	1.0	4
-23.09423	19.10119	-47.83483	LAX_LV_EPICARDIAL	7	1.0	4
-22.87272	17.49990	-50.13634	LAX_LV_EPICARDIAL	7	1.0	4
-22.65121	15.89861	-52.43785	LAX_LV_EPICARDIAL	7	1.0	4
28.52562	-20.13046	-99.77593	LAX_LV_EPICARDIAL	7	1.0	4
31.32518	-20.13046	-99.50648	LAX_LV_EPICARDIAL	7	1.0	4
34.12474	-20.13046	-99.23703	LAX_LV_EPICARDIAL	7	1.0	4
37.03506	-20.93110	-100.11834	LAX_LV_EPICARDIAL	7	1.0	4
39.83462	-20.93110	-99.84889	LAX_LV_EPICARDIAL	7	1.0	4
42.52343	-20.13046	-98.42869	LAX_LV_EPICARDIAL	7	1.0	4
45.21224	-19.32981	-97.00848	LAX_LV_EPICARDIAL	7	1.0	4
47.79028	-17.72852	-94.43752	LAX_LV_EPICARDIAL	7	1.0	4
48.96855	-16.12723	-92.00128	LAX_LV_EPICARDIAL	7	1.0	4
50.14682	-14.52594	-89.56505	LAX_LV_EPICARDIAL	7	1.0	4
51.32509	-12.92465	-87.12881	LAX_LV_EPICARDIAL	7	1.0	4
51.10358	-11.32336	-84.82730	LAX_LV_EPICARDIAL	7	1.0	4
52.28184	-9.72207	-82.39107	LAX_LV_EPICARDIAL	7	1.0	4
52.06033	-8.12078	-80.08956	LAX_LV_EPICARDIAL	7	1.0	4
53.23860	-6.51949	-77.65332	LAX_LV_EPICARDIAL	7	1.0	4
53.01709	-4.91820	-75.35181	LAX_LV_EPICARDIAL	7	1.0	4
54.19535	-3.31691	-72.91557	LAX_LV_EPICARDIAL	7	1.0	4
53.97384	-1.71561	-70.61406	LAX_LV_EPICARDIAL	7	1.0	4
53.75233	-0.11432	-68.31255	LAX_LV_EPICARDIAL	7	1.0	4
54.93060	1.48697	-65.87632	LAX_LV_EPICARDIAL	7	1.0	4
54.70908	3.08826	-63.57481	LAX_LV_EPICARDIAL	7	1.0	4
54.48757	4.68955	-61.27329	LAX_LV_EPICARDIAL	7	1.0	4
54.26606	6.29084	-58.97178	LAX_LV_EPICARDIAL	7	1.0	4
54.04454	7.89213	-56.67027	LAX_LV_EPICARDIAL	7	1.0	4
52.42325	9.49342	-54.50349	LAX_LV_EPICARDIAL	7	1.0	4
52.20174	11.09472	-52.20198	LAX_LV_EPICARDIAL	7	1.0	4
51.98022	12.69601	-49.90046	LAX_LV_EPICARDIAL	7	1.0	4
50.35893	14.29730	-47.73368	LAX_LV_EPICARDIAL	7	1.0	4
50.13742	15.89859	-45.43217	LAX_LV_EPICARDIAL	7	1.0	4
48.51612	17.49988	-43.26538	LAX_LV_EPICARDIAL	7	1.0	4
48.29461	19.10117	-40.96387	LAX_LV_EPICARDIAL	7	1.0	4
46.67332	20.70246	-38.79708	LAX_LV_EPICARDIAL	7	1.0	4
45.05202	22.30376	-36.63030	LAX_LV_EPICARDIAL	7	1.0	4
43.43073	23.90505	-34.46351	LAX_LV_EPICARDIAL	7	1.0	4
41.80943	25.50634	-32.29673	LAX_LV_EPICARDIAL	7	1.0	4
40.18814	27.10763	-30.12994	LAX_LV_EPICARDIAL	7	1.0	4
38.56684	28.70892	-27.96315	LAX_LV_EPICARDIAL	7	1.0	4
35.54577	30.31021	-25.93109	LAX_LV_EPICARDIAL	7	1.0	4
33.92447	31.91151	-23.76430	LAX_LV_EPICARDIAL	7	1.0	4
31.01415	32.71215	-22.88300	LAX_LV_EPICARDIAL	7	1.0	4
28.10384	33.51280	-22.00169	LAX_LV_EPICARDIAL	7	1.0	4
25.19352	34.31345	-21.12039	LAX_LV_EPICARDIAL	7	1.0	4
22.28320	35.11409	-20.23908	LAX_LV_EPICARDIAL	7	1.0	4
19.48363	35.11409	-20.50853	LAX_LV_EPICARDIAL	7	1.0	4
-20.62694	21.50313	-44.11311	LAX_LV_ENDOCARDIAL	7	1.0	4
-20.40543	19.90184	-46.41462	LAX_LV_ENDOCARDIAL	7	1.0	4
-18.78413	18.30055	-48.58141	LAX_LV_ENDOCARDIAL	7	1.0	4
-17.16284	16.69925	-50.74820	LAX_LV_ENDOCARDIAL	7	1.0	4
-15.54155	15.09796	-52.91498	LAX_LV_ENDOCARDIAL	7	1.0	4
-13.92025	13.49667	-55.08177	LAX_LV_ENDOCARDIAL	7	1.0	4
-12.29896	11.89538	-57.24855	LAX_LV_ENDOCARDIAL	7	1.0	4
-9.27788	10.29409	-59.28062	LAX_LV_ENDOCARDIAL	7	1.0	4
-7.65659	8.69280	-61.44740	LAX_LV_ENDOCARDIAL	7	1.0	4
-4.63551	7.09150	-63.47946	LAX_LV_ENDOCARDIAL	7	1.0	4
-1.61444	5.49021	-65.51153	LAX_LV_ENDOCARDIAL	7	1.0	4
0.00686	3.88892	-67.67831	LAX_LV_ENDOCARDIAL	7	1.0	4
3.02793	2.28763	-69.71037	LAX_LV_ENDOCARDIAL	7	1.0	4
4.64923	0.68634	-71.87716	LAX_LV_ENDOCARDIAL	7	1.0	4
6.27052	-0.91496	-74.04395	LAX_LV_ENDOCARDIAL	7	1.0	4
7.89182	-2.51625	-76.21073	LAX_LV_ENDOCARDIAL	7	1.0	4
9.51311	-4.11754	-78.37752	LAX_LV_ENDOCARDIAL	7	1.0	4
12.53419	-5.71883	-80.40958	LAX_LV_ENDOCARDIAL	7	1.0	4
14.15548	-7.32012	-82.57637	LAX_LV_ENDOCARDIAL	7	1.0	4
17.17656	-8.92141	-84.60843	LAX_LV_ENDOCARDIAL	7	1.0	4
20.19763	-10.52271	-86.64049	LAX_LV_ENDOCARDIAL	7	1.0	4
23.21871	-12.12400	-88.67255	LAX_LV_ENDOCARDIAL	7	1.0	4
26.23978	-13.72529	-90.70461	LAX_LV_ENDOCARDIAL	7	1.0	4
29.26086	-15.32658	-92.73667	LAX_LV_ENDOCARDIAL	7	1.0	4
32.17118	-16.12723	-93.61798	LAX_LV_ENDOCARDIAL	7	1.0	4
35.08150	-16.92788	-94.49929	LAX_LV_ENDOCARDIAL	7	1.0	4
37.99182	-17.72852	-95.38059	LAX_LV_ENDOCARDIAL	7	1.0	4
40.79138	-17.72852	-95.11114	LAX_LV_ENDOCARDIAL	7	1.0	4
43.36943	-16.12723	-92.54018	LAX_LV_ENDOCARDIAL	7	1.0	4
44.54770	-14.52594	-90.10395	LAX_LV_ENDOCARDIAL	7	1.0	4
44.32618	-12.92465	-87.80244	LAX_LV_ENDOCARDIAL	7	1.0	4
44.10467	-11.32336	-85.50093	LAX_LV_ENDOCARDIAL	7	1.0	4
45.28294	-9.72207	-83.06469	LAX_LV_ENDOCARDIAL	7	1.0	4
45.06143	-8.12078	-80.76318	LAX_LV_ENDOCARDIAL	7	1.0	4
44.83991	-6.51949	-78.46167	LAX_LV_ENDOCARDIAL	7	1.0	4
46.01818	-4.91819	-76.02543	LAX_LV_ENDOCARDIAL	7	1.0	4
45.79667	-3.31690	-73.72392	LAX_LV_ENDOCARDIAL	7	1.0	4
46.97494	-1.71561	-71.28769	LAX_LV_ENDOCARDIAL	7	1.0	4
46.75342	-0.11432	-68.98618	LAX_LV_ENDOCARDIAL	7	1.0	4
46.53191	1.48697	-66.68466	LAX_LV_ENDOCARDIAL	7	1.0	4
46.31040	3.08826	-64.38315	LAX_LV_ENDOCARDIAL	7	1.0	4
46.08888	4.68955	-62.08164	LAX_LV_ENDOCARDIAL	7	1.0	4
45.86737	6.29084	-59.78013	LAX_LV_ENDOCARDIAL	7	1.0	4
45.64586	7.89214	-57.47862	LAX_LV_ENDOCARDIAL	7	1.0	4
44.02456	9.49343	-55.31183	LAX_LV_ENDOCARDIAL	7	1.0	4
43.80305	11.09472	-53.01032	LAX_LV_ENDOCARDIAL	7	1.0	4
42.18176	12.69601	-50.84354	LAX_LV_ENDOCARDIAL	7	1.0	4
41.96024	14.29730	-48.54203	LAX_LV_ENDOCARDIAL	7	1.0	4
40.33895	15.89859	-46.37524	LAX_LV_ENDOCARDIAL	7	1.0	4
40.11743	17.49988	-44.07373	LAX_LV_ENDOCARDIAL	7	1.0	4
38.49614	19.10118	-41.90694	LAX_LV_ENDOCARDIAL	7	1.0	4
36.87485	20.70247	-39.74016	LAX_LV_ENDOCARDIAL	7	1.0	4
35.25355	22.30376	-37.57337	LAX_LV_ENDOCARDIAL	7	1.0	4
32.23248	23.90505	-35.54131	LAX_LV_ENDOCARDIAL	7	1.0	4
30.61118	25.50634	-33.37452	LAX_LV_ENDOCARDIAL	7	1.0	4
27.59011	27.10763	-31.34246	LAX_LV_ENDOCARDIAL	7	1.0	4
25.96881	28.70893	-29.17567	LAX_LV_ENDOCARDIAL	7	1.0	4
23.05849	29.50957	-28.29437	LAX_LV_ENDOCARDIAL	7	1.0	4
20.03742	31.11086	-26.26231	LAX_LV_ENDOCARDIAL	7	1.0	4
17.01634	32.71216	-24.23024	LAX_LV_ENDOCARDIAL	7	1.0	4
-61.69427	4.68958	-72.45544	LAX_RV_EPICARDIAL	7	1.0	4
-64.38308	3.88894	-73.87565	LAX_RV_EPICARDIAL	7	1.0	4
-64.16157	2.28765	-76.17716	LAX_RV_EPICARDIAL	7	1.0	4
-63.94005	0.68636	-78.47867	LAX_RV_EPICARDIAL	7	1.0	4
-62.31876	-0.91494	-80.64545	LAX_RV_EPICARDIAL	7	1.0	4
-60.69746	-2.51623	-82.81224	LAX_RV_EPICARDIAL	7	1.0	4
-59.07617	-4.11752	-84.97903	LAX_RV_EPICARDIAL	7	1.0	4
-57.45488	-5.71881	-87.14581	LAX_RV_EPICARDIAL	7	1.0	4
-54.43380	-7.32010	-89.17787	LAX_RV_EPICARDIAL	7	1.0	4
-52.81251	-8.92139	-91.34466	LAX_RV_EPICARDIAL	7	1.0	4
-49.79143	-10.52269	-93.37672	LAX_RV_EPICARDIAL	7	1.0	4
-46.77035	-12.12398	-95.40878	LAX_RV_EPICARDIAL	7	1.0	4
-45.14906	-13.72527	-97.57557	LAX_RV_EPICARDIAL	7	1.0	4
-42.12798	-15.32656	-99.60763	LAX_RV_EPICARDIAL	7	1.0	4
-39.10691	-16.92785	-101.63969	LAX_RV_EPICARDIAL	7	1.0	4
-36.19659	-17.72850	-102.52100	LAX_RV_EPICARDIAL	7	1.0	4
-33.28627	-18.52915	-103.40231	LAX_RV_EPICARDIAL	7	1.0	4
-30.37595	-19.32979	-104.28361	LAX_RV_EPICARDIAL	7	1.0	4
-27.57639	-19.32979	-104.01416	LAX_RV_EPICARDIAL	7	1.0	4
-24.66607	-20.13044	-104.89547	LAX_RV_EPICARDIAL	7	1.0	4
-21.75575	-20.93109	-105.77678	LAX_RV_EPICARDIAL	7	1.0	4
-18.95619	-20.93109	-105.50733	LAX_RV_EPICARDIAL	7	1.0	4
-16.04587	-21.73173	-106.38863	LAX_RV_EPICARDIAL	7	1.0	4
-13.24631	-21.73174	-106.11918	LAX_RV_EPICARDIAL	7	1.0	4
-10.44675	-21.73174	-105.84973	LAX_RV_EPICARDIAL	7	1.0	4
-7.53643	-22.53238	-106.73104	LAX_RV_EPICARDIAL	7	1.0	4
-4.73686	-22.53238	-106.46159	LAX_RV_EPICARDIAL	7	1.0	4
-1.93730	-22.53238	-106.19214	LAX_RV_EPICARDIAL	7	1.0	4
0.86226	-22.53238	-105.92269	LAX_RV_EPICARDIAL	7	1.0	4
3.66182	-22.53239	-105.65324	LAX_RV_EPICARDIAL	7	1.0	4
6.57214	-23.33303	-106.53455	LAX_RV_EPICARDIAL	7	1.0	4
9.37171	-23.33303	-106.26510	LAX_RV_EPICARDIAL	7	1.0	4
12.28202	-24.13368	-107.14641	LAX_RV_EPICARDIAL	7	1.0	4
15.08159	-24.13368	-106.87696	LAX_RV_EPICARDIAL	7	1.0	4
17.88115	-24.13368	-106.60751	LAX_RV_EPICARDIAL	7	1.0	4
20.68071	-24.13368	-106.33806	LAX_RV_EPICARDIAL	7	1.0	4
23.48027	-24.13368	-106.06861	LAX_RV_EPICARDIAL	7	1.0	4
26.16908	-23.33304	-104.64840	LAX_RV_EPICARDIAL	7	1.0	4
27.34735	-21.73175	-102.21217	LAX_RV_EPICARDIAL	7	1.0	4
-20.84845	23.10442	-41.81160	MITRAL_VALVE	7	1.0	4
12.70624	33.51280	-23.48366	MITRAL_VALVE	7	1.0	4
-59.00547	5.49023	-71.03524	TRICUSPID_VALVE	7	1.0	4
-23.82948	14.29732	-54.87409	TRICUSPID_VALVE	7	1.0	4
39.83462	-20.93110	-99.84889	APEX_POINT	7	1.0	4
-10.23242	-18.57999	-6.73512	LAX_RV_FREEWALL	11	1.0	4
-9.76869	-19.97375	-9.51542	LAX_RV_FREEWALL	11	1.0	4
-9.39038	-19.96387	-12.30234	LAX_RV_FREEWALL	11	1.0	4
-8.92665	-21.35763	-15.08265	LAX_RV_FREEWALL	11	1.0	4
-8.54834	-21.34775	-17.86957	LAX_RV_FREEWALL	11	1.0	4
-8.08461	-22.74151	-20.64987	LAX_RV_FREEWALL	11	1.0	4
-7.70630	-22.73163	-23.43680	LAX_RV_FREEWALL	11	1.0	4
-7.32799	-22.72175	-26.22372	LAX_RV_FREEWALL	11	1.0	4
-6.94968	-22.71188	-29.01064	LAX_RV_FREEWALL	11	1.0	4
-6.48595	-24.10563	-31.79095	LAX_RV_FREEWALL	11	1.0	4
-6.10764	-24.09576	-34.57787	LAX_RV_FREEWALL	11	1.0	4
-5.72932	-24.08588	-37.36479	LAX_RV_FREEWALL	11	1.0	4
-5.35101	-24.07600	-40.15172	LAX_RV_FREEWALL	11	1.0	4
-4.97270	-24.06612	-42.93864	LAX_RV_FREEWALL	11	1.0	4
-4.59439	-24.05624	-45.72556	LAX_RV_FREEWALL	11	1.0	4
-4.13066	-25.45000	-48.50587	LAX_RV_FREEWALL	11	1.0	4
-3.75235	-25.44012	-51.29279	LAX_RV_FREEWALL	11	1.0	4
-3.28862	-26.83388	-54.07309	LAX_RV_FREEWALL	11	1.0	4
-2.91031	-26.82400	-56.86002	LAX_RV_FREEWALL	11	1.0	4
-2.53200	-26.81412	-59.64694	LAX_RV_FREEWALL	11	1.0	4
-2.15368	-26.80425	-62.43386	LAX_RV_FREEWALL	11	1.0	4
-1.77537	-26.79437	-65.22079	LAX_RV_FREEWALL	11	1.0	4
-1.39706	-26.78449	-68.00771	LAX_RV_FREEWALL	11	1.0	4
-1.01875	-26.77461	-70.79463	LAX_RV_FREEWALL	11	1.0	4
-0.64043	-26.76473	-73.58155	LAX_RV_FREEWALL	11	1.0	4
-0.26212	-26.75485	-76.36848	LAX_RV_FREEWALL	11	1.0	4
0.11619	-26.74497	-79.15540	LAX_RV_FREEWALL	11	1.0	4
0.49450	-26.73509	-81.94232	LAX_RV_FREEWALL	11	1.0	4
0.87281	-26.72521	-84.72925	LAX_RV_FREEWALL	11	1.0	4
1.25113	-26.71534	-87.51617	LAX_RV_FREEWALL	11	1.0	4
1.62944	-26.70546	-90.30309	LAX_RV_FREEWALL	11	1.0	4
2.00775	-26.69558	-93.09002	LAX_RV_FREEWALL	11	1.0	4
2.38606	-26.68570	-95.87694	LAX_RV_FREEWALL	11	1.0	4
2.67896	-25.27218	-98.67048	LAX_RV_FREEWALL	11	1.0	4
3.05727	-25.26230	-101.45741	LAX_RV_FREEWALL	11	1.0	4
3.26475	-22.44515	-104.25757	LAX_RV_FREEWALL	11	1.0	4
3.28308	-19.63293	-105.66427	LAX_RV_FREEWALL	11	1.0	4
3.30140	-16.82071	-107.07097	LAX_RV_FREEWALL	11	1.0	4
2.94141	-14.01838	-105.69074	LAX_RV_FREEWALL	11	1.0	4
2.77058	-11.21110	-105.70398	LAX_RV_FREEWALL	11	1.0	4
2.41059	-8.40876	-104.32376	LAX_RV_FREEWALL	11	1.0	4
2.05061	-5.60642	-102.94354	LAX_RV_FREEWALL	11	1.0	4
1.69062	-2.80409	-101.56332	LAX_RV_FREEWALL	11	1.0	4
1.14147	-0.00669	-98.78963	LAX_RV_FREEWALL	11	1.0	4
0.59233	2.79071	-96.01595	LAX_RV_FREEWALL	11	1.0	4
0.04319	5.58811	-93.24226	LAX_RV_FREEWALL	11	1.0	4
-0.50596	8.38551	-90.46858	LAX_RV_FREEWALL	11	1.0	4
-0.79886	6.97199	-87.67504	LAX_RV_FREEWALL	11	1.0	4
-0.62802	4.16471	-87.66180	LAX_RV_SEPTUM	11	1.0	4
-0.64635	1.35250	-86.25510	LAX_RV_SEPTUM	11	1.0	4
-0.85383	-1.46466	-83.45493	LAX_RV_SEPTUM	11	1.0	4
-0.87215	-4.27688	-82.04823	LAX_RV_SEPTUM	11	1.0	4
-0.89048	-7.08909	-80.64153	LAX_RV_SEPTUM	11	1.0	4
-0.90880	-9.90131	-79.23483	LAX_RV_SEPTUM	11	1.0	4
-1.11628	-12.71847	-76.43467	LAX_RV_SEPTUM	11	1.0	4
-1.49459	-12.72834	-73.64775	LAX_RV_SEPTUM	11	1.0	4
-1.87291	-12.73822	-70.86083	LAX_RV_SEPTUM	11	1.0	4
-2.16580	-14.15174	-68.06728	LAX_RV_SEPTUM	11	1.0	4
-2.54411	-14.16162	-65.28036	LAX_RV_SEPTUM	11	1.0	4
-2.92243	-14.17150	-62.49344	LAX_RV_SEPTUM	11	1.0	4
-3.30074	-14.18138	-59.70651	LAX_RV_SEPTUM	11	1.0	4
-3.67905	-14.19126	-56.91959	LAX_RV_SEPTUM	11	1.0	4
-4.05736	-14.20113	-54.13267	LAX_RV_SEPTUM	11	1.0	4
-4.43567	-14.21101	-51.34574	LAX_RV_SEPTUM	11	1.0	4
-4.81399	-14.22089	-48.55882	LAX_RV_SEPTUM	11	1.0	4
-5.27772	-12.82713	-45.77852	LAX_RV_SEPTUM	11	1.0	4
-5.65603	-12.83701	-42.99159	LAX_RV_SEPTUM	11	1.0	4
-6.11976	-11.44325	-40.21129	LAX_RV_SEPTUM	11	1.0	4
-6.58348	-10.04949	-37.43099	LAX_RV_SEPTUM	11	1.0	4
-7.04721	-8.65573	-34.65068	LAX_RV_SEPTUM	11	1.0	4
-7.51094	-7.26197	-31.87038	LAX_RV_SEPTUM	11	1.0	4
-7.97467	-5.86821	-29.09008	LAX_RV_SEPTUM	11	1.0	4
-8.43840	-4.47445	-26.30977	LAX_RV_SEPTUM	11	1.0	4
-8.90212	-3.08069	-23.52947	LAX_RV_SEPTUM	11	1.0	4
-9.36585	-1.68693	-20.74916	LAX_RV_SEPTUM	11	1.0	4
-9.82958	-0.29317	-17.96886	LAX_RV_SEPTUM	11	1.0	4
-10.33616	-19.98857	-5.33503	LAX_RV_EPICARDIAL	11	1.0	4
-9.87243	-21.38233	-8.11534	LAX_RV_EPICARDIAL	11	1.0	4
-9.40871	-22.77609	-10.89564	LAX_RV_EPICARDIAL	11	1.0	4
-8.94498	-24.16985	-13.67595	LAX_RV_EPICARDIAL	11	1.0	4
-8.48125	-25.56361	-16.45625	LAX_RV_EPICARDIAL	11	1.0	4
-8.10294	-25.55373	-19.24317	LAX_RV_EPICARDIAL	11	1.0	4
-7.63921	-26.94749	-22.02348	LAX_RV_EPICARDIAL	11	1.0	4
-7.26090	-26.93761	-24.81040	LAX_RV_EPICARDIAL	11	1.0	4
-6.88259	-26.92773	-27.59732	LAX_RV_EPICARDIAL	11	1.0	4
-6.50427	-26.91785	-30.38425	LAX_RV_EPICARDIAL	11	1.0	4
-6.04055	-28.31161	-33.16455	LAX_RV_EPICARDIAL	11	1.0	4
-5.74765	-26.89809	-35.95809	LAX_RV_EPICARDIAL	11	1.0	4
-5.36934	-26.88822	-38.74502	LAX_RV_EPICARDIAL	11	1.0	4
-4.99102	-26.87834	-41.53194	LAX_RV_EPICARDIAL	11	1.0	4
-4.61271	-26.86846	-44.31886	LAX_RV_EPICARDIAL	11	1.0	4
-4.14898	-28.26222	-47.09917	LAX_RV_EPICARDIAL	11	1.0	4
-3.77067	-28.25234	-49.88609	LAX_RV_EPICARDIAL	11	1.0	4
-3.39236	-28.24246	-52.67301	LAX_RV_EPICARDIAL	11	1.0	4
-3.01405	-28.23258	-55.45993	LAX_RV_EPICARDIAL	11	1.0	4
-2.63574	-28.22270	-58.24686	LAX_RV_EPICARDIAL	11	1.0	4
-2.17201	-29.61646	-61.02716	LAX_RV_EPICARDIAL	11	1.0	4
-1.79370	-29.60658	-63.81408	LAX_RV_EPICARDIAL	11	1.0	4
-1.32997	-31.00034	-66.59439	LAX_RV_EPICARDIAL	11	1.0	4
-0.95165	-30.99046	-69.38131	LAX_RV_EPICARDIAL	11	1.0	4
-0.57334	-30.98059	-72.16823	LAX_RV_EPICARDIAL	11	1.0	4
-0.28045	-29.56707	-74.96178	LAX_RV_EPICARDIAL	11	1.0	4
0.09787	-29.55719	-77.74870	LAX_RV_EPICARDIAL	11	1.0	4
0.47618	-29.54731	-80.53562	LAX_RV_EPICARDIAL	11	1.0	4
0.85449	-29.53743	-83.32255	LAX_RV_EPICARDIAL	11	1.0	4
1.23280	-29.52755	-86.10947	LAX_RV_EPICARDIAL	11	1.0	4
1.61111	-29.51767	-88.89639	LAX_RV_EPICARDIAL	11	1.0	4
1.98943	-29.50780	-91.68332	LAX_RV_EPICARDIAL	11	1.0	4
2.36774	-29.49792	-94.47024	LAX_RV_EPICARDIAL	11	1.0	4
2.74605	-29.48804	-97.25716	LAX_RV_EPICARDIAL	11	1.0	4
3.03895	-28.07452	-100.05070	LAX_RV_EPICARDIAL	11	1.0	4
3.41726	-28.06464	-102.83763	LAX_RV_EPICARDIAL	11	1.0	4
3.71016	-26.65112	-105.63117	LAX_RV_EPICARDIAL	11	1.0	4
3.91764	-23.83397	-108.43133	LAX_RV_EPICARDIAL	11	1.0	4
3.93596	-21.02175	-109.83803	LAX_RV_EPICARDIAL	11	1.0	4
3.76513	-18.21447	-109.85127	LAX_RV_EPICARDIAL	11	1.0	4
3.78345	-15.40226	-111.25797	LAX_RV_EPICARDIAL	11	1.0	4
3.42347	-12.59992	-109.87775	LAX_RV_EPICARDIAL	11	1.0	4
3.25263	-9.79264	-109.89099	LAX_RV_EPICARDIAL	11	1.0	4
3.08180	-6.98537	-109.90423	LAX_RV_EPICARDIAL	11	1.0	4
2.72181	-4.18303	-108.52400	LAX_RV_EPICARDIAL	11	1.0	4
2.36183	-1.38069	-107.14378	LAX_RV_EPICARDIAL	11	1.0	4
1.81268	1.41671	-104.37010	LAX_RV_EPICARDIAL	11	1.0	4
1.34895	2.81047	-101.58979	LAX_RV_EPICARDIAL	11	1.0	4
0.79981	5.60787	-98.81611	LAX_RV_EPICARDIAL	11	1.0	4
0.25067	8.40527	-96.04242	LAX_RV_EPICARDIAL	11	1.0	4
-0.10932	11.20760	-94.66220	LAX_RV_EPICARDIAL	11	1.0	4
-0.65847	14.00500	-91.88852	LAX_RV_EPICARDIAL	11	1.0	4
-1.03678	13.99512	-89.10159	LAX_RV_EPICARDIAL	11	1.0	4
-1.05510	11.18291	-87.69489	LAX_RV_EPICARDIAL	11	1.0	4
-0.69511	8.38057	-89.07512	LAX_RV_EPICARDIAL	11	1.0	4
-10.31163	-1.71163	-13.78186	PULMONARY_VALVE	11	1.0	4
-10.88531	-17.19117	-2.56135	PULMONARY_VALVE	11	1.0	4
