x	y	z	contour type	frameID	weight	time frame
-42.09469	-25.37305	-29.46908	SAX_RV_FREEWALL	2	1.0	0
-43.79126	-24.26829	-31.87508	SAX_RV_FREEWALL	2	1.0	0
-46.01894	-24.26829	-33.59193	SAX_RV_FREEWALL	2	1.0	0
-48.24663	-24.26829	-35.30878	SAX_RV_FREEWALL	2	1.0	0
-50.47432	-24.26829	-37.02562	SAX_RV_FREEWALL	2	1.0	0
-52.70201	-24.26829	-38.74247	SAX_RV_FREEWALL	2	1.0	0
-54.92970	-24.26830	-40.45931	SAX_RV_FREEWALL	2	1.0	0
-57.15739	-24.26830	-42.17616	SAX_RV_FREEWALL	2	1.0	0
-58.85395	-23.16353	-44.58216	SAX_RV_FREEWALL	2	1.0	0
-61.08164	-23.16354	-46.29901	SAX_RV_FREEWALL	2	1.0	0
-62.77821	-22.05877	-48.70501	SAX_RV_FREEWALL	2	1.0	0
-64.47478	-20.95400	-51.11101	SAX_RV_FREEWALL	2	1.0	0
-66.17135	-19.84924	-53.51701	SAX_RV_FREEWALL	2	1.0	0
-66.22295	-17.63970	-55.75375	SAX_RV_FREEWALL	2	1.0	0
-67.91952	-16.53494	-58.15975	SAX_RV_FREEWALL	2	1.0	0
-69.08496	-14.32540	-61.25491	SAX_RV_FREEWALL	2	1.0	0
-70.25041	-12.11587	-64.35007	SAX_RV_FREEWALL	2	1.0	0
-70.30201	-9.90633	-66.58681	SAX_RV_FREEWALL	2	1.0	0
-70.35361	-7.69680	-68.82354	SAX_RV_FREEWALL	2	1.0	0
-69.29137	-5.48726	-70.20186	SAX_RV_FREEWALL	2	1.0	0
-68.22913	-3.27772	-71.58017	SAX_RV_FREEWALL	2	1.0	0
-67.16689	-1.06819	-72.95848	SAX_RV_FREEWALL	2	1.0	0
-66.10465	1.14135	-74.33680	SAX_RV_FREEWALL	2	1.0	0
-63.92856	3.35089	-74.85669	SAX_RV_FREEWALL	2	1.0	0
-62.86632	5.56042	-76.23500	SAX_RV_FREEWALL	2	1.0	0
-60.69023	7.76996	-76.75489	SAX_RV_FREEWALL	2	1.0	0
-57.40030	9.97950	-76.41636	SAX_RV_FREEWALL	2	1.0	0
-55.22422	12.18904	-76.93625	SAX_RV_FREEWALL	2	1.0	0
-53.04813	14.39858	-77.45614	SAX_RV_FREEWALL	2	1.0	0
-49.75820	16.60812	-77.11761	SAX_RV_FREEWALL	2	1.0	0
-46.99939	17.71289	-76.08992	SAX_RV_FREEWALL	2	1.0	0
-43.70946	19.92242	-75.75139	SAX_RV_FREEWALL	2	1.0	0
-40.95065	21.02719	-74.72370	SAX_RV_FREEWALL	2	1.0	0
-38.19184	22.13197	-73.69601	SAX_RV_FREEWALL	2	1.0	0
-35.96415	22.13197	-71.97916	SAX_RV_FREEWALL	2	1.0	0
-33.20534	23.23674	-70.95147	SAX_RV_FREEWALL	2	1.0	0
-30.97765	23.23674	-69.23463	SAX_RV_FREEWALL	2	1.0	0
-28.74997	23.23674	-67.51778	SAX_RV_FREEWALL	2	1.0	0
14.19534	-3.27764	-8.05688	SAX_RV_FREEWALL	2	1.0	0
13.13310	-5.48718	-6.67857	SAX_RV_FREEWALL	2	1.0	0
10.95701	-7.69672	-6.15868	SAX_RV_FREEWALL	2	1.0	0
8.78093	-9.90625	-5.63879	SAX_RV_FREEWALL	2	1.0	0
5.49100	-12.11579	-5.97732	SAX_RV_FREEWALL	2	1.0	0
2.20107	-14.32533	-6.31585	SAX_RV_FREEWALL	2	1.0	0
-1.08886	-16.53487	-6.65438	SAX_RV_FREEWALL	2	1.0	0
-3.84767	-17.63964	-7.68207	SAX_RV_FREEWALL	2	1.0	0
-6.60648	-18.74441	-8.70976	SAX_RV_FREEWALL	2	1.0	0
-9.36529	-19.84918	-9.73745	SAX_RV_FREEWALL	2	1.0	0
-11.59298	-19.84918	-11.45430	SAX_RV_FREEWALL	2	1.0	0
-14.35179	-20.95395	-12.48198	SAX_RV_FREEWALL	2	1.0	0
-17.11060	-22.05872	-13.50967	SAX_RV_FREEWALL	2	1.0	0
-19.33829	-22.05873	-15.22652	SAX_RV_FREEWALL	2	1.0	0
-22.09710	-23.16350	-16.25421	SAX_RV_FREEWALL	2	1.0	0
-24.32478	-23.16350	-17.97105	SAX_RV_FREEWALL	2	1.0	0
-27.08359	-24.26827	-18.99874	SAX_RV_FREEWALL	2	1.0	0
-29.31128	-24.26827	-20.71559	SAX_RV_FREEWALL	2	1.0	0
-31.53897	-24.26827	-22.43243	SAX_RV_FREEWALL	2	1.0	0
-33.76666	-24.26828	-24.14928	SAX_RV_FREEWALL	2	1.0	0
-36.52547	-25.37305	-25.17697	SAX_RV_FREEWALL	2	1.0	0
-38.75316	-25.37305	-26.89381	SAX_RV_FREEWALL	2	1.0	0
-40.98084	-25.37305	-28.61066	SAX_RV_FREEWALL	2	1.0	0
-45.38462	-27.58259	-29.80761	SAX_RV_EPICARDIAL	2	1.0	0
-47.08119	-26.47782	-32.21362	SAX_RV_EPICARDIAL	2	1.0	0
-49.30888	-26.47783	-33.93046	SAX_RV_EPICARDIAL	2	1.0	0
-51.53656	-26.47783	-35.64731	SAX_RV_EPICARDIAL	2	1.0	0
-53.76425	-26.47783	-37.36415	SAX_RV_EPICARDIAL	2	1.0	0
-55.99194	-26.47783	-39.08100	SAX_RV_EPICARDIAL	2	1.0	0
-58.21963	-26.47784	-40.79785	SAX_RV_EPICARDIAL	2	1.0	0
-59.91620	-25.37307	-43.20385	SAX_RV_EPICARDIAL	2	1.0	0
-62.14388	-25.37307	-44.92069	SAX_RV_EPICARDIAL	2	1.0	0
-63.84045	-24.26831	-47.32670	SAX_RV_EPICARDIAL	2	1.0	0
-65.53702	-23.16354	-49.73270	SAX_RV_EPICARDIAL	2	1.0	0
-67.23359	-22.05877	-52.13870	SAX_RV_EPICARDIAL	2	1.0	0
-68.39903	-19.84924	-55.23386	SAX_RV_EPICARDIAL	2	1.0	0
-69.56448	-17.63970	-58.32902	SAX_RV_EPICARDIAL	2	1.0	0
-70.72993	-15.43017	-61.42418	SAX_RV_EPICARDIAL	2	1.0	0
-71.31265	-14.32540	-62.97176	SAX_RV_EPICARDIAL	2	1.0	0
-72.47810	-12.11587	-66.06692	SAX_RV_EPICARDIAL	2	1.0	0
-72.52970	-9.90633	-68.30365	SAX_RV_EPICARDIAL	2	1.0	0
-71.46746	-7.69680	-69.68197	SAX_RV_EPICARDIAL	2	1.0	0
-71.51906	-5.48726	-71.91870	SAX_RV_EPICARDIAL	2	1.0	0
-70.45682	-3.27772	-73.29702	SAX_RV_EPICARDIAL	2	1.0	0
-69.39458	-1.06819	-74.67533	SAX_RV_EPICARDIAL	2	1.0	0
-68.33233	1.14135	-76.05364	SAX_RV_EPICARDIAL	2	1.0	0
-66.15625	3.35089	-76.57353	SAX_RV_EPICARDIAL	2	1.0	0
-65.09401	5.56042	-77.95185	SAX_RV_EPICARDIAL	2	1.0	0
-62.91792	7.76996	-78.47174	SAX_RV_EPICARDIAL	2	1.0	0
-60.74183	9.97950	-78.99163	SAX_RV_EPICARDIAL	2	1.0	0
-58.56575	12.18904	-79.51152	SAX_RV_EPICARDIAL	2	1.0	0
-55.27582	14.39857	-79.17299	SAX_RV_EPICARDIAL	2	1.0	0
-53.09973	16.60811	-79.69288	SAX_RV_EPICARDIAL	2	1.0	0
-49.80980	18.81765	-79.35434	SAX_RV_EPICARDIAL	2	1.0	0
-47.63372	21.02719	-79.87424	SAX_RV_EPICARDIAL	2	1.0	0
-44.87491	22.13196	-78.84655	SAX_RV_EPICARDIAL	2	1.0	0
-42.11610	23.23673	-77.81886	SAX_RV_EPICARDIAL	2	1.0	0
-39.35729	24.34150	-76.79117	SAX_RV_EPICARDIAL	2	1.0	0
-36.59848	25.44627	-75.76348	SAX_RV_EPICARDIAL	2	1.0	0
-33.83967	26.55104	-74.73579	SAX_RV_EPICARDIAL	2	1.0	0
-31.08086	27.65581	-73.70810	SAX_RV_EPICARDIAL	2	1.0	0
-29.38429	26.55105	-71.30210	SAX_RV_EPICARDIAL	2	1.0	0
-27.15660	26.55105	-69.58525	SAX_RV_EPICARDIAL	2	1.0	0
-24.92891	26.55105	-67.86841	SAX_RV_EPICARDIAL	2	1.0	0
-24.87731	24.34151	-65.63167	SAX_RV_EPICARDIAL	2	1.0	0
-25.93955	22.13198	-64.25336	SAX_RV_EPICARDIAL	2	1.0	0
15.78871	0.03666	-10.12435	SAX_RV_EPICARDIAL	2	1.0	0
15.78871	0.03666	-10.12435	SAX_RV_EPICARDIAL	2	1.0	0
14.77807	-4.38241	-6.50930	SAX_RV_EPICARDIAL	2	1.0	0
17.53688	-3.27764	-5.48161	SAX_RV_EPICARDIAL	2	1.0	0
18.11960	-4.38240	-3.93403	SAX_RV_EPICARDIAL	2	1.0	0
15.94351	-6.59194	-3.41414	SAX_RV_EPICARDIAL	2	1.0	0
12.65358	-8.80148	-3.75268	SAX_RV_EPICARDIAL	2	1.0	0
10.47750	-11.01102	-3.23278	SAX_RV_EPICARDIAL	2	1.0	0
8.30141	-13.22056	-2.71289	SAX_RV_EPICARDIAL	2	1.0	0
5.01148	-15.43010	-3.05143	SAX_RV_EPICARDIAL	2	1.0	0
1.72155	-17.63963	-3.38996	SAX_RV_EPICARDIAL	2	1.0	0
-1.03726	-18.74440	-4.41765	SAX_RV_EPICARDIAL	2	1.0	0
-3.79607	-19.84918	-5.44534	SAX_RV_EPICARDIAL	2	1.0	0
-6.55488	-20.95395	-6.47303	SAX_RV_EPICARDIAL	2	1.0	0
-9.31369	-22.05872	-7.50071	SAX_RV_EPICARDIAL	2	1.0	0
-11.54138	-22.05872	-9.21756	SAX_RV_EPICARDIAL	2	1.0	0
-14.30019	-23.16349	-10.24525	SAX_RV_EPICARDIAL	2	1.0	0
-17.05900	-24.26826	-11.27294	SAX_RV_EPICARDIAL	2	1.0	0
-19.28668	-24.26826	-12.98978	SAX_RV_EPICARDIAL	2	1.0	0
-22.04549	-25.37303	-14.01747	SAX_RV_EPICARDIAL	2	1.0	0
-24.27318	-25.37303	-15.73432	SAX_RV_EPICARDIAL	2	1.0	0
-27.03199	-26.47780	-16.76201	SAX_RV_EPICARDIAL	2	1.0	0
-29.25968	-26.47781	-18.47885	SAX_RV_EPICARDIAL	2	1.0	0
-32.01849	-27.58258	-19.50654	SAX_RV_EPICARDIAL	2	1.0	0
-34.24618	-27.58258	-21.22339	SAX_RV_EPICARDIAL	2	1.0	0
-36.47387	-27.58258	-22.94023	SAX_RV_EPICARDIAL	2	1.0	0
-38.70155	-27.58258	-24.65708	SAX_RV_EPICARDIAL	2	1.0	0
-40.92924	-27.58259	-26.37392	SAX_RV_EPICARDIAL	2	1.0	0
-43.15693	-27.58259	-28.09077	SAX_RV_EPICARDIAL	2	1.0	0
-27.05340	22.13198	-65.11178	SAX_RV_SEPTUM	2	1.0	0
-25.35683	21.02721	-62.70578	SAX_RV_SEPTUM	2	1.0	0
-25.30523	18.81767	-60.46904	SAX_RV_SEPTUM	2	1.0	0
-26.36747	16.60814	-59.09073	SAX_RV_SEPTUM	2	1.0	0
-26.31587	14.39860	-56.85399	SAX_RV_SEPTUM	2	1.0	0
-26.26427	12.18907	-54.61726	SAX_RV_SEPTUM	2	1.0	0
-27.32651	9.97953	-53.23894	SAX_RV_SEPTUM	2	1.0	0
-27.27491	7.77000	-51.00221	SAX_RV_SEPTUM	2	1.0	0
-26.10946	5.56046	-47.90705	SAX_RV_SEPTUM	2	1.0	0
-24.94401	3.35093	-44.81189	SAX_RV_SEPTUM	2	1.0	0
-24.89241	1.14139	-42.57515	SAX_RV_SEPTUM	2	1.0	0
-23.72696	-1.06814	-39.47999	SAX_RV_SEPTUM	2	1.0	0
-22.56152	-3.27768	-36.38483	SAX_RV_SEPTUM	2	1.0	0
-20.86495	-4.38244	-33.97883	SAX_RV_SEPTUM	2	1.0	0
-19.16838	-5.48721	-31.57283	SAX_RV_SEPTUM	2	1.0	0
-17.47181	-6.59198	-29.16683	SAX_RV_SEPTUM	2	1.0	0
-15.77525	-7.69674	-26.76083	SAX_RV_SEPTUM	2	1.0	0
-13.54756	-7.69674	-25.04398	SAX_RV_SEPTUM	2	1.0	0
-11.31987	-7.69674	-23.32713	SAX_RV_SEPTUM	2	1.0	0
-9.09218	-7.69673	-21.61029	SAX_RV_SEPTUM	2	1.0	0
-6.33337	-6.59196	-20.58260	SAX_RV_SEPTUM	2	1.0	0
-4.10568	-6.59196	-18.86575	SAX_RV_SEPTUM	2	1.0	0
-1.34687	-5.48719	-17.83806	SAX_RV_SEPTUM	2	1.0	0
1.41194	-4.38242	-16.81038	SAX_RV_SEPTUM	2	1.0	0
3.63962	-4.38242	-15.09353	SAX_RV_SEPTUM	2	1.0	0
6.39843	-3.27765	-14.06584	SAX_RV_SEPTUM	2	1.0	0
9.15724	-2.17288	-13.03815	SAX_RV_SEPTUM	2	1.0	0
11.91605	-1.06811	-12.01046	SAX_RV_SEPTUM	2	1.0	0
14.14374	-1.06811	-10.29362	SAX_RV_SEPTUM	2	1.0	0
14.14374	-1.06811	-10.29362	SAX_RV_SEPTUM	2	1.0	0
-21.58738	26.55105	-65.29314	SAX_LV_EPICARDIAL	2	1.0	0
-20.52514	28.76059	-66.67145	SAX_LV_EPICARDIAL	2	1.0	0
-19.46290	30.97013	-68.04977	SAX_LV_EPICARDIAL	2	1.0	0
-17.28681	33.17966	-68.56966	SAX_LV_EPICARDIAL	2	1.0	0
-16.22457	35.38920	-69.94797	SAX_LV_EPICARDIAL	2	1.0	0
-12.93464	37.59874	-69.60944	SAX_LV_EPICARDIAL	2	1.0	0
-10.75855	39.80828	-70.12933	SAX_LV_EPICARDIAL	2	1.0	0
-7.46862	42.01782	-69.79080	SAX_LV_EPICARDIAL	2	1.0	0
-4.17869	44.22735	-69.45226	SAX_LV_EPICARDIAL	2	1.0	0
-1.41988	45.33212	-68.42458	SAX_LV_EPICARDIAL	2	1.0	0
1.33893	46.43690	-67.39689	SAX_LV_EPICARDIAL	2	1.0	0
4.62886	48.64643	-67.05835	SAX_LV_EPICARDIAL	2	1.0	0
7.38767	49.75120	-66.03067	SAX_LV_EPICARDIAL	2	1.0	0
9.61535	49.75121	-64.31382	SAX_LV_EPICARDIAL	2	1.0	0
12.37416	50.85598	-63.28613	SAX_LV_EPICARDIAL	2	1.0	0
14.60185	50.85598	-61.56929	SAX_LV_EPICARDIAL	2	1.0	0
16.82954	50.85598	-59.85244	SAX_LV_EPICARDIAL	2	1.0	0
19.05723	50.85598	-58.13559	SAX_LV_EPICARDIAL	2	1.0	0
21.28492	50.85599	-56.41875	SAX_LV_EPICARDIAL	2	1.0	0
23.51261	50.85599	-54.70190	SAX_LV_EPICARDIAL	2	1.0	0
25.74029	50.85599	-52.98506	SAX_LV_EPICARDIAL	2	1.0	0
27.96798	50.85599	-51.26821	SAX_LV_EPICARDIAL	2	1.0	0
29.66455	49.75123	-48.86221	SAX_LV_EPICARDIAL	2	1.0	0
31.89224	49.75123	-47.14536	SAX_LV_EPICARDIAL	2	1.0	0
33.58881	48.64646	-44.73936	SAX_LV_EPICARDIAL	2	1.0	0
34.75425	46.43693	-41.64420	SAX_LV_EPICARDIAL	2	1.0	0
36.45082	45.33216	-39.23820	SAX_LV_EPICARDIAL	2	1.0	0
37.61627	43.12263	-36.14304	SAX_LV_EPICARDIAL	2	1.0	0
38.78171	40.91309	-33.04788	SAX_LV_EPICARDIAL	2	1.0	0
38.83332	38.70356	-30.81115	SAX_LV_EPICARDIAL	2	1.0	0
39.99876	36.49402	-27.71599	SAX_LV_EPICARDIAL	2	1.0	0
40.05036	34.28449	-25.47925	SAX_LV_EPICARDIAL	2	1.0	0
40.10197	32.07495	-23.24251	SAX_LV_EPICARDIAL	2	1.0	0
39.03972	29.86542	-21.86420	SAX_LV_EPICARDIAL	2	1.0	0
39.09133	27.65588	-19.62746	SAX_LV_EPICARDIAL	2	1.0	0
38.02908	25.44634	-18.24915	SAX_LV_EPICARDIAL	2	1.0	0
36.96684	23.23681	-16.87084	SAX_LV_EPICARDIAL	2	1.0	0
35.90460	21.02727	-15.49252	SAX_LV_EPICARDIAL	2	1.0	0
34.84236	18.81773	-14.11421	SAX_LV_EPICARDIAL	2	1.0	0
33.78012	16.60820	-12.73590	SAX_LV_EPICARDIAL	2	1.0	0
31.60403	14.39866	-12.21601	SAX_LV_EPICARDIAL	2	1.0	0
30.54179	12.18912	-10.83769	SAX_LV_EPICARDIAL	2	1.0	0
28.36570	9.97959	-10.31780	SAX_LV_EPICARDIAL	2	1.0	0
26.18962	7.77005	-9.79791	SAX_LV_EPICARDIAL	2	1.0	0
22.89969	5.56051	-10.13644	SAX_LV_EPICARDIAL	2	1.0	0
20.72360	3.35097	-9.61655	SAX_LV_EPICARDIAL	2	1.0	0
17.96479	2.24620	-10.64424	SAX_LV_EPICARDIAL	2	1.0	0
-13.22285	2.24617	-34.68008	SAX_LV_ENDOCARDIAL	2	1.0	0
-14.91941	3.35094	-37.08608	SAX_LV_ENDOCARDIAL	2	1.0	0
-16.61598	4.45570	-39.49209	SAX_LV_ENDOCARDIAL	2	1.0	0
-18.31255	5.56047	-41.89809	SAX_LV_ENDOCARDIAL	2	1.0	0
-18.36415	7.77000	-44.13482	SAX_LV_ENDOCARDIAL	2	1.0	0
-19.52960	9.97954	-47.22998	SAX_LV_ENDOCARDIAL	2	1.0	0
-19.58120	12.18907	-49.46672	SAX_LV_ENDOCARDIAL	2	1.0	0
-19.63280	14.39861	-51.70346	SAX_LV_ENDOCARDIAL	2	1.0	0
-19.68440	16.60815	-53.94019	SAX_LV_ENDOCARDIAL	2	1.0	0
-18.62216	18.81768	-55.31851	SAX_LV_ENDOCARDIAL	2	1.0	0
-18.67377	21.02722	-57.55524	SAX_LV_ENDOCARDIAL	2	1.0	0
-17.61152	23.23675	-58.93356	SAX_LV_ENDOCARDIAL	2	1.0	0
-16.54928	25.44629	-60.31187	SAX_LV_ENDOCARDIAL	2	1.0	0
-15.48704	27.65583	-61.69018	SAX_LV_ENDOCARDIAL	2	1.0	0
-14.42480	29.86536	-63.06850	SAX_LV_ENDOCARDIAL	2	1.0	0
-12.24871	32.07490	-63.58839	SAX_LV_ENDOCARDIAL	2	1.0	0
-11.18647	34.28444	-64.96670	SAX_LV_ENDOCARDIAL	2	1.0	0
-7.89654	36.49398	-64.62817	SAX_LV_ENDOCARDIAL	2	1.0	0
-4.60661	38.70352	-64.28964	SAX_LV_ENDOCARDIAL	2	1.0	0
-1.84780	39.80829	-63.26195	SAX_LV_ENDOCARDIAL	2	1.0	0
0.91101	40.91306	-62.23426	SAX_LV_ENDOCARDIAL	2	1.0	0
3.66982	42.01783	-61.20657	SAX_LV_ENDOCARDIAL	2	1.0	0
6.42863	43.12260	-60.17888	SAX_LV_ENDOCARDIAL	2	1.0	0
9.18744	44.22737	-59.15119	SAX_LV_ENDOCARDIAL	2	1.0	0
11.94625	45.33214	-58.12350	SAX_LV_ENDOCARDIAL	2	1.0	0
14.17394	45.33214	-56.40666	SAX_LV_ENDOCARDIAL	2	1.0	0
16.40162	45.33214	-54.68981	SAX_LV_ENDOCARDIAL	2	1.0	0
18.62931	45.33214	-52.97297	SAX_LV_ENDOCARDIAL	2	1.0	0
20.85700	45.33215	-51.25612	SAX_LV_ENDOCARDIAL	2	1.0	0
23.08469	45.33215	-49.53927	SAX_LV_ENDOCARDIAL	2	1.0	0
24.78126	44.22738	-47.13327	SAX_LV_ENDOCARDIAL	2	1.0	0
27.00895	44.22739	-45.41643	SAX_LV_ENDOCARDIAL	2	1.0	0
28.70551	43.12262	-43.01042	SAX_LV_ENDOCARDIAL	2	1.0	0
30.40208	42.01785	-40.60442	SAX_LV_ENDOCARDIAL	2	1.0	0
31.56753	39.80832	-37.50926	SAX_LV_ENDOCARDIAL	2	1.0	0
32.73297	37.59878	-34.41410	SAX_LV_ENDOCARDIAL	2	1.0	0
32.78458	35.38925	-32.17737	SAX_LV_ENDOCARDIAL	2	1.0	0
32.83618	33.17971	-29.94063	SAX_LV_ENDOCARDIAL	2	1.0	0
32.88778	30.97018	-27.70389	SAX_LV_ENDOCARDIAL	2	1.0	0
32.93938	28.76064	-25.46716	SAX_LV_ENDOCARDIAL	2	1.0	0
32.99098	26.55111	-23.23042	SAX_LV_ENDOCARDIAL	2	1.0	0
33.04259	24.34157	-20.99369	SAX_LV_ENDOCARDIAL	2	1.0	0
31.98035	22.13204	-19.61537	SAX_LV_ENDOCARDIAL	2	1.0	0
30.91810	19.92250	-18.23706	SAX_LV_ENDOCARDIAL	2	1.0	0
29.85586	17.71296	-16.85875	SAX_LV_ENDOCARDIAL	2	1.0	0
28.79362	15.50343	-15.48043	SAX_LV_ENDOCARDIAL	2	1.0	0
25.50369	13.29389	-15.81896	SAX_LV_ENDOCARDIAL	2	1.0	0
23.32760	11.08435	-15.29907	SAX_LV_ENDOCARDIAL	2	1.0	0
20.03767	8.87481	-15.63761	SAX_LV_ENDOCARDIAL	2	1.0	0
17.27886	7.77004	-16.66529	SAX_LV_ENDOCARDIAL	2	1.0	0
14.52005	6.66527	-17.69298	SAX_LV_ENDOCARDIAL	2	1.0	0
11.76124	5.56050	-18.72067	SAX_LV_ENDOCARDIAL	2	1.0	0
9.53356	5.56050	-20.43752	SAX_LV_ENDOCARDIAL	2	1.0	0
6.77475	4.45573	-21.46521	SAX_LV_ENDOCARDIAL	2	1.0	0
4.54706	4.45572	-23.18205	SAX_LV_ENDOCARDIAL	2	1.0	0
1.78825	3.35095	-24.20974	SAX_LV_ENDOCARDIAL	2	1.0	0
-0.43944	3.35095	-25.92659	SAX_LV_ENDOCARDIAL	2	1.0	0
-3.19825	2.24618	-26.95428	SAX_LV_ENDOCARDIAL	2	1.0	0
-5.42594	2.24618	-28.67112	SAX_LV_ENDOCARDIAL	2	1.0	0
-7.65363	2.24618	-30.38797	SAX_LV_ENDOCARDIAL	2	1.0	0
-9.88131	2.24617	-32.10481	SAX_LV_ENDOCARDIAL	2	1.0	0
-12.10900	2.24617	-33.82166	SAX_LV_ENDOCARDIAL	2	1.0	0
14.19534	-3.27764	-8.05688	RV_INSERT	2	1.0	0
-27.05340	22.13198	-65.11178	RV_INSERT	2	1.0	0
-50.46816	-29.69596	-60.06963	SAX_RV_FREEWALL	3	1.0	0
-52.16473	-28.59120	-62.47564	SAX_RV_FREEWALL	3	1.0	0
-53.86129	-27.48643	-64.88164	SAX_RV_FREEWALL	3	1.0	0
-55.55786	-26.38166	-67.28764	SAX_RV_FREEWALL	3	1.0	0
-57.25443	-25.27690	-69.69364	SAX_RV_FREEWALL	3	1.0	0
-58.41988	-23.06736	-72.78880	SAX_RV_FREEWALL	3	1.0	0
-59.58532	-20.85783	-75.88396	SAX_RV_FREEWALL	3	1.0	0
-59.63692	-18.64829	-78.12070	SAX_RV_FREEWALL	3	1.0	0
-60.80237	-16.43876	-81.21586	SAX_RV_FREEWALL	3	1.0	0
-59.74013	-14.22922	-82.59417	SAX_RV_FREEWALL	3	1.0	0
-58.67789	-12.01969	-83.97248	SAX_RV_FREEWALL	3	1.0	0
-56.50180	-9.81015	-84.49237	SAX_RV_FREEWALL	3	1.0	0
-54.32572	-7.60061	-85.01226	SAX_RV_FREEWALL	3	1.0	0
-51.03579	-5.39107	-84.67373	SAX_RV_FREEWALL	3	1.0	0
-48.85970	-3.18153	-85.19362	SAX_RV_FREEWALL	3	1.0	0
-45.56977	-0.97200	-84.85509	SAX_RV_FREEWALL	3	1.0	0
-42.27984	1.23754	-84.51656	SAX_RV_FREEWALL	3	1.0	0
-40.10375	3.44708	-85.03645	SAX_RV_FREEWALL	3	1.0	0
-36.81382	5.65662	-84.69792	SAX_RV_FREEWALL	3	1.0	0
-33.52389	7.86616	-84.35938	SAX_RV_FREEWALL	3	1.0	0
-30.76508	8.97093	-83.33170	SAX_RV_FREEWALL	3	1.0	0
-27.47515	11.18047	-82.99316	SAX_RV_FREEWALL	3	1.0	0
-24.71634	12.28524	-81.96547	SAX_RV_FREEWALL	3	1.0	0
-21.95753	13.39001	-80.93779	SAX_RV_FREEWALL	3	1.0	0
-19.19872	14.49478	-79.91010	SAX_RV_FREEWALL	3	1.0	0
-16.43991	15.59955	-78.88241	SAX_RV_FREEWALL	3	1.0	0
-0.02046	-19.75300	-31.07671	SAX_RV_FREEWALL	3	1.0	0
-2.77927	-20.85777	-32.10440	SAX_RV_FREEWALL	3	1.0	0
-5.53808	-21.96254	-33.13209	SAX_RV_FREEWALL	3	1.0	0
-8.29689	-23.06731	-34.15978	SAX_RV_FREEWALL	3	1.0	0
-11.05570	-24.17208	-35.18746	SAX_RV_FREEWALL	3	1.0	0
-13.81450	-25.27685	-36.21515	SAX_RV_FREEWALL	3	1.0	0
-16.57331	-26.38163	-37.24284	SAX_RV_FREEWALL	3	1.0	0
-19.33212	-27.48640	-38.27053	SAX_RV_FREEWALL	3	1.0	0
-21.55981	-27.48640	-39.98738	SAX_RV_FREEWALL	3	1.0	0
-24.31862	-28.59117	-41.01507	SAX_RV_FREEWALL	3	1.0	0
-26.54631	-28.59117	-42.73191	SAX_RV_FREEWALL	3	1.0	0
-28.77400	-28.59117	-44.44876	SAX_RV_FREEWALL	3	1.0	0
-31.53281	-29.69594	-45.47645	SAX_RV_FREEWALL	3	1.0	0
-33.76050	-29.69595	-47.19329	SAX_RV_FREEWALL	3	1.0	0
-35.98818	-29.69595	-48.91014	SAX_RV_FREEWALL	3	1.0	0
-38.21587	-29.69595	-50.62698	SAX_RV_FREEWALL	3	1.0	0
-40.44356	-29.69595	-52.34383	SAX_RV_FREEWALL	3	1.0	0
-42.67125	-29.69595	-54.06067	SAX_RV_FREEWALL	3	1.0	0
-44.89894	-29.69596	-55.77752	SAX_RV_FREEWALL	3	1.0	0
-47.12663	-29.69596	-57.49437	SAX_RV_FREEWALL	3	1.0	0
-49.35432	-29.69596	-59.21121	SAX_RV_FREEWALL	3	1.0	0
-46.49230	-33.01026	-53.71005	SAX_RV_EPICARDIAL	3	1.0	0
-48.18887	-31.90550	-56.11605	SAX_RV_EPICARDIAL	3	1.0	0
-50.41656	-31.90550	-57.83290	SAX_RV_EPICARDIAL	3	1.0	0
-52.64425	-31.90550	-59.54974	SAX_RV_EPICARDIAL	3	1.0	0
-54.34081	-30.80073	-61.95575	SAX_RV_EPICARDIAL	3	1.0	0
-56.03738	-29.69597	-64.36175	SAX_RV_EPICARDIAL	3	1.0	0
-57.73395	-28.59120	-66.76775	SAX_RV_EPICARDIAL	3	1.0	0
-59.43052	-27.48644	-69.17375	SAX_RV_EPICARDIAL	3	1.0	0
-60.01324	-26.38167	-70.72133	SAX_RV_EPICARDIAL	3	1.0	0
-60.06484	-24.17213	-72.95807	SAX_RV_EPICARDIAL	3	1.0	0
-61.23029	-21.96260	-76.05323	SAX_RV_EPICARDIAL	3	1.0	0
-62.39573	-19.75306	-79.14839	SAX_RV_EPICARDIAL	3	1.0	0
-62.44734	-17.54353	-81.38512	SAX_RV_EPICARDIAL	3	1.0	0
-62.49894	-15.33399	-83.62186	SAX_RV_EPICARDIAL	3	1.0	0
-61.43670	-13.12446	-85.00017	SAX_RV_EPICARDIAL	3	1.0	0
-60.37446	-10.91492	-86.37849	SAX_RV_EPICARDIAL	3	1.0	0
-58.19837	-8.70538	-86.89838	SAX_RV_EPICARDIAL	3	1.0	0
-56.02228	-6.49584	-87.41827	SAX_RV_EPICARDIAL	3	1.0	0
-53.84620	-4.28631	-87.93816	SAX_RV_EPICARDIAL	3	1.0	0
-50.55627	-2.07677	-87.59963	SAX_RV_EPICARDIAL	3	1.0	0
-48.38018	0.13277	-88.11952	SAX_RV_EPICARDIAL	3	1.0	0
-45.09025	2.34231	-87.78098	SAX_RV_EPICARDIAL	3	1.0	0
-41.80032	4.55185	-87.44245	SAX_RV_EPICARDIAL	3	1.0	0
-38.51039	6.76139	-87.10392	SAX_RV_EPICARDIAL	3	1.0	0
-35.22046	8.97092	-86.76539	SAX_RV_EPICARDIAL	3	1.0	0
-31.93053	11.18046	-86.42685	SAX_RV_EPICARDIAL	3	1.0	0
-29.17172	12.28523	-85.39917	SAX_RV_EPICARDIAL	3	1.0	0
-25.88179	14.49477	-85.06063	SAX_RV_EPICARDIAL	3	1.0	0
-23.12298	15.59954	-84.03294	SAX_RV_EPICARDIAL	3	1.0	0
-20.36417	16.70431	-83.00526	SAX_RV_EPICARDIAL	3	1.0	0
-17.60536	17.80908	-81.97757	SAX_RV_EPICARDIAL	3	1.0	0
-14.84655	18.91385	-80.94988	SAX_RV_EPICARDIAL	3	1.0	0
-12.61886	18.91386	-79.23303	SAX_RV_EPICARDIAL	3	1.0	0
6.61101	-17.54346	-28.16291	SAX_RV_EPICARDIAL	3	1.0	0
5.54876	-19.75300	-26.78459	SAX_RV_EPICARDIAL	3	1.0	0
2.78995	-20.85777	-27.81228	SAX_RV_EPICARDIAL	3	1.0	0
0.03114	-21.96254	-28.83997	SAX_RV_EPICARDIAL	3	1.0	0
-2.72767	-23.06731	-29.86766	SAX_RV_EPICARDIAL	3	1.0	0
-5.48647	-24.17208	-30.89535	SAX_RV_EPICARDIAL	3	1.0	0
-8.24528	-25.27685	-31.92304	SAX_RV_EPICARDIAL	3	1.0	0
-11.00409	-26.38162	-32.95073	SAX_RV_EPICARDIAL	3	1.0	0
-14.29402	-28.59116	-33.28926	SAX_RV_EPICARDIAL	3	1.0	0
-17.05283	-29.69593	-34.31695	SAX_RV_EPICARDIAL	3	1.0	0
-19.81164	-30.80070	-35.34464	SAX_RV_EPICARDIAL	3	1.0	0
-22.03933	-30.80070	-37.06148	SAX_RV_EPICARDIAL	3	1.0	0
-24.79814	-31.90547	-38.08917	SAX_RV_EPICARDIAL	3	1.0	0
-27.02583	-31.90547	-39.80602	SAX_RV_EPICARDIAL	3	1.0	0
-29.25352	-31.90548	-41.52286	SAX_RV_EPICARDIAL	3	1.0	0
-32.01233	-33.01025	-42.55055	SAX_RV_EPICARDIAL	3	1.0	0
-34.24001	-33.01025	-44.26740	SAX_RV_EPICARDIAL	3	1.0	0
-36.46770	-33.01025	-45.98424	SAX_RV_EPICARDIAL	3	1.0	0
-38.69539	-33.01025	-47.70109	SAX_RV_EPICARDIAL	3	1.0	0
-40.92308	-33.01026	-49.41794	SAX_RV_EPICARDIAL	3	1.0	0
-43.15077	-33.01026	-51.13478	SAX_RV_EPICARDIAL	3	1.0	0
-45.37846	-33.01026	-52.85163	SAX_RV_EPICARDIAL	3	1.0	0
-14.21223	15.59955	-77.16556	SAX_RV_SEPTUM	3	1.0	0
-14.16062	13.39002	-74.92883	SAX_RV_SEPTUM	3	1.0	0
-14.10902	11.18048	-72.69209	SAX_RV_SEPTUM	3	1.0	0
-15.17126	8.97094	-71.31378	SAX_RV_SEPTUM	3	1.0	0
-15.11966	6.76141	-69.07704	SAX_RV_SEPTUM	3	1.0	0
-15.06806	4.55187	-66.84030	SAX_RV_SEPTUM	3	1.0	0
-15.01646	2.34234	-64.60357	SAX_RV_SEPTUM	3	1.0	0
-14.96485	0.13280	-62.36683	SAX_RV_SEPTUM	3	1.0	0
-16.02710	-2.07673	-60.98852	SAX_RV_SEPTUM	3	1.0	0
-14.86165	-4.28627	-57.89336	SAX_RV_SEPTUM	3	1.0	0
-13.69620	-6.49580	-54.79820	SAX_RV_SEPTUM	3	1.0	0
-12.53076	-8.70534	-51.70304	SAX_RV_SEPTUM	3	1.0	0
-11.36531	-10.91487	-48.60788	SAX_RV_SEPTUM	3	1.0	0
-9.66874	-12.01964	-46.20188	SAX_RV_SEPTUM	3	1.0	0
-7.97217	-13.12440	-43.79588	SAX_RV_SEPTUM	3	1.0	0
-6.27561	-14.22917	-41.38987	SAX_RV_SEPTUM	3	1.0	0
-4.57904	-15.33394	-38.98387	SAX_RV_SEPTUM	3	1.0	0
-2.88247	-16.43870	-36.57787	SAX_RV_SEPTUM	3	1.0	0
-0.65478	-16.43870	-34.86102	SAX_RV_SEPTUM	3	1.0	0
1.57290	-16.43870	-33.14418	SAX_RV_SEPTUM	3	1.0	0
3.80059	-16.43870	-31.42733	SAX_RV_SEPTUM	3	1.0	0
5.49716	-17.54346	-29.02133	SAX_RV_SEPTUM	3	1.0	0
2.73835	-18.64823	-30.04902	SAX_RV_SEPTUM	3	1.0	0
-9.80845	17.80909	-75.96861	SAX_LV_EPICARDIAL	3	1.0	0
-8.74621	20.01863	-77.34692	SAX_LV_EPICARDIAL	3	1.0	0
-6.57012	22.22817	-77.86681	SAX_LV_EPICARDIAL	3	1.0	0
-4.39404	24.43770	-78.38670	SAX_LV_EPICARDIAL	3	1.0	0
-2.21795	26.64724	-78.90659	SAX_LV_EPICARDIAL	3	1.0	0
1.07198	28.85678	-78.56806	SAX_LV_EPICARDIAL	3	1.0	0
2.71694	29.96155	-78.39879	SAX_LV_EPICARDIAL	3	1.0	0
6.00687	32.17109	-78.06026	SAX_LV_EPICARDIAL	3	1.0	0
9.29680	34.38063	-77.72173	SAX_LV_EPICARDIAL	3	1.0	0
12.05561	35.48540	-76.69404	SAX_LV_EPICARDIAL	3	1.0	0
14.81442	36.59017	-75.66635	SAX_LV_EPICARDIAL	3	1.0	0
17.57323	37.69494	-74.63866	SAX_LV_EPICARDIAL	3	1.0	0
20.33204	38.79971	-73.61097	SAX_LV_EPICARDIAL	3	1.0	0
23.09085	39.90448	-72.58329	SAX_LV_EPICARDIAL	3	1.0	0
25.84966	41.00925	-71.55560	SAX_LV_EPICARDIAL	3	1.0	0
28.07735	41.00925	-69.83875	SAX_LV_EPICARDIAL	3	1.0	0
30.30504	41.00925	-68.12191	SAX_LV_EPICARDIAL	3	1.0	0
32.53273	41.00926	-66.40506	SAX_LV_EPICARDIAL	3	1.0	0
34.76041	41.00926	-64.68821	SAX_LV_EPICARDIAL	3	1.0	0
36.98810	41.00926	-62.97137	SAX_LV_EPICARDIAL	3	1.0	0
39.21579	41.00926	-61.25452	SAX_LV_EPICARDIAL	3	1.0	0
40.91236	39.90450	-58.84852	SAX_LV_EPICARDIAL	3	1.0	0
43.14005	39.90450	-57.13167	SAX_LV_EPICARDIAL	3	1.0	0
44.83661	38.79973	-54.72567	SAX_LV_EPICARDIAL	3	1.0	0
46.53318	37.69497	-52.31967	SAX_LV_EPICARDIAL	3	1.0	0
47.69863	35.48543	-49.22451	SAX_LV_EPICARDIAL	3	1.0	0
48.86408	33.27590	-46.12935	SAX_LV_EPICARDIAL	3	1.0	0
50.02952	31.06636	-43.03419	SAX_LV_EPICARDIAL	3	1.0	0
50.08112	28.85683	-40.79746	SAX_LV_EPICARDIAL	3	1.0	0
51.24657	26.64729	-37.70230	SAX_LV_EPICARDIAL	3	1.0	0
51.29817	24.43776	-35.46556	SAX_LV_EPICARDIAL	3	1.0	0
50.23593	22.22822	-34.08725	SAX_LV_EPICARDIAL	3	1.0	0
50.28753	20.01869	-31.85051	SAX_LV_EPICARDIAL	3	1.0	0
49.22529	17.80915	-30.47220	SAX_LV_EPICARDIAL	3	1.0	0
49.27689	15.59961	-28.23546	SAX_LV_EPICARDIAL	3	1.0	0
48.21465	13.39008	-26.85715	SAX_LV_EPICARDIAL	3	1.0	0
47.15241	11.18054	-25.47884	SAX_LV_EPICARDIAL	3	1.0	0
46.09017	8.97101	-24.10052	SAX_LV_EPICARDIAL	3	1.0	0
43.91408	6.76147	-23.58063	SAX_LV_EPICARDIAL	3	1.0	0
42.85184	4.55193	-22.20232	SAX_LV_EPICARDIAL	3	1.0	0
41.78960	2.34239	-20.82400	SAX_LV_EPICARDIAL	3	1.0	0
39.61351	0.13286	-20.30411	SAX_LV_EPICARDIAL	3	1.0	0
37.43743	-2.07668	-19.78422	SAX_LV_EPICARDIAL	3	1.0	0
35.26134	-4.28622	-19.26433	SAX_LV_EPICARDIAL	3	1.0	0
33.08525	-6.49576	-18.74444	SAX_LV_EPICARDIAL	3	1.0	0
30.90917	-8.70529	-18.22455	SAX_LV_EPICARDIAL	3	1.0	0
27.61924	-10.91483	-18.56308	SAX_LV_EPICARDIAL	3	1.0	0
24.86043	-12.01960	-19.59077	SAX_LV_EPICARDIAL	3	1.0	0
22.10162	-13.12437	-20.61846	SAX_LV_EPICARDIAL	3	1.0	0
19.34281	-14.22914	-21.64615	SAX_LV_EPICARDIAL	3	1.0	0
16.58400	-15.33391	-22.67384	SAX_LV_EPICARDIAL	3	1.0	0
14.35631	-15.33392	-24.39068	SAX_LV_EPICARDIAL	3	1.0	0
11.59750	-16.43869	-25.41837	SAX_LV_EPICARDIAL	3	1.0	0
9.36981	-16.43869	-27.13522	SAX_LV_EPICARDIAL	3	1.0	0
8.10116	-9.81008	-34.70385	SAX_LV_ENDOCARDIAL	3	1.0	0
6.40460	-8.70532	-37.10985	SAX_LV_ENDOCARDIAL	3	1.0	0
4.17691	-8.70532	-38.82670	SAX_LV_ENDOCARDIAL	3	1.0	0
2.48034	-7.60055	-41.23270	SAX_LV_ENDOCARDIAL	3	1.0	0
0.25265	-7.60056	-42.94955	SAX_LV_ENDOCARDIAL	3	1.0	0
-1.44392	-6.49579	-45.35555	SAX_LV_ENDOCARDIAL	3	1.0	0
-2.60936	-4.28626	-48.45071	SAX_LV_ENDOCARDIAL	3	1.0	0
-3.77481	-2.07672	-51.54587	SAX_LV_ENDOCARDIAL	3	1.0	0
-4.94026	0.13281	-54.64103	SAX_LV_ENDOCARDIAL	3	1.0	0
-4.99186	2.34235	-56.87776	SAX_LV_ENDOCARDIAL	3	1.0	0
-6.15730	4.55188	-59.97292	SAX_LV_ENDOCARDIAL	3	1.0	0
-6.20891	6.76142	-62.20966	SAX_LV_ENDOCARDIAL	3	1.0	0
-6.26051	8.97095	-64.44639	SAX_LV_ENDOCARDIAL	3	1.0	0
-5.19827	11.18049	-65.82471	SAX_LV_ENDOCARDIAL	3	1.0	0
-4.13603	13.39003	-67.20302	SAX_LV_ENDOCARDIAL	3	1.0	0
-4.18763	15.59956	-69.43976	SAX_LV_ENDOCARDIAL	3	1.0	0
-2.01154	17.80910	-69.95965	SAX_LV_ENDOCARDIAL	3	1.0	0
-0.94930	20.01864	-71.33796	SAX_LV_ENDOCARDIAL	3	1.0	0
1.22679	22.22817	-71.85785	SAX_LV_ENDOCARDIAL	3	1.0	0
3.40287	24.43771	-72.37774	SAX_LV_ENDOCARDIAL	3	1.0	0
6.69280	26.64725	-72.03921	SAX_LV_ENDOCARDIAL	3	1.0	0
8.86889	28.85679	-72.55910	SAX_LV_ENDOCARDIAL	3	1.0	0
11.62770	29.96156	-71.53141	SAX_LV_ENDOCARDIAL	3	1.0	0
14.91763	32.17110	-71.19288	SAX_LV_ENDOCARDIAL	3	1.0	0
17.67644	33.27587	-70.16519	SAX_LV_ENDOCARDIAL	3	1.0	0
20.43525	34.38064	-69.13750	SAX_LV_ENDOCARDIAL	3	1.0	0
23.19406	35.48541	-68.10981	SAX_LV_ENDOCARDIAL	3	1.0	0
25.42174	35.48541	-66.39297	SAX_LV_ENDOCARDIAL	3	1.0	0
27.64943	35.48541	-64.67612	SAX_LV_ENDOCARDIAL	3	1.0	0
29.87712	35.48542	-62.95928	SAX_LV_ENDOCARDIAL	3	1.0	0
32.10481	35.48542	-61.24243	SAX_LV_ENDOCARDIAL	3	1.0	0
34.33250	35.48542	-59.52558	SAX_LV_ENDOCARDIAL	3	1.0	0
36.56019	35.48542	-57.80874	SAX_LV_ENDOCARDIAL	3	1.0	0
38.25675	34.38066	-55.40274	SAX_LV_ENDOCARDIAL	3	1.0	0
39.95332	33.27589	-52.99673	SAX_LV_ENDOCARDIAL	3	1.0	0
41.64989	32.17112	-50.59073	SAX_LV_ENDOCARDIAL	3	1.0	0
43.34646	31.06636	-48.18473	SAX_LV_ENDOCARDIAL	3	1.0	0
44.51190	28.85682	-45.08957	SAX_LV_ENDOCARDIAL	3	1.0	0
44.56351	26.64729	-42.85283	SAX_LV_ENDOCARDIAL	3	1.0	0
45.72895	24.43775	-39.75768	SAX_LV_ENDOCARDIAL	3	1.0	0
45.78055	22.22822	-37.52094	SAX_LV_ENDOCARDIAL	3	1.0	0
45.83216	20.01868	-35.28420	SAX_LV_ENDOCARDIAL	3	1.0	0
44.76992	17.80915	-33.90589	SAX_LV_ENDOCARDIAL	3	1.0	0
43.70767	15.59961	-32.52758	SAX_LV_ENDOCARDIAL	3	1.0	0
43.75928	13.39007	-30.29084	SAX_LV_ENDOCARDIAL	3	1.0	0
41.58319	11.18054	-29.77095	SAX_LV_ENDOCARDIAL	3	1.0	0
40.52095	8.97100	-28.39264	SAX_LV_ENDOCARDIAL	3	1.0	0
39.45871	6.76146	-27.01432	SAX_LV_ENDOCARDIAL	3	1.0	0
38.39646	4.55193	-25.63601	SAX_LV_ENDOCARDIAL	3	1.0	0
36.22038	2.34239	-25.11612	SAX_LV_ENDOCARDIAL	3	1.0	0
34.04429	0.13285	-24.59623	SAX_LV_ENDOCARDIAL	3	1.0	0
31.86821	-2.07669	-24.07634	SAX_LV_ENDOCARDIAL	3	1.0	0
30.80596	-4.28622	-22.69802	SAX_LV_ENDOCARDIAL	3	1.0	0
27.51603	-6.49576	-23.03656	SAX_LV_ENDOCARDIAL	3	1.0	0
24.75722	-7.60053	-24.06424	SAX_LV_ENDOCARDIAL	3	1.0	0
22.52954	-7.60053	-25.78109	SAX_LV_ENDOCARDIAL	3	1.0	0
19.77073	-8.70530	-26.80878	SAX_LV_ENDOCARDIAL	3	1.0	0
17.01192	-9.81008	-27.83647	SAX_LV_ENDOCARDIAL	3	1.0	0
14.78423	-9.81008	-29.55331	SAX_LV_ENDOCARDIAL	3	1.0	0
12.55654	-9.81008	-31.27016	SAX_LV_ENDOCARDIAL	3	1.0	0
10.32885	-9.81008	-32.98701	SAX_LV_ENDOCARDIAL	3	1.0	0
5.49716	-17.54346	-29.02133	RV_INSERT	3	1.0	0
-14.21223	15.59955	-77.16556	RV_INSERT	3	1.0	0
-39.37616	-32.91359	-76.76565	SAX_RV_FREEWALL	4	1.0	0
-41.07272	-31.80882	-79.17166	SAX_RV_FREEWALL	4	1.0	0
-42.76929	-30.70405	-81.57766	SAX_RV_FREEWALL	4	1.0	0
-44.46586	-29.59929	-83.98366	SAX_RV_FREEWALL	4	1.0	0
-46.16243	-28.49452	-86.38966	SAX_RV_FREEWALL	4	1.0	0
-46.21403	-26.28499	-88.62640	SAX_RV_FREEWALL	4	1.0	0
-46.26563	-24.07545	-90.86314	SAX_RV_FREEWALL	4	1.0	0
-46.31723	-21.86591	-93.09987	SAX_RV_FREEWALL	4	1.0	0
-45.25499	-19.65638	-94.47818	SAX_RV_FREEWALL	4	1.0	0
-43.07891	-17.44684	-94.99808	SAX_RV_FREEWALL	4	1.0	0
-39.78898	-15.23730	-94.65954	SAX_RV_FREEWALL	4	1.0	0
-36.49905	-13.02776	-94.32101	SAX_RV_FREEWALL	4	1.0	0
-33.20912	-10.81822	-93.98248	SAX_RV_FREEWALL	4	1.0	0
-29.91918	-8.60869	-93.64395	SAX_RV_FREEWALL	4	1.0	0
-26.62925	-6.39915	-93.30541	SAX_RV_FREEWALL	4	1.0	0
-23.87045	-5.29438	-92.27773	SAX_RV_FREEWALL	4	1.0	0
-20.58051	-3.08484	-91.93919	SAX_RV_FREEWALL	4	1.0	0
-17.29058	-0.87530	-91.60066	SAX_RV_FREEWALL	4	1.0	0
-14.53178	0.22947	-90.57297	SAX_RV_FREEWALL	4	1.0	0
-11.24184	2.43901	-90.23444	SAX_RV_FREEWALL	4	1.0	0
-8.48304	3.54378	-89.20675	SAX_RV_FREEWALL	4	1.0	0
-5.72423	4.64855	-88.17906	SAX_RV_FREEWALL	4	1.0	0
-2.96542	5.75332	-87.15137	SAX_RV_FREEWALL	4	1.0	0
-1.66026	-26.28494	-54.28949	SAX_RV_FREEWALL	4	1.0	0
-4.41907	-27.38971	-55.31718	SAX_RV_FREEWALL	4	1.0	0
-7.17788	-28.49448	-56.34486	SAX_RV_FREEWALL	4	1.0	0
-9.93669	-29.59925	-57.37255	SAX_RV_FREEWALL	4	1.0	0
-12.16438	-29.59925	-59.08940	SAX_RV_FREEWALL	4	1.0	0
-14.92319	-30.70403	-60.11709	SAX_RV_FREEWALL	4	1.0	0
-17.68200	-31.80880	-61.14478	SAX_RV_FREEWALL	4	1.0	0
-19.90968	-31.80880	-62.86162	SAX_RV_FREEWALL	4	1.0	0
-22.66849	-32.91357	-63.88931	SAX_RV_FREEWALL	4	1.0	0
-24.89618	-32.91357	-65.60616	SAX_RV_FREEWALL	4	1.0	0
-27.12387	-32.91357	-67.32300	SAX_RV_FREEWALL	4	1.0	0
-29.35156	-32.91358	-69.03985	SAX_RV_FREEWALL	4	1.0	0
-31.57925	-32.91358	-70.75669	SAX_RV_FREEWALL	4	1.0	0
-33.80694	-32.91358	-72.47354	SAX_RV_FREEWALL	4	1.0	0
-36.03462	-32.91358	-74.19039	SAX_RV_FREEWALL	4	1.0	0
-38.26231	-32.91358	-75.90723	SAX_RV_FREEWALL	4	1.0	0
-30.94492	-36.22788	-66.97238	SAX_RV_EPICARDIAL	4	1.0	0
-32.64149	-35.12311	-69.37838	SAX_RV_EPICARDIAL	4	1.0	0
-34.86918	-35.12312	-71.09523	SAX_RV_EPICARDIAL	4	1.0	0
-37.09687	-35.12312	-72.81207	SAX_RV_EPICARDIAL	4	1.0	0
-39.32455	-35.12312	-74.52892	SAX_RV_EPICARDIAL	4	1.0	0
-41.02112	-34.01835	-76.93492	SAX_RV_EPICARDIAL	4	1.0	0
-43.24881	-34.01836	-78.65177	SAX_RV_EPICARDIAL	4	1.0	0
-44.94538	-32.91359	-81.05777	SAX_RV_EPICARDIAL	4	1.0	0
-46.64195	-31.80882	-83.46377	SAX_RV_EPICARDIAL	4	1.0	0
-47.80739	-29.59929	-86.55893	SAX_RV_EPICARDIAL	4	1.0	0
-48.97284	-27.38976	-89.65409	SAX_RV_EPICARDIAL	4	1.0	0
-49.02444	-25.18022	-91.89082	SAX_RV_EPICARDIAL	4	1.0	0
-49.07604	-22.97069	-94.12756	SAX_RV_EPICARDIAL	4	1.0	0
-48.01380	-20.76115	-95.50587	SAX_RV_EPICARDIAL	4	1.0	0
-46.95156	-18.55161	-96.88419	SAX_RV_EPICARDIAL	4	1.0	0
-44.77547	-16.34207	-97.40408	SAX_RV_EPICARDIAL	4	1.0	0
-41.48554	-14.13254	-97.06555	SAX_RV_EPICARDIAL	4	1.0	0
-38.19561	-11.92300	-96.72701	SAX_RV_EPICARDIAL	4	1.0	0
-34.90568	-9.71346	-96.38848	SAX_RV_EPICARDIAL	4	1.0	0
-32.72960	-7.50392	-96.90837	SAX_RV_EPICARDIAL	4	1.0	0
-29.43967	-5.29438	-96.56984	SAX_RV_EPICARDIAL	4	1.0	0
-26.14974	-3.08484	-96.23131	SAX_RV_EPICARDIAL	4	1.0	0
-22.85981	-0.87530	-95.89278	SAX_RV_EPICARDIAL	4	1.0	0
-20.10100	0.22947	-94.86509	SAX_RV_EPICARDIAL	4	1.0	0
-17.34219	1.33424	-93.83740	SAX_RV_EPICARDIAL	4	1.0	0
-14.05226	3.54378	-93.49887	SAX_RV_EPICARDIAL	4	1.0	0
-11.29345	4.64855	-92.47118	SAX_RV_EPICARDIAL	4	1.0	0
-8.53464	5.75332	-91.44349	SAX_RV_EPICARDIAL	4	1.0	0
-5.77583	6.85809	-90.41580	SAX_RV_EPICARDIAL	4	1.0	0
-3.01702	7.96286	-89.38811	SAX_RV_EPICARDIAL	4	1.0	0
-0.78933	7.96286	-87.67126	SAX_RV_EPICARDIAL	4	1.0	0
-0.73773	5.75332	-85.43453	SAX_RV_EPICARDIAL	4	1.0	0
5.50232	-22.97063	-52.06484	SAX_RV_EPICARDIAL	4	1.0	0
4.44008	-25.18017	-50.68653	SAX_RV_EPICARDIAL	4	1.0	0
1.68127	-26.28494	-51.71422	SAX_RV_EPICARDIAL	4	1.0	0
-1.60866	-28.49448	-52.05275	SAX_RV_EPICARDIAL	4	1.0	0
-4.36747	-29.59925	-53.08044	SAX_RV_EPICARDIAL	4	1.0	0
-7.12628	-30.70402	-54.10813	SAX_RV_EPICARDIAL	4	1.0	0
-9.88509	-31.80879	-55.13582	SAX_RV_EPICARDIAL	4	1.0	0
-12.64390	-32.91356	-56.16351	SAX_RV_EPICARDIAL	4	1.0	0
-14.87158	-32.91356	-57.88035	SAX_RV_EPICARDIAL	4	1.0	0
-17.63039	-34.01833	-58.90804	SAX_RV_EPICARDIAL	4	1.0	0
-20.38920	-35.12310	-59.93573	SAX_RV_EPICARDIAL	4	1.0	0
-22.61689	-35.12310	-61.65257	SAX_RV_EPICARDIAL	4	1.0	0
-24.84458	-35.12311	-63.36942	SAX_RV_EPICARDIAL	4	1.0	0
-27.07227	-35.12311	-65.08627	SAX_RV_EPICARDIAL	4	1.0	0
-29.83108	-36.22788	-66.11396	SAX_RV_EPICARDIAL	4	1.0	0
-1.26885	4.64856	-84.74537	SAX_RV_SEPTUM	4	1.0	0
-2.33109	2.43902	-83.36706	SAX_RV_SEPTUM	4	1.0	0
-3.39333	0.22948	-81.98874	SAX_RV_SEPTUM	4	1.0	0
-4.45557	-1.98005	-80.61043	SAX_RV_SEPTUM	4	1.0	0
-4.40397	-4.18959	-78.37369	SAX_RV_SEPTUM	4	1.0	0
-5.46621	-6.39913	-76.99538	SAX_RV_SEPTUM	4	1.0	0
-5.41461	-8.60866	-74.75864	SAX_RV_SEPTUM	4	1.0	0
-5.36301	-10.81820	-72.52191	SAX_RV_SEPTUM	4	1.0	0
-4.19756	-13.02773	-69.42675	SAX_RV_SEPTUM	4	1.0	0
-3.03212	-15.23727	-66.33159	SAX_RV_SEPTUM	4	1.0	0
-1.86667	-17.44680	-63.23643	SAX_RV_SEPTUM	4	1.0	0
-0.70122	-19.65633	-60.14127	SAX_RV_SEPTUM	4	1.0	0
0.99534	-20.76110	-57.73527	SAX_RV_SEPTUM	4	1.0	0
2.69191	-21.86587	-55.32927	SAX_RV_SEPTUM	4	1.0	0
4.38848	-22.97063	-52.92327	SAX_RV_SEPTUM	4	1.0	0
1.62967	-24.07540	-53.95095	SAX_RV_SEPTUM	4	1.0	0
1.43836	7.96286	-85.95442	SAX_LV_EPICARDIAL	4	1.0	0
3.61444	10.17240	-86.47431	SAX_LV_EPICARDIAL	4	1.0	0
5.79053	12.38194	-86.99420	SAX_LV_EPICARDIAL	4	1.0	0
7.96662	14.59148	-87.51409	SAX_LV_EPICARDIAL	4	1.0	0
11.25655	16.80101	-87.17556	SAX_LV_EPICARDIAL	4	1.0	0
14.54648	19.01055	-86.83703	SAX_LV_EPICARDIAL	4	1.0	0
16.72256	21.22009	-87.35692	SAX_LV_EPICARDIAL	4	1.0	0
20.01249	23.42963	-87.01838	SAX_LV_EPICARDIAL	4	1.0	0
23.30242	25.63917	-86.67985	SAX_LV_EPICARDIAL	4	1.0	0
26.06123	26.74394	-85.65216	SAX_LV_EPICARDIAL	4	1.0	0
28.82004	27.84871	-84.62447	SAX_LV_EPICARDIAL	4	1.0	0
31.04773	27.84871	-82.90763	SAX_LV_EPICARDIAL	4	1.0	0
33.80654	28.95348	-81.87994	SAX_LV_EPICARDIAL	4	1.0	0
36.03423	28.95348	-80.16309	SAX_LV_EPICARDIAL	4	1.0	0
38.26192	28.95349	-78.44625	SAX_LV_EPICARDIAL	4	1.0	0
40.48961	28.95349	-76.72940	SAX_LV_EPICARDIAL	4	1.0	0
42.71729	28.95349	-75.01256	SAX_LV_EPICARDIAL	4	1.0	0
44.41386	27.84872	-72.60656	SAX_LV_EPICARDIAL	4	1.0	0
46.11043	26.74396	-70.20055	SAX_LV_EPICARDIAL	4	1.0	0
47.80700	25.63919	-67.79455	SAX_LV_EPICARDIAL	4	1.0	0
49.50356	24.53443	-65.38855	SAX_LV_EPICARDIAL	4	1.0	0
51.20013	23.42966	-62.98255	SAX_LV_EPICARDIAL	4	1.0	0
52.89670	22.32489	-60.57654	SAX_LV_EPICARDIAL	4	1.0	0
54.06215	20.11536	-57.48138	SAX_LV_EPICARDIAL	4	1.0	0
54.11375	17.90582	-55.24465	SAX_LV_EPICARDIAL	4	1.0	0
54.16535	15.69629	-53.00791	SAX_LV_EPICARDIAL	4	1.0	0
54.21695	13.48675	-50.77118	SAX_LV_EPICARDIAL	4	1.0	0
54.26855	11.27722	-48.53444	SAX_LV_EPICARDIAL	4	1.0	0
54.32016	9.06768	-46.29770	SAX_LV_EPICARDIAL	4	1.0	0
53.25792	6.85815	-44.91939	SAX_LV_EPICARDIAL	4	1.0	0
52.19567	4.64861	-43.54108	SAX_LV_EPICARDIAL	4	1.0	0
51.13343	2.43907	-42.16276	SAX_LV_EPICARDIAL	4	1.0	0
50.07119	0.22954	-40.78445	SAX_LV_EPICARDIAL	4	1.0	0
49.00895	-1.98000	-39.40614	SAX_LV_EPICARDIAL	4	1.0	0
46.83286	-4.18954	-38.88625	SAX_LV_EPICARDIAL	4	1.0	0
45.77062	-6.39907	-37.50793	SAX_LV_EPICARDIAL	4	1.0	0
43.59453	-8.60861	-36.98804	SAX_LV_EPICARDIAL	4	1.0	0
41.41845	-10.81815	-36.46815	SAX_LV_EPICARDIAL	4	1.0	0
39.24236	-13.02769	-35.94826	SAX_LV_EPICARDIAL	4	1.0	0
35.95243	-15.23723	-36.28679	SAX_LV_EPICARDIAL	4	1.0	0
33.19362	-16.34200	-37.31448	SAX_LV_EPICARDIAL	4	1.0	0
29.90369	-18.55154	-37.65301	SAX_LV_EPICARDIAL	4	1.0	0
27.14488	-19.65631	-38.68070	SAX_LV_EPICARDIAL	4	1.0	0
23.85495	-21.86584	-39.01923	SAX_LV_EPICARDIAL	4	1.0	0
21.62726	-21.86585	-40.73608	SAX_LV_EPICARDIAL	4	1.0	0
18.86845	-22.97062	-41.76377	SAX_LV_EPICARDIAL	4	1.0	0
16.64077	-22.97062	-43.48061	SAX_LV_EPICARDIAL	4	1.0	0
14.41308	-22.97062	-45.19746	SAX_LV_EPICARDIAL	4	1.0	0
12.18539	-22.97062	-46.91431	SAX_LV_EPICARDIAL	4	1.0	0
9.95770	-22.97063	-48.63115	SAX_LV_EPICARDIAL	4	1.0	0
7.73001	-22.97063	-50.34800	SAX_LV_EPICARDIAL	4	1.0	0
12.03058	-16.34202	-53.62451	SAX_LV_ENDOCARDIAL	4	1.0	0
10.33401	-15.23725	-56.03052	SAX_LV_ENDOCARDIAL	4	1.0	0
8.63745	-14.13249	-58.43652	SAX_LV_ENDOCARDIAL	4	1.0	0
6.40976	-14.13249	-60.15336	SAX_LV_ENDOCARDIAL	4	1.0	0
5.24431	-11.92295	-63.24852	SAX_LV_ENDOCARDIAL	4	1.0	0
3.54774	-10.81819	-65.65453	SAX_LV_ENDOCARDIAL	4	1.0	0
3.49614	-8.60865	-67.89126	SAX_LV_ENDOCARDIAL	4	1.0	0
3.44454	-6.39912	-70.12800	SAX_LV_ENDOCARDIAL	4	1.0	0
3.39294	-4.18958	-72.36474	SAX_LV_ENDOCARDIAL	4	1.0	0
3.34133	-1.98005	-74.60147	SAX_LV_ENDOCARDIAL	4	1.0	0
4.40358	0.22949	-75.97978	SAX_LV_ENDOCARDIAL	4	1.0	0
5.46582	2.43903	-77.35810	SAX_LV_ENDOCARDIAL	4	1.0	0
6.52806	4.64856	-78.73641	SAX_LV_ENDOCARDIAL	4	1.0	0
7.59030	6.85810	-80.11472	SAX_LV_ENDOCARDIAL	4	1.0	0
8.65254	9.06764	-81.49304	SAX_LV_ENDOCARDIAL	4	1.0	0
10.82863	11.27717	-82.01293	SAX_LV_ENDOCARDIAL	4	1.0	0
13.00472	13.48671	-82.53282	SAX_LV_ENDOCARDIAL	4	1.0	0
16.29465	15.69625	-82.19429	SAX_LV_ENDOCARDIAL	4	1.0	0
19.58458	17.90579	-81.85576	SAX_LV_ENDOCARDIAL	4	1.0	0
22.87451	20.11533	-81.51722	SAX_LV_ENDOCARDIAL	4	1.0	0
25.63332	21.22010	-80.48953	SAX_LV_ENDOCARDIAL	4	1.0	0
27.86100	21.22010	-78.77269	SAX_LV_ENDOCARDIAL	4	1.0	0
30.61981	22.32487	-77.74500	SAX_LV_ENDOCARDIAL	4	1.0	0
32.84750	22.32487	-76.02815	SAX_LV_ENDOCARDIAL	4	1.0	0
35.60631	23.42964	-75.00047	SAX_LV_ENDOCARDIAL	4	1.0	0
37.83400	23.42965	-73.28362	SAX_LV_ENDOCARDIAL	4	1.0	0
39.53057	22.32488	-70.87762	SAX_LV_ENDOCARDIAL	4	1.0	0
41.75826	22.32488	-69.16077	SAX_LV_ENDOCARDIAL	4	1.0	0
43.45482	21.22012	-66.75477	SAX_LV_ENDOCARDIAL	4	1.0	0
45.15139	20.11535	-64.34877	SAX_LV_ENDOCARDIAL	4	1.0	0
46.84796	19.01058	-61.94276	SAX_LV_ENDOCARDIAL	4	1.0	0
48.01341	16.80105	-58.84761	SAX_LV_ENDOCARDIAL	4	1.0	0
48.06501	14.59152	-56.61087	SAX_LV_ENDOCARDIAL	4	1.0	0
49.23045	12.38198	-53.51571	SAX_LV_ENDOCARDIAL	4	1.0	0
49.28206	10.17245	-51.27897	SAX_LV_ENDOCARDIAL	4	1.0	0
48.21981	7.96291	-49.90066	SAX_LV_ENDOCARDIAL	4	1.0	0
48.27142	5.75337	-47.66392	SAX_LV_ENDOCARDIAL	4	1.0	0
47.20918	3.54384	-46.28561	SAX_LV_ENDOCARDIAL	4	1.0	0
46.14693	1.33430	-44.90730	SAX_LV_ENDOCARDIAL	4	1.0	0
43.97085	-0.87524	-44.38741	SAX_LV_ENDOCARDIAL	4	1.0	0
42.90861	-3.08477	-43.00909	SAX_LV_ENDOCARDIAL	4	1.0	0
40.73252	-5.29431	-42.48920	SAX_LV_ENDOCARDIAL	4	1.0	0
38.55643	-7.50385	-41.96931	SAX_LV_ENDOCARDIAL	4	1.0	0
35.26650	-9.71339	-42.30784	SAX_LV_ENDOCARDIAL	4	1.0	0
31.97657	-11.92293	-42.64638	SAX_LV_ENDOCARDIAL	4	1.0	0
29.21776	-13.02770	-43.67407	SAX_LV_ENDOCARDIAL	4	1.0	0
25.92783	-15.23724	-44.01260	SAX_LV_ENDOCARDIAL	4	1.0	0
23.16902	-16.34201	-45.04029	SAX_LV_ENDOCARDIAL	4	1.0	0
20.94134	-16.34201	-46.75713	SAX_LV_ENDOCARDIAL	4	1.0	0
18.71365	-16.34201	-48.47398	SAX_LV_ENDOCARDIAL	4	1.0	0
16.48596	-16.34201	-50.19082	SAX_LV_ENDOCARDIAL	4	1.0	0
14.25827	-16.34202	-51.90767	SAX_LV_ENDOCARDIAL	4	1.0	0
-2.96542	5.75332	-87.15137	RV_INSERT	4	1.0	0
4.38848	-22.97063	-52.92327	RV_INSERT	4	1.0	0
-18.41436	-29.50259	-92.44658	SAX_RV_FREEWALL	5	1.0	0
-20.11093	-28.39783	-94.85258	SAX_RV_FREEWALL	5	1.0	0
-21.80750	-27.29306	-97.25858	SAX_RV_FREEWALL	5	1.0	0
-20.74526	-25.08352	-98.63689	SAX_RV_FREEWALL	5	1.0	0
-18.56917	-22.87399	-99.15679	SAX_RV_FREEWALL	5	1.0	0
-16.39308	-20.66445	-99.67668	SAX_RV_FREEWALL	5	1.0	0
-13.10315	-18.45491	-99.33814	SAX_RV_FREEWALL	5	1.0	0
-10.92707	-16.24537	-99.85803	SAX_RV_FREEWALL	5	1.0	0
-7.63714	-14.03583	-99.51950	SAX_RV_FREEWALL	5	1.0	0
-4.87833	-12.93106	-98.49181	SAX_RV_FREEWALL	5	1.0	0
-1.58840	-10.72152	-98.15328	SAX_RV_FREEWALL	5	1.0	0
1.70153	-8.51198	-97.81475	SAX_RV_FREEWALL	5	1.0	0
4.46034	-7.40721	-96.78706	SAX_RV_FREEWALL	5	1.0	0
7.21915	-6.30244	-95.75937	SAX_RV_FREEWALL	5	1.0	0
9.97796	-5.19767	-94.73168	SAX_RV_FREEWALL	5	1.0	0
8.21469	-25.08349	-76.31790	SAX_RV_FREEWALL	5	1.0	0
5.98700	-25.08350	-78.03475	SAX_RV_FREEWALL	5	1.0	0
3.22819	-26.18827	-79.06244	SAX_RV_FREEWALL	5	1.0	0
1.00051	-26.18827	-80.77928	SAX_RV_FREEWALL	5	1.0	0
-1.22718	-26.18827	-82.49613	SAX_RV_FREEWALL	5	1.0	0
-3.98599	-27.29304	-83.52382	SAX_RV_FREEWALL	5	1.0	0
-6.74480	-28.39781	-84.55151	SAX_RV_FREEWALL	5	1.0	0
-8.97249	-28.39781	-86.26835	SAX_RV_FREEWALL	5	1.0	0
-11.73130	-29.50259	-87.29604	SAX_RV_FREEWALL	5	1.0	0
-13.95899	-29.50259	-89.01289	SAX_RV_FREEWALL	5	1.0	0
-16.18668	-29.50259	-90.72973	SAX_RV_FREEWALL	5	1.0	0
-20.00773	-32.81690	-90.37911	SAX_RV_EPICARDIAL	5	1.0	0
-21.70429	-31.71213	-92.78511	SAX_RV_EPICARDIAL	5	1.0	0
-23.40086	-30.60736	-95.19111	SAX_RV_EPICARDIAL	5	1.0	0
-23.98358	-29.50260	-96.73869	SAX_RV_EPICARDIAL	5	1.0	0
-22.92134	-27.29306	-98.11700	SAX_RV_EPICARDIAL	5	1.0	0
-22.97295	-25.08353	-100.35374	SAX_RV_EPICARDIAL	5	1.0	0
-21.91070	-22.87399	-101.73205	SAX_RV_EPICARDIAL	5	1.0	0
-18.62077	-20.66445	-101.39352	SAX_RV_EPICARDIAL	5	1.0	0
-16.44469	-18.45491	-101.91341	SAX_RV_EPICARDIAL	5	1.0	0
-13.15476	-16.24537	-101.57488	SAX_RV_EPICARDIAL	5	1.0	0
-10.97867	-14.03584	-102.09477	SAX_RV_EPICARDIAL	5	1.0	0
-7.68874	-11.82630	-101.75624	SAX_RV_EPICARDIAL	5	1.0	0
-4.92993	-10.72153	-100.72855	SAX_RV_EPICARDIAL	5	1.0	0
-1.64000	-8.51199	-100.39002	SAX_RV_EPICARDIAL	5	1.0	0
1.64993	-6.30245	-100.05149	SAX_RV_EPICARDIAL	5	1.0	0
4.40874	-5.19768	-99.02380	SAX_RV_EPICARDIAL	5	1.0	0
7.16755	-4.09291	-97.99611	SAX_RV_EPICARDIAL	5	1.0	0
9.92636	-2.98814	-96.96842	SAX_RV_EPICARDIAL	5	1.0	0
12.15405	-2.98814	-95.25157	SAX_RV_EPICARDIAL	5	1.0	0
12.20565	-5.19767	-93.01484	SAX_RV_EPICARDIAL	5	1.0	0
13.20119	-23.97872	-73.57337	SAX_RV_EPICARDIAL	5	1.0	0
14.89776	-25.08349	-71.16736	SAX_RV_EPICARDIAL	5	1.0	0
12.13895	-26.18826	-72.19505	SAX_RV_EPICARDIAL	5	1.0	0
9.91126	-26.18826	-73.91190	SAX_RV_EPICARDIAL	5	1.0	0
7.15245	-27.29303	-74.93959	SAX_RV_EPICARDIAL	5	1.0	0
4.92476	-27.29303	-76.65643	SAX_RV_EPICARDIAL	5	1.0	0
2.16595	-28.39780	-77.68412	SAX_RV_EPICARDIAL	5	1.0	0
-0.06174	-28.39781	-79.40097	SAX_RV_EPICARDIAL	5	1.0	0
-2.28942	-28.39781	-81.11781	SAX_RV_EPICARDIAL	5	1.0	0
-5.04823	-29.50258	-82.14550	SAX_RV_EPICARDIAL	5	1.0	0
-7.80704	-30.60735	-83.17319	SAX_RV_EPICARDIAL	5	1.0	0
-10.03473	-30.60735	-84.89004	SAX_RV_EPICARDIAL	5	1.0	0
-12.79354	-31.71212	-85.91773	SAX_RV_EPICARDIAL	5	1.0	0
-15.55235	-32.81689	-86.94542	SAX_RV_EPICARDIAL	5	1.0	0
-17.78004	-32.81689	-88.66226	SAX_RV_EPICARDIAL	5	1.0	0
12.20565	-5.19767	-93.01484	SAX_RV_SEPTUM	5	1.0	0
12.25725	-7.40721	-90.77810	SAX_RV_SEPTUM	5	1.0	0
11.19501	-9.61674	-89.39979	SAX_RV_SEPTUM	5	1.0	0
10.13277	-11.82628	-88.02147	SAX_RV_SEPTUM	5	1.0	0
9.07053	-14.03582	-86.64316	SAX_RV_SEPTUM	5	1.0	0
9.12213	-16.24535	-84.40642	SAX_RV_SEPTUM	5	1.0	0
10.28757	-18.45489	-81.31126	SAX_RV_SEPTUM	5	1.0	0
10.33918	-20.66442	-79.07453	SAX_RV_SEPTUM	5	1.0	0
11.50462	-22.87396	-75.97937	SAX_RV_SEPTUM	5	1.0	0
13.20119	-23.97872	-73.57337	SAX_RV_SEPTUM	5	1.0	0
10.97350	-23.97872	-75.29021	SAX_RV_SEPTUM	5	1.0	0
18.82201	-26.18825	-67.04452	SAX_LV_EPICARDIAL	5	1.0	0
17.12545	-25.08349	-69.45052	SAX_LV_EPICARDIAL	5	1.0	0
16.02670	-1.88336	-93.36546	SAX_LV_EPICARDIAL	5	1.0	0
18.20279	0.32617	-93.88535	SAX_LV_EPICARDIAL	5	1.0	0
20.37887	2.53571	-94.40524	SAX_LV_EPICARDIAL	5	1.0	0
23.66880	4.74525	-94.06671	SAX_LV_EPICARDIAL	5	1.0	0
26.95873	6.95479	-93.72818	SAX_LV_EPICARDIAL	5	1.0	0
29.71754	8.05956	-92.70049	SAX_LV_EPICARDIAL	5	1.0	0
32.47635	9.16433	-91.67280	SAX_LV_EPICARDIAL	5	1.0	0
35.23516	10.26910	-90.64511	SAX_LV_EPICARDIAL	5	1.0	0
37.46285	10.26910	-88.92827	SAX_LV_EPICARDIAL	5	1.0	0
39.69054	10.26910	-87.21142	SAX_LV_EPICARDIAL	5	1.0	0
41.91823	10.26911	-85.49457	SAX_LV_EPICARDIAL	5	1.0	0
44.14591	10.26911	-83.77773	SAX_LV_EPICARDIAL	5	1.0	0
45.84248	9.16434	-81.37173	SAX_LV_EPICARDIAL	5	1.0	0
48.07017	9.16435	-79.65488	SAX_LV_EPICARDIAL	5	1.0	0
49.76674	8.05958	-77.24888	SAX_LV_EPICARDIAL	5	1.0	0
51.46331	6.95481	-74.84288	SAX_LV_EPICARDIAL	5	1.0	0
53.15987	5.85005	-72.43687	SAX_LV_EPICARDIAL	5	1.0	0
54.32532	3.64051	-69.34171	SAX_LV_EPICARDIAL	5	1.0	0
55.49077	1.43098	-66.24656	SAX_LV_EPICARDIAL	5	1.0	0
55.54237	-0.77856	-64.00982	SAX_LV_EPICARDIAL	5	1.0	0
54.48013	-2.98809	-62.63151	SAX_LV_EPICARDIAL	5	1.0	0
53.41788	-5.19763	-61.25319	SAX_LV_EPICARDIAL	5	1.0	0
52.35564	-7.40717	-59.87488	SAX_LV_EPICARDIAL	5	1.0	0
51.29340	-9.61670	-58.49657	SAX_LV_EPICARDIAL	5	1.0	0
50.23116	-11.82624	-57.11825	SAX_LV_EPICARDIAL	5	1.0	0
49.16892	-14.03578	-55.73994	SAX_LV_EPICARDIAL	5	1.0	0
46.99283	-16.24531	-55.22005	SAX_LV_EPICARDIAL	5	1.0	0
43.70290	-18.45485	-55.55858	SAX_LV_EPICARDIAL	5	1.0	0
41.52681	-20.66439	-55.03869	SAX_LV_EPICARDIAL	5	1.0	0
38.23688	-22.87393	-55.37722	SAX_LV_EPICARDIAL	5	1.0	0
35.47808	-23.97870	-56.40491	SAX_LV_EPICARDIAL	5	1.0	0
32.71927	-25.08347	-57.43260	SAX_LV_EPICARDIAL	5	1.0	0
30.49158	-25.08347	-59.14945	SAX_LV_EPICARDIAL	5	1.0	0
27.73277	-26.18824	-60.17713	SAX_LV_EPICARDIAL	5	1.0	0
25.50508	-26.18825	-61.89398	SAX_LV_EPICARDIAL	5	1.0	0
23.27739	-26.18825	-63.61083	SAX_LV_EPICARDIAL	5	1.0	0
21.04970	-26.18825	-65.32767	SAX_LV_EPICARDIAL	5	1.0	0
22.59146	-20.66441	-69.63188	SAX_LV_ENDOCARDIAL	5	1.0	0
20.89490	-19.55964	-72.03788	SAX_LV_ENDOCARDIAL	5	1.0	0
19.19833	-18.45488	-74.44388	SAX_LV_ENDOCARDIAL	5	1.0	0
17.50176	-17.35011	-76.84988	SAX_LV_ENDOCARDIAL	5	1.0	0
16.33631	-15.14058	-79.94504	SAX_LV_ENDOCARDIAL	5	1.0	0
16.28471	-12.93104	-82.18178	SAX_LV_ENDOCARDIAL	5	1.0	0
16.23311	-10.72151	-84.41852	SAX_LV_ENDOCARDIAL	5	1.0	0
17.29535	-8.51197	-85.79683	SAX_LV_ENDOCARDIAL	5	1.0	0
18.35759	-6.30243	-87.17514	SAX_LV_ENDOCARDIAL	5	1.0	0
19.41983	-4.09290	-88.55346	SAX_LV_ENDOCARDIAL	5	1.0	0
21.59592	-1.88336	-89.07335	SAX_LV_ENDOCARDIAL	5	1.0	0
24.88585	0.32618	-88.73482	SAX_LV_ENDOCARDIAL	5	1.0	0
28.17578	2.53572	-88.39628	SAX_LV_ENDOCARDIAL	5	1.0	0
30.93459	3.64049	-87.36859	SAX_LV_ENDOCARDIAL	5	1.0	0
33.69340	4.74526	-86.34090	SAX_LV_ENDOCARDIAL	5	1.0	0
35.92109	4.74526	-84.62406	SAX_LV_ENDOCARDIAL	5	1.0	0
38.67990	5.85003	-83.59637	SAX_LV_ENDOCARDIAL	5	1.0	0
40.37647	4.74527	-81.19037	SAX_LV_ENDOCARDIAL	5	1.0	0
42.60415	4.74527	-79.47352	SAX_LV_ENDOCARDIAL	5	1.0	0
44.30072	3.64050	-77.06752	SAX_LV_ENDOCARDIAL	5	1.0	0
46.52841	3.64051	-75.35067	SAX_LV_ENDOCARDIAL	5	1.0	0
47.69386	1.43097	-72.25552	SAX_LV_ENDOCARDIAL	5	1.0	0
48.85930	-0.77856	-69.16036	SAX_LV_ENDOCARDIAL	5	1.0	0
48.91091	-2.98810	-66.92362	SAX_LV_ENDOCARDIAL	5	1.0	0
48.96251	-5.19763	-64.68688	SAX_LV_ENDOCARDIAL	5	1.0	0
47.90027	-7.40717	-63.30857	SAX_LV_ENDOCARDIAL	5	1.0	0
46.83802	-9.61671	-61.93026	SAX_LV_ENDOCARDIAL	5	1.0	0
44.66194	-11.82625	-61.41037	SAX_LV_ENDOCARDIAL	5	1.0	0
42.48585	-14.03578	-60.89048	SAX_LV_ENDOCARDIAL	5	1.0	0
39.19592	-16.24532	-61.22901	SAX_LV_ENDOCARDIAL	5	1.0	0
37.55096	-17.35009	-61.39827	SAX_LV_ENDOCARDIAL	5	1.0	0
34.26103	-19.55963	-61.73681	SAX_LV_ENDOCARDIAL	5	1.0	0
32.03334	-19.55963	-63.45365	SAX_LV_ENDOCARDIAL	5	1.0	0
29.27453	-20.66440	-64.48134	SAX_LV_ENDOCARDIAL	5	1.0	0
27.04684	-20.66440	-66.19819	SAX_LV_ENDOCARDIAL	5	1.0	0
24.81915	-20.66441	-67.91503	SAX_LV_ENDOCARDIAL	5	1.0	0
12.20565	-5.19767	-93.01484	RV_INSERT	5	1.0	0
13.20119	-23.97872	-73.57337	RV_INSERT	5	1.0	0
7.05541	-28.30213	-102.45707	SAX_RV_FREEWALL	6	1.0	0
5.88996	-26.09260	-105.55223	SAX_RV_FREEWALL	6	1.0	0
5.83836	-23.88306	-107.78897	SAX_RV_FREEWALL	6	1.0	0
6.90060	-21.67352	-109.16728	SAX_RV_FREEWALL	6	1.0	0
10.19053	-19.46398	-108.82875	SAX_RV_FREEWALL	6	1.0	0
12.94934	-18.35921	-107.80106	SAX_RV_FREEWALL	6	1.0	0
15.70815	-17.25444	-106.77337	SAX_RV_FREEWALL	6	1.0	0
18.46696	-16.14967	-105.74568	SAX_RV_FREEWALL	6	1.0	0
21.22577	-15.04490	-104.71799	SAX_RV_FREEWALL	6	1.0	0
15.96616	-28.30212	-95.58969	SAX_RV_FREEWALL	6	1.0	0
13.73847	-28.30212	-97.30654	SAX_RV_FREEWALL	6	1.0	0
11.51079	-28.30213	-99.02338	SAX_RV_FREEWALL	6	1.0	0
9.28310	-28.30213	-100.74023	SAX_RV_FREEWALL	6	1.0	0
5.99317	-30.51167	-101.07876	SAX_RV_EPICARDIAL	6	1.0	0
4.29660	-29.40690	-103.48476	SAX_RV_EPICARDIAL	6	1.0	0
3.13115	-27.19737	-106.57992	SAX_RV_EPICARDIAL	6	1.0	0
3.07955	-24.98783	-108.81666	SAX_RV_EPICARDIAL	6	1.0	0
4.14179	-22.77829	-110.19497	SAX_RV_EPICARDIAL	6	1.0	0
5.20403	-20.56876	-111.57328	SAX_RV_EPICARDIAL	6	1.0	0
8.49396	-18.35922	-111.23475	SAX_RV_EPICARDIAL	6	1.0	0
11.25277	-17.25445	-110.20706	SAX_RV_EPICARDIAL	6	1.0	0
14.01158	-16.14968	-109.17937	SAX_RV_EPICARDIAL	6	1.0	0
16.23927	-16.14968	-107.46253	SAX_RV_EPICARDIAL	6	1.0	0
21.75689	-13.94013	-105.40715	SAX_RV_EPICARDIAL	6	1.0	0
20.95266	-27.19735	-92.84516	SAX_RV_EPICARDIAL	6	1.0	0
21.53538	-28.30212	-91.29758	SAX_RV_EPICARDIAL	6	1.0	0
18.77657	-29.40689	-92.32526	SAX_RV_EPICARDIAL	6	1.0	0
16.54889	-29.40689	-94.04211	SAX_RV_EPICARDIAL	6	1.0	0
14.32120	-29.40689	-95.75896	SAX_RV_EPICARDIAL	6	1.0	0
11.56239	-30.51166	-96.78664	SAX_RV_EPICARDIAL	6	1.0	0
9.33470	-30.51166	-98.50349	SAX_RV_EPICARDIAL	6	1.0	0
7.10701	-30.51167	-100.22034	SAX_RV_EPICARDIAL	6	1.0	0
23.98458	-13.94013	-103.69030	SAX_RV_SEPTUM	6	1.0	0
22.92234	-16.14967	-102.31199	SAX_RV_SEPTUM	6	1.0	0
21.86010	-18.35921	-100.93368	SAX_RV_SEPTUM	6	1.0	0
20.79785	-20.56874	-99.55536	SAX_RV_SEPTUM	6	1.0	0
20.84946	-22.77828	-97.31863	SAX_RV_SEPTUM	6	1.0	0
20.90106	-24.98781	-95.08189	SAX_RV_SEPTUM	6	1.0	0
18.72497	-27.19735	-94.56200	SAX_RV_SEPTUM	6	1.0	0
27.15621	-30.51165	-84.76873	SAX_LV_EPICARDIAL	6	1.0	0
25.45964	-29.40688	-87.17473	SAX_LV_EPICARDIAL	6	1.0	0
23.76307	-28.30211	-89.58073	SAX_LV_EPICARDIAL	6	1.0	0
30.03332	-10.62582	-102.32408	SAX_LV_EPICARDIAL	6	1.0	0
33.32325	-8.41628	-101.98555	SAX_LV_EPICARDIAL	6	1.0	0
36.08206	-7.31151	-100.95786	SAX_LV_EPICARDIAL	6	1.0	0
38.30975	-7.31151	-99.24102	SAX_LV_EPICARDIAL	6	1.0	0
41.06856	-6.20674	-98.21333	SAX_LV_EPICARDIAL	6	1.0	0
43.29624	-6.20674	-96.49648	SAX_LV_EPICARDIAL	6	1.0	0
44.99281	-7.31150	-94.09048	SAX_LV_EPICARDIAL	6	1.0	0
47.22050	-7.31150	-92.37363	SAX_LV_EPICARDIAL	6	1.0	0
48.91707	-8.41627	-89.96763	SAX_LV_EPICARDIAL	6	1.0	0
50.08251	-10.62580	-86.87247	SAX_LV_EPICARDIAL	6	1.0	0
50.13412	-12.83534	-84.63574	SAX_LV_EPICARDIAL	6	1.0	0
49.07188	-15.04488	-83.25742	SAX_LV_EPICARDIAL	6	1.0	0
49.12348	-17.25441	-81.02069	SAX_LV_EPICARDIAL	6	1.0	0
48.06124	-19.46395	-79.64237	SAX_LV_EPICARDIAL	6	1.0	0
46.99899	-21.67348	-78.26406	SAX_LV_EPICARDIAL	6	1.0	0
44.82291	-23.88302	-77.74417	SAX_LV_EPICARDIAL	6	1.0	0
42.64682	-26.09256	-77.22428	SAX_LV_EPICARDIAL	6	1.0	0
39.35689	-28.30210	-77.56281	SAX_LV_EPICARDIAL	6	1.0	0
36.59808	-29.40687	-78.59050	SAX_LV_EPICARDIAL	6	1.0	0
34.37039	-29.40687	-80.30735	SAX_LV_EPICARDIAL	6	1.0	0
31.61158	-30.51164	-81.33503	SAX_LV_EPICARDIAL	6	1.0	0
29.38390	-30.51164	-83.05188	SAX_LV_EPICARDIAL	6	1.0	0
29.28069	-26.09257	-87.52535	SAX_LV_ENDOCARDIAL	6	1.0	0
27.58412	-24.98781	-89.93135	SAX_LV_ENDOCARDIAL	6	1.0	0
27.53252	-22.77827	-92.16809	SAX_LV_ENDOCARDIAL	6	1.0	0
26.36707	-20.56874	-95.26325	SAX_LV_ENDOCARDIAL	6	1.0	0
27.42932	-18.35920	-96.64156	SAX_LV_ENDOCARDIAL	6	1.0	0
28.49156	-16.14966	-98.01988	SAX_LV_ENDOCARDIAL	6	1.0	0
29.55380	-13.94013	-99.39819	SAX_LV_ENDOCARDIAL	6	1.0	0
32.84373	-11.73059	-99.05966	SAX_LV_ENDOCARDIAL	6	1.0	0
35.60254	-10.62582	-98.03197	SAX_LV_ENDOCARDIAL	6	1.0	0
38.36135	-9.52105	-97.00428	SAX_LV_ENDOCARDIAL	6	1.0	0
40.58904	-9.52104	-95.28743	SAX_LV_ENDOCARDIAL	6	1.0	0
42.28560	-10.62581	-92.88143	SAX_LV_ENDOCARDIAL	6	1.0	0
43.98217	-11.73058	-90.47543	SAX_LV_ENDOCARDIAL	6	1.0	0
44.03377	-13.94011	-88.23869	SAX_LV_ENDOCARDIAL	6	1.0	0
44.08538	-16.14965	-86.00196	SAX_LV_ENDOCARDIAL	6	1.0	0
44.13698	-18.35918	-83.76522	SAX_LV_ENDOCARDIAL	6	1.0	0
43.07474	-20.56872	-82.38691	SAX_LV_ENDOCARDIAL	6	1.0	0
40.89865	-22.77826	-81.86702	SAX_LV_ENDOCARDIAL	6	1.0	0
38.72257	-24.98780	-81.34713	SAX_LV_ENDOCARDIAL	6	1.0	0
35.96376	-26.09257	-82.37482	SAX_LV_ENDOCARDIAL	6	1.0	0
33.73607	-26.09257	-84.09166	SAX_LV_ENDOCARDIAL	6	1.0	0
31.50838	-26.09257	-85.80851	SAX_LV_ENDOCARDIAL	6	1.0	0
23.98458	-13.94013	-103.69030	RV_INSERT	6	1.0	0
18.72497	-27.19735	-94.56200	RV_INSERT	6	1.0	0
10.90156	15.84161	-15.68217	LAX_LV_ENDOCARDIAL	9	1.0	0
12.70435	13.67328	-17.07356	LAX_LV_ENDOCARDIAL	9	1.0	0
14.50714	11.50494	-18.46494	LAX_LV_ENDOCARDIAL	9	1.0	0
16.25489	9.30145	-18.45160	LAX_LV_ENDOCARDIAL	9	1.0	0
18.05768	7.13312	-19.84299	LAX_LV_ENDOCARDIAL	9	1.0	0
19.80543	4.92963	-19.82964	LAX_LV_ENDOCARDIAL	9	1.0	0
21.55317	2.72614	-19.81629	LAX_LV_ENDOCARDIAL	9	1.0	0
23.30092	0.52266	-19.80295	LAX_LV_ENDOCARDIAL	9	1.0	0
25.10371	-1.64568	-21.19434	LAX_LV_ENDOCARDIAL	9	1.0	0
26.96155	-3.77886	-23.99045	LAX_LV_ENDOCARDIAL	9	1.0	0
28.81938	-5.91204	-26.78657	LAX_LV_ENDOCARDIAL	9	1.0	0
30.67722	-8.04523	-29.58269	LAX_LV_ENDOCARDIAL	9	1.0	0
30.78731	-7.97492	-32.39216	LAX_LV_ENDOCARDIAL	9	1.0	0
31.77127	-9.00636	-35.19495	LAX_LV_ENDOCARDIAL	9	1.0	0
32.75523	-10.03780	-37.99774	LAX_LV_ENDOCARDIAL	9	1.0	0
33.73919	-11.06924	-40.80054	LAX_LV_ENDOCARDIAL	9	1.0	0
33.84928	-10.99894	-43.61000	LAX_LV_ENDOCARDIAL	9	1.0	0
34.83324	-12.03038	-46.41279	LAX_LV_ENDOCARDIAL	9	1.0	0
35.81721	-13.06182	-49.21559	LAX_LV_ENDOCARDIAL	9	1.0	0
36.80117	-14.09326	-52.01838	LAX_LV_ENDOCARDIAL	9	1.0	0
37.78513	-15.12470	-54.82117	LAX_LV_ENDOCARDIAL	9	1.0	0
38.76909	-16.15614	-57.62396	LAX_LV_ENDOCARDIAL	9	1.0	0
39.75306	-17.18758	-60.42676	LAX_LV_ENDOCARDIAL	9	1.0	0
39.86315	-17.11727	-63.23622	LAX_LV_ENDOCARDIAL	9	1.0	0
40.84711	-18.14871	-66.03901	LAX_LV_ENDOCARDIAL	9	1.0	0
41.83107	-19.18015	-68.84181	LAX_LV_ENDOCARDIAL	9	1.0	0
41.94116	-19.10985	-71.65127	LAX_LV_ENDOCARDIAL	9	1.0	0
42.05125	-19.03954	-74.46074	LAX_LV_ENDOCARDIAL	9	1.0	0
43.03521	-20.07098	-77.26353	LAX_LV_ENDOCARDIAL	9	1.0	0
43.14530	-20.00068	-80.07299	LAX_LV_ENDOCARDIAL	9	1.0	0
43.25539	-19.93038	-82.88246	LAX_LV_ENDOCARDIAL	9	1.0	0
43.36548	-19.86007	-85.69193	LAX_LV_ENDOCARDIAL	9	1.0	0
42.60169	-18.68803	-88.50806	LAX_LV_ENDOCARDIAL	9	1.0	0
42.71178	-18.61772	-91.31753	LAX_LV_ENDOCARDIAL	9	1.0	0
41.94800	-17.44567	-94.13367	LAX_LV_ENDOCARDIAL	9	1.0	0
41.18422	-16.27363	-96.94981	LAX_LV_ENDOCARDIAL	9	1.0	0
39.49151	-14.03499	-98.36788	LAX_LV_ENDOCARDIAL	9	1.0	0
37.79881	-11.79635	-99.78596	LAX_LV_ENDOCARDIAL	9	1.0	0
35.99602	-9.62801	-98.39458	LAX_LV_ENDOCARDIAL	9	1.0	0
34.19323	-7.45968	-97.00319	LAX_LV_ENDOCARDIAL	9	1.0	0
32.39044	-5.29134	-95.61180	LAX_LV_ENDOCARDIAL	9	1.0	0
30.58765	-3.12301	-94.22041	LAX_LV_ENDOCARDIAL	9	1.0	0
28.78486	-0.95467	-92.82903	LAX_LV_ENDOCARDIAL	9	1.0	0
26.98206	1.21366	-91.43764	LAX_LV_ENDOCARDIAL	9	1.0	0
25.23432	3.41715	-91.45099	LAX_LV_ENDOCARDIAL	9	1.0	0
23.43153	5.58548	-90.05960	LAX_LV_ENDOCARDIAL	9	1.0	0
21.62874	7.75382	-88.66821	LAX_LV_ENDOCARDIAL	9	1.0	0
19.82594	9.92215	-87.27683	LAX_LV_ENDOCARDIAL	9	1.0	0
18.02315	12.09049	-85.88544	LAX_LV_ENDOCARDIAL	9	1.0	0
16.22036	14.25882	-84.49405	LAX_LV_ENDOCARDIAL	9	1.0	0
14.47262	16.46231	-84.50740	LAX_LV_ENDOCARDIAL	9	1.0	0
12.66982	18.63064	-83.11601	LAX_LV_ENDOCARDIAL	9	1.0	0
10.86703	20.79898	-81.72462	LAX_LV_ENDOCARDIAL	9	1.0	0
9.00920	22.93216	-78.92850	LAX_LV_ENDOCARDIAL	9	1.0	0
7.20641	25.10050	-77.53712	LAX_LV_ENDOCARDIAL	9	1.0	0
5.40362	27.26883	-76.14573	LAX_LV_ENDOCARDIAL	9	1.0	0
3.60082	29.43717	-74.75434	LAX_LV_ENDOCARDIAL	9	1.0	0
1.74299	31.57035	-71.95822	LAX_LV_ENDOCARDIAL	9	1.0	0
-0.05980	33.73869	-70.56684	LAX_LV_ENDOCARDIAL	9	1.0	0
-1.91764	35.87187	-67.77072	LAX_LV_ENDOCARDIAL	9	1.0	0
-2.90160	36.90331	-64.96793	LAX_LV_ENDOCARDIAL	9	1.0	0
-3.88556	37.93475	-62.16513	LAX_LV_ENDOCARDIAL	9	1.0	0
-4.86953	38.96619	-59.36234	LAX_LV_ENDOCARDIAL	9	1.0	0
-5.85349	39.99763	-56.55955	LAX_LV_ENDOCARDIAL	9	1.0	0
-6.83745	41.02907	-53.75676	LAX_LV_ENDOCARDIAL	9	1.0	0
-7.82141	42.06051	-50.95396	LAX_LV_ENDOCARDIAL	9	1.0	0
5.65832	22.45207	-15.72221	LAX_LV_ENDOCARDIAL	9	1.0	0
7.40607	20.24858	-15.70886	LAX_LV_ENDOCARDIAL	9	1.0	0
9.15381	18.04510	-15.69552	LAX_LV_ENDOCARDIAL	9	1.0	0
15.92462	9.09054	-10.02320	LAX_LV_EPICARDIAL	9	1.0	0
17.72741	6.92221	-11.41459	LAX_LV_EPICARDIAL	9	1.0	0
19.53020	4.75387	-12.80598	LAX_LV_EPICARDIAL	9	1.0	0
21.27795	2.55038	-12.79263	LAX_LV_EPICARDIAL	9	1.0	0
23.08074	0.38205	-14.18402	LAX_LV_EPICARDIAL	9	1.0	0
24.88353	-1.78629	-15.57540	LAX_LV_EPICARDIAL	9	1.0	0
26.68632	-3.95462	-16.96679	LAX_LV_EPICARDIAL	9	1.0	0
28.48911	-6.12295	-18.35818	LAX_LV_EPICARDIAL	9	1.0	0
30.34695	-8.25614	-21.15430	LAX_LV_EPICARDIAL	9	1.0	0
32.20479	-10.38932	-23.95042	LAX_LV_EPICARDIAL	9	1.0	0
34.06262	-12.52250	-26.74654	LAX_LV_EPICARDIAL	9	1.0	0
35.04658	-13.55394	-29.54933	LAX_LV_EPICARDIAL	9	1.0	0
36.03055	-14.58538	-32.35212	LAX_LV_EPICARDIAL	9	1.0	0
37.01451	-15.61682	-35.15491	LAX_LV_EPICARDIAL	9	1.0	0
37.99847	-16.64826	-37.95771	LAX_LV_EPICARDIAL	9	1.0	0
38.98243	-17.67970	-40.76050	LAX_LV_EPICARDIAL	9	1.0	0
39.09252	-17.60940	-43.56996	LAX_LV_EPICARDIAL	9	1.0	0
40.07648	-18.64084	-46.37276	LAX_LV_EPICARDIAL	9	1.0	0
41.06045	-19.67228	-49.17555	LAX_LV_EPICARDIAL	9	1.0	0
42.04441	-20.70372	-51.97834	LAX_LV_EPICARDIAL	9	1.0	0
43.02837	-21.73516	-54.78113	LAX_LV_EPICARDIAL	9	1.0	0
43.13846	-21.66485	-57.59060	LAX_LV_EPICARDIAL	9	1.0	0
44.12242	-22.69629	-60.39339	LAX_LV_EPICARDIAL	9	1.0	0
45.10639	-23.72773	-63.19618	LAX_LV_EPICARDIAL	9	1.0	0
45.21647	-23.65743	-66.00565	LAX_LV_EPICARDIAL	9	1.0	0
46.20044	-24.68887	-68.80844	LAX_LV_EPICARDIAL	9	1.0	0
46.31053	-24.61857	-71.61791	LAX_LV_EPICARDIAL	9	1.0	0
46.42062	-24.54826	-74.42737	LAX_LV_EPICARDIAL	9	1.0	0
46.53070	-24.47796	-77.23684	LAX_LV_EPICARDIAL	9	1.0	0
46.64079	-24.40765	-80.04630	LAX_LV_EPICARDIAL	9	1.0	0
46.75088	-24.33735	-82.85577	LAX_LV_EPICARDIAL	9	1.0	0
46.86097	-24.26705	-85.66523	LAX_LV_EPICARDIAL	9	1.0	0
46.09719	-23.09500	-88.48137	LAX_LV_EPICARDIAL	9	1.0	0
45.33340	-21.92295	-91.29751	LAX_LV_EPICARDIAL	9	1.0	0
45.44349	-21.85265	-94.10698	LAX_LV_EPICARDIAL	9	1.0	0
44.67971	-20.68060	-96.92311	LAX_LV_EPICARDIAL	9	1.0	0
43.91592	-19.50855	-99.73925	LAX_LV_EPICARDIAL	9	1.0	0
42.27827	-17.23476	-102.56206	LAX_LV_EPICARDIAL	9	1.0	0
40.58556	-14.99612	-103.98014	LAX_LV_EPICARDIAL	9	1.0	0
38.83782	-12.79264	-103.99349	LAX_LV_EPICARDIAL	9	1.0	0
37.09007	-10.58915	-104.00683	LAX_LV_EPICARDIAL	9	1.0	0
35.34233	-8.38566	-104.02018	LAX_LV_EPICARDIAL	9	1.0	0
33.53953	-6.21733	-102.62879	LAX_LV_EPICARDIAL	9	1.0	0
31.73674	-4.04899	-101.23741	LAX_LV_EPICARDIAL	9	1.0	0
29.93395	-1.88066	-99.84602	LAX_LV_EPICARDIAL	9	1.0	0
28.13116	0.28768	-98.45463	LAX_LV_EPICARDIAL	9	1.0	0
26.38341	2.49116	-98.46798	LAX_LV_EPICARDIAL	9	1.0	0
24.58062	4.65950	-97.07659	LAX_LV_EPICARDIAL	9	1.0	0
22.83288	6.86299	-97.08994	LAX_LV_EPICARDIAL	9	1.0	0
21.03009	9.03132	-95.69855	LAX_LV_EPICARDIAL	9	1.0	0
19.22729	11.19966	-94.30716	LAX_LV_EPICARDIAL	9	1.0	0
17.42450	13.36799	-92.91578	LAX_LV_EPICARDIAL	9	1.0	0
15.62171	15.53633	-91.52439	LAX_LV_EPICARDIAL	9	1.0	0
13.81892	17.70466	-90.13300	LAX_LV_EPICARDIAL	9	1.0	0
12.07117	19.90815	-90.14635	LAX_LV_EPICARDIAL	9	1.0	0
10.26838	22.07648	-88.75496	LAX_LV_EPICARDIAL	9	1.0	0
8.46559	24.24482	-87.36357	LAX_LV_EPICARDIAL	9	1.0	0
6.66280	26.41315	-85.97219	LAX_LV_EPICARDIAL	9	1.0	0
4.86001	28.58149	-84.58080	LAX_LV_EPICARDIAL	9	1.0	0
3.05722	30.74982	-83.18941	LAX_LV_EPICARDIAL	9	1.0	0
1.25443	32.91816	-81.79803	LAX_LV_EPICARDIAL	9	1.0	0
-0.60341	35.05134	-79.00191	LAX_LV_EPICARDIAL	9	1.0	0
-2.40620	37.21968	-77.61052	LAX_LV_EPICARDIAL	9	1.0	0
-4.20899	39.38801	-76.21913	LAX_LV_EPICARDIAL	9	1.0	0
-6.06683	41.52119	-73.42301	LAX_LV_EPICARDIAL	9	1.0	0
-7.05079	42.55263	-70.62022	LAX_LV_EPICARDIAL	9	1.0	0
-8.03475	43.58407	-67.81743	LAX_LV_EPICARDIAL	9	1.0	0
-9.01871	44.61551	-65.01464	LAX_LV_EPICARDIAL	9	1.0	0
-9.12880	44.54521	-62.20517	LAX_LV_EPICARDIAL	9	1.0	0
-10.11276	45.57665	-59.40238	LAX_LV_EPICARDIAL	9	1.0	0
-9.34898	44.40460	-56.58624	LAX_LV_EPICARDIAL	9	1.0	0
-9.45907	44.33430	-53.77678	LAX_LV_EPICARDIAL	9	1.0	0
-7.82141	42.06051	-50.95396	LAX_LV_EPICARDIAL	9	1.0	0
6.36706	21.24487	-11.50134	LAX_LV_EPICARDIAL	9	1.0	0
8.05976	19.00623	-10.08326	LAX_LV_EPICARDIAL	9	1.0	0
9.80751	16.80275	-10.06991	LAX_LV_EPICARDIAL	9	1.0	0
11.55525	14.59926	-10.05657	LAX_LV_EPICARDIAL	9	1.0	0
13.30300	12.39577	-10.04322	LAX_LV_EPICARDIAL	9	1.0	0
15.05075	10.19229	-10.02988	LAX_LV_EPICARDIAL	9	1.0	0
3.91057	24.65556	-15.73555	MITRAL_VALVE	9	1.0	0
-6.23880	39.75156	-46.72642	MITRAL_VALVE	9	1.0	0
-35.27061	-9.16350	3.57292	LAX_RV_FREEWALL	8	1.0	1.0
-34.02456	-11.88040	0.94878	LAX_RV_FREEWALL	8	1.0	1.0
-32.49959	-13.23885	-1.44220	LAX_RV_FREEWALL	8	1.0	1.0
-30.97462	-14.59730	-3.83318	LAX_RV_FREEWALL	8	1.0	1.0
-29.44965	-15.95575	-6.22416	LAX_RV_FREEWALL	8	1.0	1.0
-27.92468	-17.31420	-8.61514	LAX_RV_FREEWALL	8	1.0	1.0
-26.67863	-20.03110	-11.23928	LAX_RV_FREEWALL	8	1.0	1.0
-25.15366	-21.38955	-13.63026	LAX_RV_FREEWALL	8	1.0	1.0
-23.62869	-22.74800	-16.02124	LAX_RV_FREEWALL	8	1.0	1.0
-21.82481	-22.74800	-18.17906	LAX_RV_FREEWALL	8	1.0	1.0
-20.29984	-24.10645	-20.57004	LAX_RV_FREEWALL	8	1.0	1.0
-18.49596	-24.10645	-22.72785	LAX_RV_FREEWALL	8	1.0	1.0
-16.97099	-25.46490	-25.11883	LAX_RV_FREEWALL	8	1.0	1.0
-15.16711	-25.46490	-27.27665	LAX_RV_FREEWALL	8	1.0	1.0
-13.08432	-24.10646	-29.20131	LAX_RV_FREEWALL	8	1.0	1.0
-11.28044	-24.10646	-31.35912	LAX_RV_FREEWALL	8	1.0	1.0
-9.19764	-22.74801	-33.28378	LAX_RV_FREEWALL	8	1.0	1.0
-7.67267	-24.10646	-35.67476	LAX_RV_FREEWALL	8	1.0	1.0
-5.86879	-24.10646	-37.83258	LAX_RV_FREEWALL	8	1.0	1.0
-4.06491	-24.10647	-39.99039	LAX_RV_FREEWALL	8	1.0	1.0
-2.53994	-25.46492	-42.38137	LAX_RV_FREEWALL	8	1.0	1.0
-0.73606	-25.46492	-44.53919	LAX_RV_FREEWALL	8	1.0	1.0
1.06782	-25.46492	-46.69701	LAX_RV_FREEWALL	8	1.0	1.0
3.15061	-24.10647	-48.62166	LAX_RV_FREEWALL	8	1.0	1.0
-16.11615	-3.72972	-17.07261	LAX_RV_FREEWALL	8	1.0	1.0
-17.92003	-3.72972	-14.91479	LAX_RV_FREEWALL	8	1.0	1.0
-19.72391	-3.72972	-12.75697	LAX_RV_FREEWALL	8	1.0	1.0
-21.24888	-2.37127	-10.36599	LAX_RV_FREEWALL	8	1.0	1.0
-22.77385	-1.01282	-7.97501	LAX_RV_FREEWALL	8	1.0	1.0
-24.57773	-1.01281	-5.81720	LAX_RV_FREEWALL	8	1.0	1.0
-26.38161	-1.01281	-3.65938	LAX_RV_FREEWALL	8	1.0	1.0
-28.18549	-1.01281	-1.50156	LAX_RV_FREEWALL	8	1.0	1.0
-29.98937	-1.01281	0.65626	LAX_RV_FREEWALL	8	1.0	1.0
-32.07217	-2.37126	2.58091	LAX_RV_FREEWALL	8	1.0	1.0
-34.15496	-3.72970	4.50557	LAX_RV_FREEWALL	8	1.0	1.0
-34.71279	-6.44660	4.03924	LAX_RV_FREEWALL	8	1.0	1.0
-37.35341	-10.52194	5.49758	LAX_RV_EPICARDIAL	8	1.0	1.0
-36.10735	-13.23884	2.87343	LAX_RV_EPICARDIAL	8	1.0	1.0
-34.86130	-15.95574	0.24929	LAX_RV_EPICARDIAL	8	1.0	1.0
-33.33633	-17.31419	-2.14169	LAX_RV_EPICARDIAL	8	1.0	1.0
-32.09027	-20.03109	-4.76583	LAX_RV_EPICARDIAL	8	1.0	1.0
-30.56530	-21.38954	-7.15681	LAX_RV_EPICARDIAL	8	1.0	1.0
-29.04034	-22.74799	-9.54779	LAX_RV_EPICARDIAL	8	1.0	1.0
-27.51537	-24.10644	-11.93877	LAX_RV_EPICARDIAL	8	1.0	1.0
-25.99040	-25.46489	-14.32975	LAX_RV_EPICARDIAL	8	1.0	1.0
-24.46543	-26.82334	-16.72072	LAX_RV_EPICARDIAL	8	1.0	1.0
-22.66155	-26.82335	-18.87854	LAX_RV_EPICARDIAL	8	1.0	1.0
-21.13658	-28.18180	-21.26952	LAX_RV_EPICARDIAL	8	1.0	1.0
-19.33270	-28.18180	-23.42734	LAX_RV_EPICARDIAL	8	1.0	1.0
-17.52882	-28.18180	-25.58516	LAX_RV_EPICARDIAL	8	1.0	1.0
-15.72494	-28.18180	-27.74297	LAX_RV_EPICARDIAL	8	1.0	1.0
-13.64214	-26.82336	-29.66763	LAX_RV_EPICARDIAL	8	1.0	1.0
-11.83826	-26.82336	-31.82545	LAX_RV_EPICARDIAL	8	1.0	1.0
-10.03438	-26.82336	-33.98326	LAX_RV_EPICARDIAL	8	1.0	1.0
-8.23050	-26.82336	-36.14108	LAX_RV_EPICARDIAL	8	1.0	1.0
-6.42662	-26.82336	-38.29890	LAX_RV_EPICARDIAL	8	1.0	1.0
-4.62274	-26.82336	-40.45672	LAX_RV_EPICARDIAL	8	1.0	1.0
-2.81886	-26.82337	-42.61453	LAX_RV_EPICARDIAL	8	1.0	1.0
-1.01497	-26.82337	-44.77235	LAX_RV_EPICARDIAL	8	1.0	1.0
0.78891	-26.82337	-46.93017	LAX_RV_EPICARDIAL	8	1.0	1.0
2.59279	-26.82337	-49.08799	LAX_RV_EPICARDIAL	8	1.0	1.0
4.67558	-25.46492	-51.01264	LAX_RV_EPICARDIAL	8	1.0	1.0
5.23341	-22.74803	-50.54632	LAX_RV_EPICARDIAL	8	1.0	1.0
-14.31227	-3.72972	-19.23043	LAX_RV_EPICARDIAL	8	1.0	1.0
-16.18135	0.34563	-15.29421	LAX_RV_EPICARDIAL	8	1.0	1.0
-17.98523	0.34563	-13.13640	LAX_RV_EPICARDIAL	8	1.0	1.0
-19.78911	0.34563	-10.97858	LAX_RV_EPICARDIAL	8	1.0	1.0
-21.59300	0.34563	-8.82076	LAX_RV_EPICARDIAL	8	1.0	1.0
-23.11796	1.70408	-6.42978	LAX_RV_EPICARDIAL	8	1.0	1.0
-24.92185	1.70409	-4.27196	LAX_RV_EPICARDIAL	8	1.0	1.0
-26.72573	1.70409	-2.11415	LAX_RV_EPICARDIAL	8	1.0	1.0
-28.80852	0.34564	-0.18949	LAX_RV_EPICARDIAL	8	1.0	1.0
-30.61240	0.34564	1.96833	LAX_RV_EPICARDIAL	8	1.0	1.0
-32.69520	-1.01281	3.89298	LAX_RV_EPICARDIAL	8	1.0	1.0
-34.77799	-2.37125	5.81764	LAX_RV_EPICARDIAL	8	1.0	1.0
-36.23776	-5.08815	6.43022	LAX_RV_EPICARDIAL	8	1.0	1.0
-36.79558	-7.80505	5.96390	LAX_RV_EPICARDIAL	8	1.0	1.0
5.23341	-22.74803	-50.54632	LAX_RV_SEPTUM	8	1.0	1.0
3.70844	-21.38958	-48.15534	LAX_RV_SEPTUM	8	1.0	1.0
2.18347	-20.03113	-45.76436	LAX_RV_SEPTUM	8	1.0	1.0
0.65850	-18.67267	-43.37338	LAX_RV_SEPTUM	8	1.0	1.0
-0.86647	-17.31422	-40.98240	LAX_RV_SEPTUM	8	1.0	1.0
-2.39143	-15.95577	-38.59142	LAX_RV_SEPTUM	8	1.0	1.0
-3.91640	-14.59732	-36.20044	LAX_RV_SEPTUM	8	1.0	1.0
-5.44137	-13.23887	-33.80946	LAX_RV_SEPTUM	8	1.0	1.0
-6.96634	-11.88042	-31.41848	LAX_RV_SEPTUM	8	1.0	1.0
-8.21240	-9.16352	-28.79434	LAX_RV_SEPTUM	8	1.0	1.0
-9.73736	-7.80507	-26.40336	LAX_RV_SEPTUM	8	1.0	1.0
-11.54124	-7.80507	-24.24555	LAX_RV_SEPTUM	8	1.0	1.0
-13.06621	-6.44662	-21.85457	LAX_RV_SEPTUM	8	1.0	1.0
-14.59118	-5.08817	-19.46359	LAX_RV_SEPTUM	8	1.0	1.0
-14.65638	-1.01282	-17.68519	LAX_LV_EPICARDIAL	8	1.0	1.0
7.66032	-24.10648	-54.01621	LAX_LV_EPICARDIAL	8	1.0	1.0
9.46420	-24.10648	-56.17402	LAX_LV_EPICARDIAL	8	1.0	1.0
10.98917	-25.46493	-58.56500	LAX_LV_EPICARDIAL	8	1.0	1.0
12.79305	-25.46493	-60.72282	LAX_LV_EPICARDIAL	8	1.0	1.0
14.59693	-25.46493	-62.88064	LAX_LV_EPICARDIAL	8	1.0	1.0
16.12190	-26.82338	-65.27162	LAX_LV_EPICARDIAL	8	1.0	1.0
17.92578	-26.82339	-67.42944	LAX_LV_EPICARDIAL	8	1.0	1.0
19.72966	-26.82339	-69.58725	LAX_LV_EPICARDIAL	8	1.0	1.0
21.25463	-28.18184	-71.97823	LAX_LV_EPICARDIAL	8	1.0	1.0
23.05851	-28.18184	-74.13605	LAX_LV_EPICARDIAL	8	1.0	1.0
24.86239	-28.18184	-76.29387	LAX_LV_EPICARDIAL	8	1.0	1.0
26.66627	-28.18184	-78.45169	LAX_LV_EPICARDIAL	8	1.0	1.0
28.47015	-28.18184	-80.60950	LAX_LV_EPICARDIAL	8	1.0	1.0
30.27403	-28.18185	-82.76732	LAX_LV_EPICARDIAL	8	1.0	1.0
32.07792	-28.18185	-84.92514	LAX_LV_EPICARDIAL	8	1.0	1.0
33.88180	-28.18185	-87.08296	LAX_LV_EPICARDIAL	8	1.0	1.0
35.96459	-26.82340	-89.00761	LAX_LV_EPICARDIAL	8	1.0	1.0
37.76847	-26.82340	-91.16543	LAX_LV_EPICARDIAL	8	1.0	1.0
40.13018	-24.10651	-92.85692	LAX_LV_EPICARDIAL	8	1.0	1.0
41.31103	-22.74806	-93.70267	LAX_LV_EPICARDIAL	8	1.0	1.0
43.67274	-20.03117	-95.39416	LAX_LV_EPICARDIAL	8	1.0	1.0
45.13251	-17.31427	-96.00675	LAX_LV_EPICARDIAL	8	1.0	1.0
45.69033	-14.59737	-95.54042	LAX_LV_EPICARDIAL	8	1.0	1.0
46.24816	-11.88047	-95.07410	LAX_LV_EPICARDIAL	8	1.0	1.0
46.80598	-9.16358	-94.60778	LAX_LV_EPICARDIAL	8	1.0	1.0
47.36381	-6.44668	-94.14145	LAX_LV_EPICARDIAL	8	1.0	1.0
47.01969	-3.72978	-92.59622	LAX_LV_EPICARDIAL	8	1.0	1.0
46.67558	-1.01288	-91.05099	LAX_LV_EPICARDIAL	8	1.0	1.0
46.33146	1.70402	-89.50576	LAX_LV_EPICARDIAL	8	1.0	1.0
45.98735	4.42091	-87.96052	LAX_LV_EPICARDIAL	8	1.0	1.0
45.64323	7.13781	-86.41529	LAX_LV_EPICARDIAL	8	1.0	1.0
45.29912	9.85471	-84.87006	LAX_LV_EPICARDIAL	8	1.0	1.0
44.95500	12.57161	-83.32483	LAX_LV_EPICARDIAL	8	1.0	1.0
44.61089	15.28851	-81.77959	LAX_LV_EPICARDIAL	8	1.0	1.0
44.26677	18.00541	-80.23436	LAX_LV_EPICARDIAL	8	1.0	1.0
43.92266	20.72230	-78.68913	LAX_LV_EPICARDIAL	8	1.0	1.0
43.57854	23.43920	-77.14390	LAX_LV_EPICARDIAL	8	1.0	1.0
43.23443	26.15610	-75.59866	LAX_LV_EPICARDIAL	8	1.0	1.0
41.98837	28.87300	-72.97452	LAX_LV_EPICARDIAL	8	1.0	1.0
41.64426	31.58990	-71.42929	LAX_LV_EPICARDIAL	8	1.0	1.0
40.39820	34.30680	-68.80515	LAX_LV_EPICARDIAL	8	1.0	1.0
40.05409	37.02370	-67.25992	LAX_LV_EPICARDIAL	8	1.0	1.0
38.80803	39.74060	-64.63577	LAX_LV_EPICARDIAL	8	1.0	1.0
38.18500	41.09905	-63.32370	LAX_LV_EPICARDIAL	8	1.0	1.0
36.93895	43.81594	-60.69956	LAX_LV_EPICARDIAL	8	1.0	1.0
35.69289	46.53284	-58.07542	LAX_LV_EPICARDIAL	8	1.0	1.0
34.16792	47.89129	-55.68444	LAX_LV_EPICARDIAL	8	1.0	1.0
32.64296	49.24975	-53.29346	LAX_LV_EPICARDIAL	8	1.0	1.0
31.11799	50.60820	-50.90248	LAX_LV_EPICARDIAL	8	1.0	1.0
29.59302	51.96665	-48.51150	LAX_LV_EPICARDIAL	8	1.0	1.0
28.06805	53.32510	-46.12052	LAX_LV_EPICARDIAL	8	1.0	1.0
26.54308	54.68355	-43.72954	LAX_LV_EPICARDIAL	8	1.0	1.0
24.73920	54.68355	-41.57173	LAX_LV_EPICARDIAL	8	1.0	1.0
23.21423	56.04200	-39.18075	LAX_LV_EPICARDIAL	8	1.0	1.0
21.13144	54.68355	-37.25609	LAX_LV_EPICARDIAL	8	1.0	1.0
19.32756	54.68355	-35.09827	LAX_LV_EPICARDIAL	8	1.0	1.0
17.24476	53.32511	-33.17362	LAX_LV_EPICARDIAL	8	1.0	1.0
15.16197	51.96666	-31.24896	LAX_LV_EPICARDIAL	8	1.0	1.0
13.98112	50.60821	-30.40322	LAX_LV_EPICARDIAL	8	1.0	1.0
13.42329	47.89131	-30.86954	LAX_LV_EPICARDIAL	8	1.0	1.0
-5.12625	23.43925	-18.88282	LAX_LV_EPICARDIAL	8	1.0	1.0
-6.93013	23.43925	-16.72500	LAX_LV_EPICARDIAL	8	1.0	1.0
-11.11382	3.06252	-20.22243	LAX_LV_ENDOCARDIAL	8	1.0	1.0
-9.30994	3.06252	-22.38025	LAX_LV_ENDOCARDIAL	8	1.0	1.0
-7.50606	3.06252	-24.53807	LAX_LV_ENDOCARDIAL	8	1.0	1.0
-5.70218	3.06252	-26.69589	LAX_LV_ENDOCARDIAL	8	1.0	1.0
-3.89830	3.06251	-28.85370	LAX_LV_ENDOCARDIAL	8	1.0	1.0
-2.37333	1.70406	-31.24468	LAX_LV_ENDOCARDIAL	8	1.0	1.0
-0.84836	0.34561	-33.63566	LAX_LV_ENDOCARDIAL	8	1.0	1.0
0.39769	-2.37129	-36.25980	LAX_LV_ENDOCARDIAL	8	1.0	1.0
1.64375	-5.08819	-38.88394	LAX_LV_ENDOCARDIAL	8	1.0	1.0
3.16872	-6.44664	-41.27492	LAX_LV_ENDOCARDIAL	8	1.0	1.0
4.41477	-9.16354	-43.89907	LAX_LV_ENDOCARDIAL	8	1.0	1.0
5.93974	-10.52199	-46.29004	LAX_LV_ENDOCARDIAL	8	1.0	1.0
7.46471	-11.88044	-48.68102	LAX_LV_ENDOCARDIAL	8	1.0	1.0
8.98968	-13.23889	-51.07200	LAX_LV_ENDOCARDIAL	8	1.0	1.0
10.51465	-14.59734	-53.46298	LAX_LV_ENDOCARDIAL	8	1.0	1.0
12.03962	-15.95579	-55.85396	LAX_LV_ENDOCARDIAL	8	1.0	1.0
13.84350	-15.95579	-58.01178	LAX_LV_ENDOCARDIAL	8	1.0	1.0
15.36847	-17.31424	-60.40276	LAX_LV_ENDOCARDIAL	8	1.0	1.0
17.17235	-17.31424	-62.56058	LAX_LV_ENDOCARDIAL	8	1.0	1.0
18.69732	-18.67269	-64.95156	LAX_LV_ENDOCARDIAL	8	1.0	1.0
20.22228	-20.03114	-67.34254	LAX_LV_ENDOCARDIAL	8	1.0	1.0
22.02616	-20.03114	-69.50035	LAX_LV_ENDOCARDIAL	8	1.0	1.0
23.55113	-21.38960	-71.89133	LAX_LV_ENDOCARDIAL	8	1.0	1.0
25.07610	-22.74805	-74.28231	LAX_LV_ENDOCARDIAL	8	1.0	1.0
26.87998	-22.74805	-76.44013	LAX_LV_ENDOCARDIAL	8	1.0	1.0
28.68386	-22.74805	-78.59795	LAX_LV_ENDOCARDIAL	8	1.0	1.0
30.48775	-22.74805	-80.75576	LAX_LV_ENDOCARDIAL	8	1.0	1.0
32.29163	-22.74805	-82.91358	LAX_LV_ENDOCARDIAL	8	1.0	1.0
34.09551	-22.74805	-85.07140	LAX_LV_ENDOCARDIAL	8	1.0	1.0
35.89939	-22.74806	-87.22922	LAX_LV_ENDOCARDIAL	8	1.0	1.0
37.70327	-22.74806	-89.38703	LAX_LV_ENDOCARDIAL	8	1.0	1.0
39.78606	-21.38961	-91.31169	LAX_LV_ENDOCARDIAL	8	1.0	1.0
42.14777	-18.67271	-93.00318	LAX_LV_ENDOCARDIAL	8	1.0	1.0
43.60754	-15.95582	-93.61577	LAX_LV_ENDOCARDIAL	8	1.0	1.0
44.16536	-13.23892	-93.14944	LAX_LV_ENDOCARDIAL	8	1.0	1.0
43.82125	-10.52202	-91.60421	LAX_LV_ENDOCARDIAL	8	1.0	1.0
43.47713	-7.80512	-90.05898	LAX_LV_ENDOCARDIAL	8	1.0	1.0
43.13302	-5.08823	-88.51375	LAX_LV_ENDOCARDIAL	8	1.0	1.0
42.78890	-2.37133	-86.96851	LAX_LV_ENDOCARDIAL	8	1.0	1.0
42.44479	0.34557	-85.42328	LAX_LV_ENDOCARDIAL	8	1.0	1.0
41.19873	3.06247	-82.79914	LAX_LV_ENDOCARDIAL	8	1.0	1.0
40.85462	5.77937	-81.25391	LAX_LV_ENDOCARDIAL	8	1.0	1.0
40.51050	8.49627	-79.70868	LAX_LV_ENDOCARDIAL	8	1.0	1.0
40.16639	11.21317	-78.16344	LAX_LV_ENDOCARDIAL	8	1.0	1.0
38.92033	13.93006	-75.53930	LAX_LV_ENDOCARDIAL	8	1.0	1.0
38.57622	16.64696	-73.99407	LAX_LV_ENDOCARDIAL	8	1.0	1.0
39.13404	19.36386	-73.52775	LAX_LV_ENDOCARDIAL	8	1.0	1.0
38.78993	22.08076	-71.98251	LAX_LV_ENDOCARDIAL	8	1.0	1.0
38.44581	24.79766	-70.43728	LAX_LV_ENDOCARDIAL	8	1.0	1.0
36.92084	26.15611	-68.04630	LAX_LV_ENDOCARDIAL	8	1.0	1.0
36.57673	28.87301	-66.50107	LAX_LV_ENDOCARDIAL	8	1.0	1.0
35.33067	31.58991	-63.87693	LAX_LV_ENDOCARDIAL	8	1.0	1.0
34.08462	34.30680	-61.25279	LAX_LV_ENDOCARDIAL	8	1.0	1.0
32.83856	37.02370	-58.62865	LAX_LV_ENDOCARDIAL	8	1.0	1.0
31.59251	39.74060	-56.00450	LAX_LV_ENDOCARDIAL	8	1.0	1.0
30.06754	41.09905	-53.61352	LAX_LV_ENDOCARDIAL	8	1.0	1.0
28.54257	42.45750	-51.22254	LAX_LV_ENDOCARDIAL	8	1.0	1.0
27.01760	43.81595	-48.83157	LAX_LV_ENDOCARDIAL	8	1.0	1.0
25.49263	45.17441	-46.44059	LAX_LV_ENDOCARDIAL	8	1.0	1.0
23.96766	46.53286	-44.04961	LAX_LV_ENDOCARDIAL	8	1.0	1.0
22.44270	47.89131	-41.65863	LAX_LV_ENDOCARDIAL	8	1.0	1.0
20.63881	47.89131	-39.50081	LAX_LV_ENDOCARDIAL	8	1.0	1.0
18.83493	47.89131	-37.34299	LAX_LV_ENDOCARDIAL	8	1.0	1.0
16.75214	46.53286	-35.41834	LAX_LV_ENDOCARDIAL	8	1.0	1.0
-5.12625	23.43925	-18.88282	LAX_LV_ENDOCARDIAL	8	1.0	1.0
-6.93013	23.43925	-16.72500	LAX_LV_ENDOCARDIAL	8	1.0	1.0
-37.35341	-10.52194	5.49758	LAX_RV_EPICARDIAL	8	1.0	1.0
-36.10735	-13.23884	2.87343	LAX_RV_EPICARDIAL	8	1.0	1.0
-34.86130	-15.95574	0.24929	LAX_RV_EPICARDIAL	8	1.0	1.0
-33.33633	-17.31419	-2.14169	LAX_RV_EPICARDIAL	8	1.0	1.0
-32.09027	-20.03109	-4.76583	LAX_RV_EPICARDIAL	8	1.0	1.0
-30.56530	-21.38954	-7.15681	LAX_RV_EPICARDIAL	8	1.0	1.0
-29.04034	-22.74799	-9.54779	LAX_RV_EPICARDIAL	8	1.0	1.0
-27.51537	-24.10644	-11.93877	LAX_RV_EPICARDIAL	8	1.0	1.0
-25.99040	-25.46489	-14.32975	LAX_RV_EPICARDIAL	8	1.0	1.0
-24.46543	-26.82334	-16.72072	LAX_RV_EPICARDIAL	8	1.0	1.0
-22.66155	-26.82335	-18.87854	LAX_RV_EPICARDIAL	8	1.0	1.0
-21.13658	-28.18180	-21.26952	LAX_RV_EPICARDIAL	8	1.0	1.0
-19.33270	-28.18180	-23.42734	LAX_RV_EPICARDIAL	8	1.0	1.0
-17.52882	-28.18180	-25.58516	LAX_RV_EPICARDIAL	8	1.0	1.0
-15.72494	-28.18180	-27.74297	LAX_RV_EPICARDIAL	8	1.0	1.0
-13.64214	-26.82336	-29.66763	LAX_RV_EPICARDIAL	8	1.0	1.0
-11.83826	-26.82336	-31.82545	LAX_RV_EPICARDIAL	8	1.0	1.0
-10.03438	-26.82336	-33.98326	LAX_RV_EPICARDIAL	8	1.0	1.0
-8.23050	-26.82336	-36.14108	LAX_RV_EPICARDIAL	8	1.0	1.0
-6.42662	-26.82336	-38.29890	LAX_RV_EPICARDIAL	8	1.0	1.0
-4.62274	-26.82336	-40.45672	LAX_RV_EPICARDIAL	8	1.0	1.0
-2.81886	-26.82337	-42.61453	LAX_RV_EPICARDIAL	8	1.0	1.0
-1.01497	-26.82337	-44.77235	LAX_RV_EPICARDIAL	8	1.0	1.0
0.78891	-26.82337	-46.93017	LAX_RV_EPICARDIAL	8	1.0	1.0
2.59279	-26.82337	-49.08799	LAX_RV_EPICARDIAL	8	1.0	1.0
4.67558	-25.46492	-51.01264	LAX_RV_EPICARDIAL	8	1.0	1.0
5.23341	-22.74803	-50.54632	LAX_RV_EPICARDIAL	8	1.0	1.0
-14.31227	-3.72972	-19.23043	LAX_RV_EPICARDIAL	8	1.0	1.0
-16.18135	0.34563	-15.29421	LAX_RV_EPICARDIAL	8	1.0	1.0
-17.98523	0.34563	-13.13640	LAX_RV_EPICARDIAL	8	1.0	1.0
-19.78911	0.34563	-10.97858	LAX_RV_EPICARDIAL	8	1.0	1.0
-21.59300	0.34563	-8.82076	LAX_RV_EPICARDIAL	8	1.0	1.0
-23.11796	1.70408	-6.42978	LAX_RV_EPICARDIAL	8	1.0	1.0
-24.92185	1.70409	-4.27196	LAX_RV_EPICARDIAL	8	1.0	1.0
-26.72573	1.70409	-2.11415	LAX_RV_EPICARDIAL	8	1.0	1.0
-28.80852	0.34564	-0.18949	LAX_RV_EPICARDIAL	8	1.0	1.0
-30.61240	0.34564	1.96833	LAX_RV_EPICARDIAL	8	1.0	1.0
-32.69520	-1.01281	3.89298	LAX_RV_EPICARDIAL	8	1.0	1.0
-34.77799	-2.37125	5.81764	LAX_RV_EPICARDIAL	8	1.0	1.0
-36.23776	-5.08815	6.43022	LAX_RV_EPICARDIAL	8	1.0	1.0
-36.79558	-7.80505	5.96390	LAX_RV_EPICARDIAL	8	1.0	1.0
-3.66648	26.15615	-19.49541	MITRAL_VALVE	8	1.0	1.0
13.76740	45.17442	-32.41477	MITRAL_VALVE	8	1.0	1.0
-9.91487	22.08081	-13.72144	AORTA_VALVE	8	1.0	1.0
-13.81965	3.06252	-16.98571	AORTA_VALVE	8	1.0	1.0
-68.40096	12.69604	-61.48679	LAX_RV_FREEWALL	7	1.0	0
-70.97901	11.09475	-64.05775	LAX_RV_FREEWALL	7	1.0	0
-70.75750	9.49346	-66.35926	LAX_RV_FREEWALL	7	1.0	0
-71.93577	7.89217	-68.79549	LAX_RV_FREEWALL	7	1.0	0
-70.31447	6.29088	-70.96228	LAX_RV_FREEWALL	7	1.0	0
-68.69318	4.68959	-73.12906	LAX_RV_FREEWALL	7	1.0	0
-67.07189	3.08829	-75.29585	LAX_RV_FREEWALL	7	1.0	0
-64.05081	1.48700	-77.32791	LAX_RV_FREEWALL	7	1.0	0
-62.42952	-0.11429	-79.49470	LAX_RV_FREEWALL	7	1.0	0
-62.20800	-1.71558	-81.79621	LAX_RV_FREEWALL	7	1.0	0
-60.58671	-3.31687	-83.96300	LAX_RV_FREEWALL	7	1.0	0
-57.56563	-4.91817	-85.99506	LAX_RV_FREEWALL	7	1.0	0
-55.94434	-6.51946	-88.16184	LAX_RV_FREEWALL	7	1.0	0
-52.92326	-8.12075	-90.19391	LAX_RV_FREEWALL	7	1.0	0
-49.90219	-9.72204	-92.22597	LAX_RV_FREEWALL	7	1.0	0
-48.28089	-11.32333	-94.39275	LAX_RV_FREEWALL	7	1.0	0
-45.25982	-12.92462	-96.42481	LAX_RV_FREEWALL	7	1.0	0
-42.34950	-13.72527	-97.30612	LAX_RV_FREEWALL	7	1.0	0
-39.43918	-14.52592	-98.18743	LAX_RV_FREEWALL	7	1.0	0
-36.41810	-16.12721	-100.21949	LAX_RV_FREEWALL	7	1.0	0
-33.50778	-16.92786	-101.10079	LAX_RV_FREEWALL	7	1.0	0
-30.59747	-17.72850	-101.98210	LAX_RV_FREEWALL	7	1.0	0
-27.68715	-18.52915	-102.86341	LAX_RV_FREEWALL	7	1.0	0
-24.88758	-18.52915	-102.59396	LAX_RV_FREEWALL	7	1.0	0
-21.97726	-19.32980	-103.47526	LAX_RV_FREEWALL	7	1.0	0
-19.06695	-20.13044	-104.35657	LAX_RV_FREEWALL	7	1.0	0
-16.26738	-20.13044	-104.08712	LAX_RV_FREEWALL	7	1.0	0
-13.35706	-20.93109	-104.96843	LAX_RV_FREEWALL	7	1.0	0
-10.55750	-20.93109	-104.69898	LAX_RV_FREEWALL	7	1.0	0
-7.64718	-21.73174	-105.58028	LAX_RV_FREEWALL	7	1.0	0
-4.84762	-21.73174	-105.31083	LAX_RV_FREEWALL	7	1.0	0
-1.93730	-22.53238	-106.19214	LAX_RV_FREEWALL	7	1.0	0
0.86226	-22.53238	-105.92269	LAX_RV_FREEWALL	7	1.0	0
3.77258	-23.33303	-106.80400	LAX_RV_FREEWALL	7	1.0	0
6.57214	-23.33303	-106.53455	LAX_RV_FREEWALL	7	1.0	0
9.48246	-24.13368	-107.41585	LAX_RV_FREEWALL	7	1.0	0
12.28202	-24.13368	-107.14641	LAX_RV_FREEWALL	7	1.0	0
15.08159	-24.13368	-106.87696	LAX_RV_FREEWALL	7	1.0	0
17.88115	-24.13368	-106.60751	LAX_RV_FREEWALL	7	1.0	0
20.56996	-23.33304	-105.18730	LAX_RV_FREEWALL	7	1.0	0
23.25876	-22.53239	-103.76710	LAX_RV_FREEWALL	7	1.0	0
-68.40096	12.69604	-61.48679	LAX_RV_EPICARDIAL	7	1.0	0
-71.20053	12.69604	-61.75623	LAX_RV_EPICARDIAL	7	1.0	0
-73.77858	11.09475	-64.32719	LAX_RV_EPICARDIAL	7	1.0	0
-73.55706	9.49346	-66.62871	LAX_RV_EPICARDIAL	7	1.0	0
-73.33555	7.89217	-68.93022	LAX_RV_EPICARDIAL	7	1.0	0
-73.11404	6.29088	-71.23173	LAX_RV_EPICARDIAL	7	1.0	0
-71.49274	4.68959	-73.39851	LAX_RV_EPICARDIAL	7	1.0	0
-69.87145	3.08829	-75.56530	LAX_RV_EPICARDIAL	7	1.0	0
-68.25015	1.48700	-77.73209	LAX_RV_EPICARDIAL	7	1.0	0
-66.62886	-0.11429	-79.89887	LAX_RV_EPICARDIAL	7	1.0	0
-66.40735	-1.71558	-82.20038	LAX_RV_EPICARDIAL	7	1.0	0
-66.18583	-3.31687	-84.50189	LAX_RV_EPICARDIAL	7	1.0	0
-64.56454	-4.91816	-86.66868	LAX_RV_EPICARDIAL	7	1.0	0
-62.94324	-6.51945	-88.83547	LAX_RV_EPICARDIAL	7	1.0	0
-59.92217	-8.12075	-90.86753	LAX_RV_EPICARDIAL	7	1.0	0
-56.90109	-9.72204	-92.89959	LAX_RV_EPICARDIAL	7	1.0	0
-53.88002	-11.32333	-94.93165	LAX_RV_EPICARDIAL	7	1.0	0
-52.25872	-12.92462	-97.09844	LAX_RV_EPICARDIAL	7	1.0	0
-49.34840	-13.72527	-97.97974	LAX_RV_EPICARDIAL	7	1.0	0
-46.32733	-15.32656	-100.01181	LAX_RV_EPICARDIAL	7	1.0	0
-43.41701	-16.12721	-100.89311	LAX_RV_EPICARDIAL	7	1.0	0
-40.39593	-17.72850	-102.92517	LAX_RV_EPICARDIAL	7	1.0	0
-37.48561	-18.52915	-103.80648	LAX_RV_EPICARDIAL	7	1.0	0
-34.68605	-18.52915	-103.53703	LAX_RV_EPICARDIAL	7	1.0	0
-31.77573	-19.32979	-104.41834	LAX_RV_EPICARDIAL	7	1.0	0
-28.86541	-20.13044	-105.29964	LAX_RV_EPICARDIAL	7	1.0	0
-25.95510	-20.93109	-106.18095	LAX_RV_EPICARDIAL	7	1.0	0
-23.04478	-21.73173	-107.06226	LAX_RV_EPICARDIAL	7	1.0	0
-20.24521	-21.73173	-106.79281	LAX_RV_EPICARDIAL	7	1.0	0
-17.33489	-22.53238	-107.67411	LAX_RV_EPICARDIAL	7	1.0	0
-14.53533	-22.53238	-107.40466	LAX_RV_EPICARDIAL	7	1.0	0
-11.62501	-23.33303	-108.28597	LAX_RV_EPICARDIAL	7	1.0	0
-8.71469	-24.13367	-109.16727	LAX_RV_EPICARDIAL	7	1.0	0
-5.91513	-24.13367	-108.89783	LAX_RV_EPICARDIAL	7	1.0	0
-3.11557	-24.13367	-108.62838	LAX_RV_EPICARDIAL	7	1.0	0
-0.31601	-24.13368	-108.35893	LAX_RV_EPICARDIAL	7	1.0	0
2.59431	-24.93432	-109.24023	LAX_RV_EPICARDIAL	7	1.0	0
5.39387	-24.93432	-108.97078	LAX_RV_EPICARDIAL	7	1.0	0
8.30419	-25.73497	-109.85209	LAX_RV_EPICARDIAL	7	1.0	0
11.10376	-25.73497	-109.58264	LAX_RV_EPICARDIAL	7	1.0	0
13.90332	-25.73497	-109.31319	LAX_RV_EPICARDIAL	7	1.0	0
16.70288	-25.73497	-109.04374	LAX_RV_EPICARDIAL	7	1.0	0
19.50244	-25.73497	-108.77429	LAX_RV_EPICARDIAL	7	1.0	0
22.19125	-24.93433	-107.35409	LAX_RV_EPICARDIAL	7	1.0	0
24.88006	-24.13368	-105.93388	LAX_RV_EPICARDIAL	7	1.0	0
26.16908	-23.33304	-104.64840	LAX_RV_EPICARDIAL	7	1.0	0
25.94757	-21.73175	-102.34689	LAX_RV_SEPTUM	7	1.0	0
23.03725	-20.93110	-101.46559	LAX_RV_SEPTUM	7	1.0	0
20.01617	-19.32981	-99.43352	LAX_RV_SEPTUM	7	1.0	0
17.10585	-18.52916	-98.55222	LAX_RV_SEPTUM	7	1.0	0
14.08478	-16.92787	-96.52016	LAX_RV_SEPTUM	7	1.0	0
11.06370	-15.32658	-94.48809	LAX_RV_SEPTUM	7	1.0	0
8.04263	-13.72529	-92.45603	LAX_RV_SEPTUM	7	1.0	0
5.02155	-12.12399	-90.42397	LAX_RV_SEPTUM	7	1.0	0
2.00048	-10.52270	-88.39191	LAX_RV_SEPTUM	7	1.0	0
0.37918	-8.92141	-86.22512	LAX_RV_SEPTUM	7	1.0	0
-2.64189	-7.32012	-84.19306	LAX_RV_SEPTUM	7	1.0	0
-5.66297	-5.71883	-82.16100	LAX_RV_SEPTUM	7	1.0	0
-7.28426	-4.11753	-79.99421	LAX_RV_SEPTUM	7	1.0	0
-8.90556	-2.51624	-77.82743	LAX_RV_SEPTUM	7	1.0	0
-10.52685	-0.91495	-75.66064	LAX_RV_SEPTUM	7	1.0	0
-12.14815	0.68634	-73.49386	LAX_RV_SEPTUM	7	1.0	0
-13.76944	2.28763	-71.32707	LAX_RV_SEPTUM	7	1.0	0
-15.39074	3.88892	-69.16028	LAX_RV_SEPTUM	7	1.0	0
-17.01203	5.49022	-66.99350	LAX_RV_SEPTUM	7	1.0	0
-20.03311	7.09151	-64.96143	LAX_RV_SEPTUM	7	1.0	0
-21.65440	8.69280	-62.79465	LAX_RV_SEPTUM	7	1.0	0
-23.27569	10.29409	-60.62786	LAX_RV_SEPTUM	7	1.0	0
-24.89699	11.89538	-58.46108	LAX_RV_SEPTUM	7	1.0	0
-26.51828	13.49667	-56.29429	LAX_RV_SEPTUM	7	1.0	0
-28.13958	15.09797	-54.12750	LAX_RV_SEPTUM	7	1.0	0
14.50900	40.71861	-12.85741	LAX_LV_EPICARDIAL	7	1.0	0
11.82019	39.91797	-14.27762	LAX_LV_EPICARDIAL	7	1.0	0
9.24214	38.31668	-16.84858	LAX_LV_EPICARDIAL	7	1.0	0
-21.40224	27.10765	-36.05782	LAX_LV_EPICARDIAL	7	1.0	0
-24.09104	26.30700	-37.47803	LAX_LV_EPICARDIAL	7	1.0	0
-25.26931	24.70571	-39.91426	LAX_LV_EPICARDIAL	7	1.0	0
-26.44758	23.10442	-42.35050	LAX_LV_EPICARDIAL	7	1.0	0
-26.22607	21.50313	-44.65201	LAX_LV_EPICARDIAL	7	1.0	0
-27.40433	19.90184	-47.08825	LAX_LV_EPICARDIAL	7	1.0	0
-27.18282	18.30055	-49.38976	LAX_LV_EPICARDIAL	7	1.0	0
-26.96131	16.69926	-51.69127	LAX_LV_EPICARDIAL	7	1.0	0
30.14691	-21.73175	-101.94272	LAX_LV_EPICARDIAL	7	1.0	0
32.94647	-21.73175	-101.67327	LAX_LV_EPICARDIAL	7	1.0	0
35.74604	-21.73175	-101.40382	LAX_LV_EPICARDIAL	7	1.0	0
38.54560	-21.73175	-101.13437	LAX_LV_EPICARDIAL	7	1.0	0
41.12365	-20.13046	-98.56341	LAX_LV_EPICARDIAL	7	1.0	0
43.81245	-19.32981	-97.14321	LAX_LV_EPICARDIAL	7	1.0	0
46.39050	-17.72852	-94.57224	LAX_LV_EPICARDIAL	7	1.0	0
47.56877	-16.12723	-92.13601	LAX_LV_EPICARDIAL	7	1.0	0
48.74704	-14.52594	-89.69977	LAX_LV_EPICARDIAL	7	1.0	0
49.92531	-12.92465	-87.26354	LAX_LV_EPICARDIAL	7	1.0	0
51.10358	-11.32336	-84.82730	LAX_LV_EPICARDIAL	7	1.0	0
52.28184	-9.72207	-82.39107	LAX_LV_EPICARDIAL	7	1.0	0
53.46011	-8.12078	-79.95483	LAX_LV_EPICARDIAL	7	1.0	0
54.63838	-6.51949	-77.51860	LAX_LV_EPICARDIAL	7	1.0	0
54.41687	-4.91820	-75.21708	LAX_LV_EPICARDIAL	7	1.0	0
55.59514	-3.31691	-72.78085	LAX_LV_EPICARDIAL	7	1.0	0
55.37362	-1.71561	-70.47934	LAX_LV_EPICARDIAL	7	1.0	0
56.55189	-0.11432	-68.04310	LAX_LV_EPICARDIAL	7	1.0	0
56.33038	1.48697	-65.74159	LAX_LV_EPICARDIAL	7	1.0	0
56.10886	3.08826	-63.44008	LAX_LV_EPICARDIAL	7	1.0	0
55.88735	4.68955	-61.13857	LAX_LV_EPICARDIAL	7	1.0	0
55.66584	6.29084	-58.83706	LAX_LV_EPICARDIAL	7	1.0	0
55.44433	7.89213	-56.53555	LAX_LV_EPICARDIAL	7	1.0	0
55.22281	9.49342	-54.23404	LAX_LV_EPICARDIAL	7	1.0	0
53.60152	11.09472	-52.06725	LAX_LV_EPICARDIAL	7	1.0	0
53.38001	12.69601	-49.76574	LAX_LV_EPICARDIAL	7	1.0	0
53.15849	14.29730	-47.46423	LAX_LV_EPICARDIAL	7	1.0	0
52.93698	15.89859	-45.16272	LAX_LV_EPICARDIAL	7	1.0	0
51.31568	17.49988	-42.99593	LAX_LV_EPICARDIAL	7	1.0	0
51.09417	19.10117	-40.69442	LAX_LV_EPICARDIAL	7	1.0	0
49.47288	20.70246	-38.52763	LAX_LV_EPICARDIAL	7	1.0	0
49.25136	22.30375	-36.22612	LAX_LV_EPICARDIAL	7	1.0	0
47.63007	23.90505	-34.05934	LAX_LV_EPICARDIAL	7	1.0	0
46.00878	25.50634	-31.89255	LAX_LV_EPICARDIAL	7	1.0	0
44.38748	27.10763	-29.72576	LAX_LV_EPICARDIAL	7	1.0	0
42.76619	28.70892	-27.55898	LAX_LV_EPICARDIAL	7	1.0	0
41.14489	30.31021	-25.39219	LAX_LV_EPICARDIAL	7	1.0	0
39.52360	31.91150	-23.22541	LAX_LV_EPICARDIAL	7	1.0	0
37.90230	33.51280	-21.05862	LAX_LV_EPICARDIAL	7	1.0	0
34.88123	35.11409	-19.02656	LAX_LV_EPICARDIAL	7	1.0	0
33.25993	36.71538	-16.85977	LAX_LV_EPICARDIAL	7	1.0	0
30.23886	38.31667	-14.82771	LAX_LV_EPICARDIAL	7	1.0	0
27.32854	39.11732	-13.94640	LAX_LV_EPICARDIAL	7	1.0	0
24.41822	39.91797	-13.06510	LAX_LV_EPICARDIAL	7	1.0	0
21.50790	40.71861	-12.18379	LAX_LV_EPICARDIAL	7	1.0	0
18.70834	40.71861	-12.45324	LAX_LV_EPICARDIAL	7	1.0	0
15.90878	40.71861	-12.72269	LAX_LV_EPICARDIAL	7	1.0	0
-20.11321	27.90829	-34.77234	LAX_LV_ENDOCARDIAL	7	1.0	0
-19.89170	26.30700	-37.07385	LAX_LV_ENDOCARDIAL	7	1.0	0
-21.06997	24.70571	-39.51009	LAX_LV_ENDOCARDIAL	7	1.0	0
-20.84845	23.10442	-41.81160	LAX_LV_ENDOCARDIAL	7	1.0	0
-20.62694	21.50313	-44.11311	LAX_LV_ENDOCARDIAL	7	1.0	0
-21.80521	19.90184	-46.54935	LAX_LV_ENDOCARDIAL	7	1.0	0
-20.18392	18.30055	-48.71613	LAX_LV_ENDOCARDIAL	7	1.0	0
-19.96240	16.69926	-51.01764	LAX_LV_ENDOCARDIAL	7	1.0	0
-18.34111	15.09796	-53.18443	LAX_LV_ENDOCARDIAL	7	1.0	0
-16.71981	13.49667	-55.35122	LAX_LV_ENDOCARDIAL	7	1.0	0
-15.09852	11.89538	-57.51800	LAX_LV_ENDOCARDIAL	7	1.0	0
-13.47723	10.29409	-59.68479	LAX_LV_ENDOCARDIAL	7	1.0	0
-10.45615	8.69280	-61.71685	LAX_LV_ENDOCARDIAL	7	1.0	0
-7.43507	7.09150	-63.74891	LAX_LV_ENDOCARDIAL	7	1.0	0
-4.41400	5.49021	-65.78097	LAX_LV_ENDOCARDIAL	7	1.0	0
-2.79270	3.88892	-67.94776	LAX_LV_ENDOCARDIAL	7	1.0	0
-1.17141	2.28763	-70.11455	LAX_LV_ENDOCARDIAL	7	1.0	0
0.44988	0.68634	-72.28133	LAX_LV_ENDOCARDIAL	7	1.0	0
0.67140	-0.91495	-74.58284	LAX_LV_ENDOCARDIAL	7	1.0	0
2.29269	-2.51625	-76.74963	LAX_LV_ENDOCARDIAL	7	1.0	0
3.91399	-4.11754	-78.91642	LAX_LV_ENDOCARDIAL	7	1.0	0
6.93506	-5.71883	-80.94848	LAX_LV_ENDOCARDIAL	7	1.0	0
8.55636	-7.32012	-83.11526	LAX_LV_ENDOCARDIAL	7	1.0	0
11.57743	-8.92141	-85.14733	LAX_LV_ENDOCARDIAL	7	1.0	0
13.19873	-10.52270	-87.31411	LAX_LV_ENDOCARDIAL	7	1.0	0
16.21980	-12.12400	-89.34617	LAX_LV_ENDOCARDIAL	7	1.0	0
19.24088	-13.72529	-91.37824	LAX_LV_ENDOCARDIAL	7	1.0	0
22.26195	-15.32658	-93.41030	LAX_LV_ENDOCARDIAL	7	1.0	0
25.17227	-16.12723	-94.29160	LAX_LV_ENDOCARDIAL	7	1.0	0
28.19335	-17.72852	-96.32367	LAX_LV_ENDOCARDIAL	7	1.0	0
31.10367	-18.52917	-97.20497	LAX_LV_ENDOCARDIAL	7	1.0	0
34.01399	-19.32981	-98.08628	LAX_LV_ENDOCARDIAL	7	1.0	0
36.81355	-19.32981	-97.81683	LAX_LV_ENDOCARDIAL	7	1.0	0
39.61311	-19.32981	-97.54738	LAX_LV_ENDOCARDIAL	7	1.0	0
40.79138	-17.72852	-95.11114	LAX_LV_ENDOCARDIAL	7	1.0	0
43.36943	-16.12723	-92.54018	LAX_LV_ENDOCARDIAL	7	1.0	0
43.14791	-14.52594	-90.23867	LAX_LV_ENDOCARDIAL	7	1.0	0
44.32618	-12.92465	-87.80244	LAX_LV_ENDOCARDIAL	7	1.0	0
45.50445	-11.32336	-85.36620	LAX_LV_ENDOCARDIAL	7	1.0	0
45.28294	-9.72207	-83.06469	LAX_LV_ENDOCARDIAL	7	1.0	0
46.46121	-8.12078	-80.62845	LAX_LV_ENDOCARDIAL	7	1.0	0
46.23969	-6.51949	-78.32694	LAX_LV_ENDOCARDIAL	7	1.0	0
47.41796	-4.91819	-75.89071	LAX_LV_ENDOCARDIAL	7	1.0	0
48.59623	-3.31690	-73.45447	LAX_LV_ENDOCARDIAL	7	1.0	0
48.37472	-1.71561	-71.15296	LAX_LV_ENDOCARDIAL	7	1.0	0
49.55298	-0.11432	-68.71673	LAX_LV_ENDOCARDIAL	7	1.0	0
49.33147	1.48697	-66.41522	LAX_LV_ENDOCARDIAL	7	1.0	0
50.50974	3.08826	-63.97898	LAX_LV_ENDOCARDIAL	7	1.0	0
50.28823	4.68955	-61.67747	LAX_LV_ENDOCARDIAL	7	1.0	0
48.66693	6.29084	-59.51068	LAX_LV_ENDOCARDIAL	7	1.0	0
48.44542	7.89213	-57.20917	LAX_LV_ENDOCARDIAL	7	1.0	0
48.22391	9.49343	-54.90766	LAX_LV_ENDOCARDIAL	7	1.0	0
48.00239	11.09472	-52.60615	LAX_LV_ENDOCARDIAL	7	1.0	0
47.78088	12.69601	-50.30464	LAX_LV_ENDOCARDIAL	7	1.0	0
47.55937	14.29730	-48.00313	LAX_LV_ENDOCARDIAL	7	1.0	0
47.33785	15.89859	-45.70162	LAX_LV_ENDOCARDIAL	7	1.0	0
45.71656	17.49988	-43.53483	LAX_LV_ENDOCARDIAL	7	1.0	0
45.49505	19.10117	-41.23332	LAX_LV_ENDOCARDIAL	7	1.0	0
43.87375	20.70247	-39.06653	LAX_LV_ENDOCARDIAL	7	1.0	0
42.25246	22.30376	-36.89975	LAX_LV_ENDOCARDIAL	7	1.0	0
40.63116	23.90505	-34.73296	LAX_LV_ENDOCARDIAL	7	1.0	0
39.00987	25.50634	-32.56617	LAX_LV_ENDOCARDIAL	7	1.0	0
37.38858	27.10763	-30.39939	LAX_LV_ENDOCARDIAL	7	1.0	0
34.36750	28.70892	-28.36733	LAX_LV_ENDOCARDIAL	7	1.0	0
32.74621	30.31022	-26.20054	LAX_LV_ENDOCARDIAL	7	1.0	0
31.12491	31.91151	-24.03375	LAX_LV_ENDOCARDIAL	7	1.0	0
28.10384	33.51280	-22.00169	LAX_LV_ENDOCARDIAL	7	1.0	0
25.08276	35.11409	-19.96963	LAX_LV_ENDOCARDIAL	7	1.0	0
22.17244	35.91474	-19.08832	LAX_LV_ENDOCARDIAL	7	1.0	0
19.15137	37.51603	-17.05626	LAX_LV_ENDOCARDIAL	7	1.0	0
16.35180	37.51603	-17.32571	LAX_LV_ENDOCARDIAL	7	1.0	0
13.55224	37.51603	-17.59516	LAX_LV_ENDOCARDIAL	7	1.0	0
10.64192	38.31668	-16.71386	LAX_LV_ENDOCARDIAL	7	1.0	0
-68.40096	12.69604	-61.48679	LAX_RV_EPICARDIAL	7	1.0	0
-71.20053	12.69604	-61.75623	LAX_RV_EPICARDIAL	7	1.0	0
-73.77858	11.09475	-64.32719	LAX_RV_EPICARDIAL	7	1.0	0
-73.55706	9.49346	-66.62871	LAX_RV_EPICARDIAL	7	1.0	0
-73.33555	7.89217	-68.93022	LAX_RV_EPICARDIAL	7	1.0	0
-73.11404	6.29088	-71.23173	LAX_RV_EPICARDIAL	7	1.0	0
-71.49274	4.68959	-73.39851	LAX_RV_EPICARDIAL	7	1.0	0
-69.87145	3.08829	-75.56530	LAX_RV_EPICARDIAL	7	1.0	0
-68.25015	1.48700	-77.73209	LAX_RV_EPICARDIAL	7	1.0	0
-66.62886	-0.11429	-79.89887	LAX_RV_EPICARDIAL	7	1.0	0
-66.40735	-1.71558	-82.20038	LAX_RV_EPICARDIAL	7	1.0	0
-66.18583	-3.31687	-84.50189	LAX_RV_EPICARDIAL	7	1.0	0
-64.56454	-4.91816	-86.66868	LAX_RV_EPICARDIAL	7	1.0	0
-62.94324	-6.51945	-88.83547	LAX_RV_EPICARDIAL	7	1.0	0
-59.92217	-8.12075	-90.86753	LAX_RV_EPICARDIAL	7	1.0	0
-56.90109	-9.72204	-92.89959	LAX_RV_EPICARDIAL	7	1.0	0
-53.88002	-11.32333	-94.93165	LAX_RV_EPICARDIAL	7	1.0	0
-52.25872	-12.92462	-97.09844	LAX_RV_EPICARDIAL	7	1.0	0
-49.34840	-13.72527	-97.97974	LAX_RV_EPICARDIAL	7	1.0	0
-46.32733	-15.32656	-100.01181	LAX_RV_EPICARDIAL	7	1.0	0
-43.41701	-16.12721	-100.89311	LAX_RV_EPICARDIAL	7	1.0	0
-40.39593	-17.72850	-102.92517	LAX_RV_EPICARDIAL	7	1.0	0
-37.48561	-18.52915	-103.80648	LAX_RV_EPICARDIAL	7	1.0	0
-34.68605	-18.52915	-103.53703	LAX_RV_EPICARDIAL	7	1.0	0
-31.77573	-19.32979	-104.41834	LAX_RV_EPICARDIAL	7	1.0	0
-28.86541	-20.13044	-105.29964	LAX_RV_EPICARDIAL	7	1.0	0
-25.95510	-20.93109	-106.18095	LAX_RV_EPICARDIAL	7	1.0	0
-23.04478	-21.73173	-107.06226	LAX_RV_EPICARDIAL	7	1.0	0
-20.24521	-21.73173	-106.79281	LAX_RV_EPICARDIAL	7	1.0	0
-17.33489	-22.53238	-107.67411	LAX_RV_EPICARDIAL	7	1.0	0
-14.53533	-22.53238	-107.40466	LAX_RV_EPICARDIAL	7	1.0	0
-11.62501	-23.33303	-108.28597	LAX_RV_EPICARDIAL	7	1.0	0
-8.71469	-24.13367	-109.16727	LAX_RV_EPICARDIAL	7	1.0	0
-5.91513	-24.13367	-108.89783	LAX_RV_EPICARDIAL	7	1.0	0
-3.11557	-24.13367	-108.62838	LAX_RV_EPICARDIAL	7	1.0	0
-0.31601	-24.13368	-108.35893	LAX_RV_EPICARDIAL	7	1.0	0
2.59431	-24.93432	-109.24023	LAX_RV_EPICARDIAL	7	1.0	0
5.39387	-24.93432	-108.97078	LAX_RV_EPICARDIAL	7	1.0	0
8.30419	-25.73497	-109.85209	LAX_RV_EPICARDIAL	7	1.0	0
11.10376	-25.73497	-109.58264	LAX_RV_EPICARDIAL	7	1.0	0
13.90332	-25.73497	-109.31319	LAX_RV_EPICARDIAL	7	1.0	0
16.70288	-25.73497	-109.04374	LAX_RV_EPICARDIAL	7	1.0	0
19.50244	-25.73497	-108.77429	LAX_RV_EPICARDIAL	7	1.0	0
22.19125	-24.93433	-107.35409	LAX_RV_EPICARDIAL	7	1.0	0
24.88006	-24.13368	-105.93388	LAX_RV_EPICARDIAL	7	1.0	0
26.16908	-23.33304	-104.64840	LAX_RV_EPICARDIAL	7	1.0	0
6.33182	39.11732	-15.96727	MITRAL_VALVE	7	1.0	0
-19.04570	30.31023	-31.18535	MITRAL_VALVE	7	1.0	0
-67.22270	14.29733	-59.05055	TRICUSPID_VALVE	7	1.0	0
-28.36109	16.69926	-51.82599	TRICUSPID_VALVE	7	1.0	0
38.54560	-21.73175	-101.13437	APEX_POINT	7	1.0	0
-11.53819	-15.80235	1.61241	LAX_RV_FREEWALL	11	1.0	0
-11.07446	-17.19611	-1.16789	LAX_RV_FREEWALL	11	1.0	0
-10.61073	-18.58987	-3.94819	LAX_RV_FREEWALL	11	1.0	0
-10.23242	-18.57999	-6.73512	LAX_RV_FREEWALL	11	1.0	0
-9.76869	-19.97375	-9.51542	LAX_RV_FREEWALL	11	1.0	0
-9.30497	-21.36751	-12.29572	LAX_RV_FREEWALL	11	1.0	0
-8.84124	-22.76127	-15.07603	LAX_RV_FREEWALL	11	1.0	0
-8.46293	-22.75139	-17.86295	LAX_RV_FREEWALL	11	1.0	0
-8.08461	-22.74151	-20.64987	LAX_RV_FREEWALL	11	1.0	0
-7.62089	-24.13527	-23.43018	LAX_RV_FREEWALL	11	1.0	0
-7.32799	-22.72175	-26.22372	LAX_RV_FREEWALL	11	1.0	0
-6.94968	-22.71188	-29.01064	LAX_RV_FREEWALL	11	1.0	0
-6.57136	-22.70200	-31.79757	LAX_RV_FREEWALL	11	1.0	0
-6.10764	-24.09576	-34.57787	LAX_RV_FREEWALL	11	1.0	0
-5.72932	-24.08588	-37.36479	LAX_RV_FREEWALL	11	1.0	0
-5.26560	-25.47964	-40.14510	LAX_RV_FREEWALL	11	1.0	0
-4.88728	-25.46976	-42.93202	LAX_RV_FREEWALL	11	1.0	0
-4.42356	-26.86352	-45.71232	LAX_RV_FREEWALL	11	1.0	0
-4.04524	-26.85364	-48.49925	LAX_RV_FREEWALL	11	1.0	0
-3.66693	-26.84376	-51.28617	LAX_RV_FREEWALL	11	1.0	0
-3.20320	-28.23752	-54.06647	LAX_RV_FREEWALL	11	1.0	0
-2.91031	-26.82400	-56.86002	LAX_RV_FREEWALL	11	1.0	0
-2.53200	-26.81412	-59.64694	LAX_RV_FREEWALL	11	1.0	0
-2.06827	-28.20788	-62.42724	LAX_RV_FREEWALL	11	1.0	0
-1.68995	-28.19801	-65.21417	LAX_RV_FREEWALL	11	1.0	0
-1.31164	-28.18813	-68.00109	LAX_RV_FREEWALL	11	1.0	0
-0.93333	-28.17825	-70.78801	LAX_RV_FREEWALL	11	1.0	0
-0.55502	-28.16837	-73.57494	LAX_RV_FREEWALL	11	1.0	0
-0.17671	-28.15849	-76.36186	LAX_RV_FREEWALL	11	1.0	0
0.20161	-28.14861	-79.14878	LAX_RV_FREEWALL	11	1.0	0
0.57992	-28.13873	-81.93570	LAX_RV_FREEWALL	11	1.0	0
0.95823	-28.12885	-84.72263	LAX_RV_FREEWALL	11	1.0	0
1.33654	-28.11897	-87.50955	LAX_RV_FREEWALL	11	1.0	0
1.71485	-28.10910	-90.29647	LAX_RV_FREEWALL	11	1.0	0
2.09317	-28.09922	-93.08340	LAX_RV_FREEWALL	11	1.0	0
2.55690	-29.49298	-95.86370	LAX_RV_FREEWALL	11	1.0	0
2.84979	-28.07946	-98.65724	LAX_RV_FREEWALL	11	1.0	0
3.22810	-28.06958	-101.44417	LAX_RV_FREEWALL	11	1.0	0
3.52100	-26.65606	-104.23771	LAX_RV_FREEWALL	11	1.0	0
3.81390	-25.24255	-107.03125	LAX_RV_FREEWALL	11	1.0	0
4.10679	-23.82903	-109.82479	LAX_RV_FREEWALL	11	1.0	0
3.93596	-21.02175	-109.83803	LAX_RV_FREEWALL	11	1.0	0
3.76513	-18.21447	-109.85127	LAX_RV_FREEWALL	11	1.0	0
3.40514	-15.41214	-108.47105	LAX_RV_FREEWALL	11	1.0	0
3.04515	-12.60980	-107.09083	LAX_RV_FREEWALL	11	1.0	0
2.68517	-9.80746	-105.71060	LAX_RV_FREEWALL	11	1.0	0
2.32518	-7.00512	-104.33038	LAX_RV_FREEWALL	11	1.0	0
1.77603	-4.20772	-101.55670	LAX_RV_FREEWALL	11	1.0	0
1.22689	-1.41033	-98.78301	LAX_RV_FREEWALL	11	1.0	0
0.86690	1.39201	-97.40279	LAX_RV_FREEWALL	11	1.0	0
0.31776	4.18941	-94.62910	LAX_RV_FREEWALL	11	1.0	0
-0.14597	5.58317	-91.84880	LAX_RV_FREEWALL	11	1.0	0
-0.52428	5.57329	-89.06188	LAX_RV_FREEWALL	11	1.0	0
-0.54261	2.76107	-87.65518	LAX_RV_SEPTUM	11	1.0	0
-0.37178	-0.04620	-87.64194	LAX_RV_SEPTUM	11	1.0	0
-0.39010	-2.85842	-86.23524	LAX_RV_SEPTUM	11	1.0	0
-0.40842	-5.67064	-84.82854	LAX_RV_SEPTUM	11	1.0	0
-0.42675	-8.48285	-83.42184	LAX_RV_SEPTUM	11	1.0	0
-0.63423	-11.30001	-80.62168	LAX_RV_SEPTUM	11	1.0	0
-0.92713	-12.71353	-77.82813	LAX_RV_SEPTUM	11	1.0	0
-1.22002	-14.12704	-75.03459	LAX_RV_SEPTUM	11	1.0	0
-1.51292	-15.54056	-72.24105	LAX_RV_SEPTUM	11	1.0	0
-1.89123	-15.55044	-69.45412	LAX_RV_SEPTUM	11	1.0	0
-2.26954	-15.56032	-66.66720	LAX_RV_SEPTUM	11	1.0	0
-2.64785	-15.57020	-63.88028	LAX_RV_SEPTUM	11	1.0	0
-3.02617	-15.58008	-61.09336	LAX_RV_SEPTUM	11	1.0	0
-3.31906	-16.99359	-58.29981	LAX_RV_SEPTUM	11	1.0	0
-3.69737	-17.00347	-55.51289	LAX_RV_SEPTUM	11	1.0	0
-4.07569	-17.01335	-52.72597	LAX_RV_SEPTUM	11	1.0	0
-4.53942	-15.61959	-49.94566	LAX_RV_SEPTUM	11	1.0	0
-4.91773	-15.62947	-47.15874	LAX_RV_SEPTUM	11	1.0	0
-5.38146	-14.23571	-44.37844	LAX_RV_SEPTUM	11	1.0	0
-5.84518	-12.84195	-41.59813	LAX_RV_SEPTUM	11	1.0	0
-6.22350	-12.85183	-38.81121	LAX_RV_SEPTUM	11	1.0	0
-6.68722	-11.45807	-36.03091	LAX_RV_SEPTUM	11	1.0	0
-7.15095	-10.06431	-33.25060	LAX_RV_SEPTUM	11	1.0	0
-7.61468	-8.67055	-30.47030	LAX_RV_SEPTUM	11	1.0	0
-7.99299	-8.68043	-27.68337	LAX_RV_SEPTUM	11	1.0	0
-8.45672	-7.28667	-24.90307	LAX_RV_SEPTUM	11	1.0	0
-8.92045	-5.89291	-22.12277	LAX_RV_SEPTUM	11	1.0	0
-9.38418	-4.49915	-19.34246	LAX_RV_SEPTUM	11	1.0	0
-9.84790	-3.10539	-16.56216	LAX_RV_SEPTUM	11	1.0	0
-10.31163	-1.71163	-13.78186	LAX_RV_SEPTUM	11	1.0	0
-10.77536	-0.31787	-11.00155	LAX_RV_SEPTUM	11	1.0	0
-11.74567	-18.61950	4.41258	LAX_RV_EPICARDIAL	11	1.0	0
-11.28194	-20.01326	1.63227	LAX_RV_EPICARDIAL	11	1.0	0
-10.81821	-21.40702	-1.14803	LAX_RV_EPICARDIAL	11	1.0	0
-10.43990	-21.39715	-3.93495	LAX_RV_EPICARDIAL	11	1.0	0
-9.97617	-22.79091	-6.71526	LAX_RV_EPICARDIAL	11	1.0	0
-9.51245	-24.18467	-9.49556	LAX_RV_EPICARDIAL	11	1.0	0
-9.04872	-25.57842	-12.27587	LAX_RV_EPICARDIAL	11	1.0	0
-8.67041	-25.56855	-15.06279	LAX_RV_EPICARDIAL	11	1.0	0
-8.20668	-26.96231	-17.84309	LAX_RV_EPICARDIAL	11	1.0	0
-7.82837	-26.95243	-20.63002	LAX_RV_EPICARDIAL	11	1.0	0
-7.45005	-26.94255	-23.41694	LAX_RV_EPICARDIAL	11	1.0	0
-7.07174	-26.93267	-26.20386	LAX_RV_EPICARDIAL	11	1.0	0
-6.77885	-25.51915	-28.99740	LAX_RV_EPICARDIAL	11	1.0	0
-6.31512	-26.91291	-31.77771	LAX_RV_EPICARDIAL	11	1.0	0
-6.02222	-25.49939	-34.57125	LAX_RV_EPICARDIAL	11	1.0	0
-5.55849	-26.89315	-37.35155	LAX_RV_EPICARDIAL	11	1.0	0
-5.18018	-26.88328	-40.13848	LAX_RV_EPICARDIAL	11	1.0	0
-4.71645	-28.27704	-42.91878	LAX_RV_EPICARDIAL	11	1.0	0
-4.33814	-28.26716	-45.70570	LAX_RV_EPICARDIAL	11	1.0	0
-3.87441	-29.66092	-48.48601	LAX_RV_EPICARDIAL	11	1.0	0
-3.49610	-29.65104	-51.27293	LAX_RV_EPICARDIAL	11	1.0	0
-3.03237	-31.04480	-54.05323	LAX_RV_EPICARDIAL	11	1.0	0
-2.65406	-31.03492	-56.84016	LAX_RV_EPICARDIAL	11	1.0	0
-2.27575	-31.02504	-59.62708	LAX_RV_EPICARDIAL	11	1.0	0
-1.89744	-31.01516	-62.41400	LAX_RV_EPICARDIAL	11	1.0	0
-1.51912	-31.00528	-65.20093	LAX_RV_EPICARDIAL	11	1.0	0
-1.14081	-30.99540	-67.98785	LAX_RV_EPICARDIAL	11	1.0	0
-0.76250	-30.98552	-70.77477	LAX_RV_EPICARDIAL	11	1.0	0
-0.38419	-30.97565	-73.56170	LAX_RV_EPICARDIAL	11	1.0	0
-0.00587	-30.96577	-76.34862	LAX_RV_EPICARDIAL	11	1.0	0
0.28702	-29.55225	-79.14216	LAX_RV_EPICARDIAL	11	1.0	0
0.66533	-29.54237	-81.92909	LAX_RV_EPICARDIAL	11	1.0	0
1.04365	-29.53249	-84.71601	LAX_RV_EPICARDIAL	11	1.0	0
1.42196	-29.52261	-87.50293	LAX_RV_EPICARDIAL	11	1.0	0
1.88569	-30.91637	-90.28324	LAX_RV_EPICARDIAL	11	1.0	0
2.26400	-30.90649	-93.07016	LAX_RV_EPICARDIAL	11	1.0	0
2.64231	-30.89662	-95.85708	LAX_RV_EPICARDIAL	11	1.0	0
3.02062	-30.88674	-98.64400	LAX_RV_EPICARDIAL	11	1.0	0
3.31352	-29.47322	-101.43755	LAX_RV_EPICARDIAL	11	1.0	0
3.60642	-28.05970	-104.23109	LAX_RV_EPICARDIAL	11	1.0	0
3.98473	-28.04982	-107.01801	LAX_RV_EPICARDIAL	11	1.0	0
4.27762	-26.63631	-109.81156	LAX_RV_EPICARDIAL	11	1.0	0
4.57052	-25.22279	-112.60510	LAX_RV_EPICARDIAL	11	1.0	0
4.39969	-22.41551	-112.61834	LAX_RV_EPICARDIAL	11	1.0	0
4.22886	-19.60823	-112.63158	LAX_RV_EPICARDIAL	11	1.0	0
4.05803	-16.80096	-112.64481	LAX_RV_EPICARDIAL	11	1.0	0
3.69804	-13.99862	-111.26459	LAX_RV_EPICARDIAL	11	1.0	0
3.33805	-11.19628	-109.88437	LAX_RV_EPICARDIAL	11	1.0	0
2.97806	-8.39394	-108.50415	LAX_RV_EPICARDIAL	11	1.0	0
2.61807	-5.59161	-107.12392	LAX_RV_EPICARDIAL	11	1.0	0
2.25809	-2.78927	-105.74370	LAX_RV_EPICARDIAL	11	1.0	0
1.70894	0.00813	-102.97002	LAX_RV_EPICARDIAL	11	1.0	0
1.34895	2.81047	-101.58979	LAX_RV_EPICARDIAL	11	1.0	0
0.79981	5.60787	-98.81611	LAX_RV_EPICARDIAL	11	1.0	0
0.33608	7.00163	-96.03580	LAX_RV_EPICARDIAL	11	1.0	0
-0.21306	9.79902	-93.26212	LAX_RV_EPICARDIAL	11	1.0	0
-0.76221	12.59642	-90.48844	LAX_RV_EPICARDIAL	11	1.0	0
-0.78053	9.78421	-89.08174	LAX_RV_EPICARDIAL	11	1.0	0
-0.42054	6.98187	-90.46196	LAX_RV_EPICARDIAL	11	1.0	0
-11.25741	-1.73633	-6.81455	PULMONARY_VALVE	11	1.0	0
-12.19107	-14.41353	5.78618	PULMONARY_VALVE	11	1.0	0
