x	y	z	contour type	frameID	weight	time frame
-39.33588	-24.26828	-28.44139	SAX_RV_FREEWALL	2	1.0	22
-41.03245	-23.16352	-30.84740	SAX_RV_FREEWALL	2	1.0	22
-43.26014	-23.16352	-32.56424	SAX_RV_FREEWALL	2	1.0	22
-45.48782	-23.16352	-34.28109	SAX_RV_FREEWALL	2	1.0	22
-47.71551	-23.16352	-35.99793	SAX_RV_FREEWALL	2	1.0	22
-49.94320	-23.16352	-37.71478	SAX_RV_FREEWALL	2	1.0	22
-52.17089	-23.16353	-39.43162	SAX_RV_FREEWALL	2	1.0	22
-54.39858	-23.16353	-41.14847	SAX_RV_FREEWALL	2	1.0	22
-56.62627	-23.16353	-42.86532	SAX_RV_FREEWALL	2	1.0	22
-58.85395	-23.16353	-44.58216	SAX_RV_FREEWALL	2	1.0	22
-60.55052	-22.05877	-46.98816	SAX_RV_FREEWALL	2	1.0	22
-62.77821	-22.05877	-48.70501	SAX_RV_FREEWALL	2	1.0	22
-64.47478	-20.95400	-51.11101	SAX_RV_FREEWALL	2	1.0	22
-65.64022	-18.74447	-54.20617	SAX_RV_FREEWALL	2	1.0	22
-67.33679	-17.63970	-56.61217	SAX_RV_FREEWALL	2	1.0	22
-68.50224	-15.43017	-59.70733	SAX_RV_FREEWALL	2	1.0	22
-69.66769	-13.22063	-62.80249	SAX_RV_FREEWALL	2	1.0	22
-71.36425	-12.11587	-65.20849	SAX_RV_FREEWALL	2	1.0	22
-71.41586	-9.90633	-67.44523	SAX_RV_FREEWALL	2	1.0	22
-70.35361	-7.69680	-68.82354	SAX_RV_FREEWALL	2	1.0	22
-70.40522	-5.48726	-71.06028	SAX_RV_FREEWALL	2	1.0	22
-68.22913	-3.27772	-71.58017	SAX_RV_FREEWALL	2	1.0	22
-67.16689	-1.06819	-72.95848	SAX_RV_FREEWALL	2	1.0	22
-66.10465	1.14135	-74.33680	SAX_RV_FREEWALL	2	1.0	22
-65.04240	3.35089	-75.71511	SAX_RV_FREEWALL	2	1.0	22
-62.86632	5.56042	-76.23500	SAX_RV_FREEWALL	2	1.0	22
-60.69023	7.76996	-76.75489	SAX_RV_FREEWALL	2	1.0	22
-58.51415	9.97950	-77.27478	SAX_RV_FREEWALL	2	1.0	22
-55.22422	12.18904	-76.93625	SAX_RV_FREEWALL	2	1.0	22
-53.04813	14.39858	-77.45614	SAX_RV_FREEWALL	2	1.0	22
-49.75820	16.60812	-77.11761	SAX_RV_FREEWALL	2	1.0	22
-46.99939	17.71289	-76.08992	SAX_RV_FREEWALL	2	1.0	22
-44.24058	18.81766	-75.06223	SAX_RV_FREEWALL	2	1.0	22
-41.48177	19.92243	-74.03454	SAX_RV_FREEWALL	2	1.0	22
-38.72296	21.02720	-73.00685	SAX_RV_FREEWALL	2	1.0	22
-35.96415	22.13197	-71.97916	SAX_RV_FREEWALL	2	1.0	22
-33.73646	22.13197	-70.26232	SAX_RV_FREEWALL	2	1.0	22
-30.97765	23.23674	-69.23463	SAX_RV_FREEWALL	2	1.0	22
-28.74997	23.23674	-67.51778	SAX_RV_FREEWALL	2	1.0	22
-26.52228	23.23674	-65.80094	SAX_RV_FREEWALL	2	1.0	22
9.79157	-5.48718	-9.25384	SAX_RV_FREEWALL	2	1.0	22
8.72933	-7.69672	-7.87552	SAX_RV_FREEWALL	2	1.0	22
7.66708	-9.90625	-6.49721	SAX_RV_FREEWALL	2	1.0	22
5.49100	-12.11579	-5.97732	SAX_RV_FREEWALL	2	1.0	22
2.73219	-13.22056	-7.00501	SAX_RV_FREEWALL	2	1.0	22
-0.55774	-15.43010	-7.34354	SAX_RV_FREEWALL	2	1.0	22
-3.31655	-16.53487	-8.37123	SAX_RV_FREEWALL	2	1.0	22
-6.07536	-17.63964	-9.39892	SAX_RV_FREEWALL	2	1.0	22
-8.83417	-18.74441	-10.42661	SAX_RV_FREEWALL	2	1.0	22
-11.59298	-19.84918	-11.45430	SAX_RV_FREEWALL	2	1.0	22
-13.82067	-19.84918	-13.17114	SAX_RV_FREEWALL	2	1.0	22
-16.57948	-20.95396	-14.19883	SAX_RV_FREEWALL	2	1.0	22
-18.80717	-20.95396	-15.91568	SAX_RV_FREEWALL	2	1.0	22
-21.56597	-22.05873	-16.94336	SAX_RV_FREEWALL	2	1.0	22
-23.79366	-22.05873	-18.66021	SAX_RV_FREEWALL	2	1.0	22
-26.55247	-23.16350	-19.68790	SAX_RV_FREEWALL	2	1.0	22
-28.78016	-23.16350	-21.40475	SAX_RV_FREEWALL	2	1.0	22
-31.00785	-23.16351	-23.12159	SAX_RV_FREEWALL	2	1.0	22
-33.76666	-24.26828	-24.14928	SAX_RV_FREEWALL	2	1.0	22
-35.99435	-24.26828	-25.86613	SAX_RV_FREEWALL	2	1.0	22
-38.22204	-24.26828	-27.58297	SAX_RV_FREEWALL	2	1.0	22
-42.62581	-26.47782	-28.77993	SAX_RV_EPICARDIAL	2	1.0	22
-44.32238	-25.37305	-31.18593	SAX_RV_EPICARDIAL	2	1.0	22
-46.55007	-25.37306	-32.90277	SAX_RV_EPICARDIAL	2	1.0	22
-48.77775	-25.37306	-34.61962	SAX_RV_EPICARDIAL	2	1.0	22
-51.00544	-25.37306	-36.33647	SAX_RV_EPICARDIAL	2	1.0	22
-53.23313	-25.37306	-38.05331	SAX_RV_EPICARDIAL	2	1.0	22
-55.46082	-25.37307	-39.77016	SAX_RV_EPICARDIAL	2	1.0	22
-57.68851	-25.37307	-41.48700	SAX_RV_EPICARDIAL	2	1.0	22
-59.91620	-25.37307	-43.20385	SAX_RV_EPICARDIAL	2	1.0	22
-61.61276	-24.26830	-45.60985	SAX_RV_EPICARDIAL	2	1.0	22
-63.84045	-24.26831	-47.32670	SAX_RV_EPICARDIAL	2	1.0	22
-65.53702	-23.16354	-49.73270	SAX_RV_EPICARDIAL	2	1.0	22
-67.23359	-22.05877	-52.13870	SAX_RV_EPICARDIAL	2	1.0	22
-68.39903	-19.84924	-55.23386	SAX_RV_EPICARDIAL	2	1.0	22
-70.09560	-18.74447	-57.63986	SAX_RV_EPICARDIAL	2	1.0	22
-71.26105	-16.53494	-60.73502	SAX_RV_EPICARDIAL	2	1.0	22
-72.42649	-14.32540	-63.83018	SAX_RV_EPICARDIAL	2	1.0	22
-72.47810	-12.11587	-66.06692	SAX_RV_EPICARDIAL	2	1.0	22
-72.52970	-9.90633	-68.30365	SAX_RV_EPICARDIAL	2	1.0	22
-71.46746	-7.69680	-69.68197	SAX_RV_EPICARDIAL	2	1.0	22
-71.51906	-5.48726	-71.91870	SAX_RV_EPICARDIAL	2	1.0	22
-70.45682	-3.27772	-73.29702	SAX_RV_EPICARDIAL	2	1.0	22
-69.39458	-1.06819	-74.67533	SAX_RV_EPICARDIAL	2	1.0	22
-68.33233	1.14135	-76.05364	SAX_RV_EPICARDIAL	2	1.0	22
-66.15625	3.35089	-76.57353	SAX_RV_EPICARDIAL	2	1.0	22
-65.09401	5.56042	-77.95185	SAX_RV_EPICARDIAL	2	1.0	22
-62.91792	7.76996	-78.47174	SAX_RV_EPICARDIAL	2	1.0	22
-60.74183	9.97950	-78.99163	SAX_RV_EPICARDIAL	2	1.0	22
-58.56575	12.18904	-79.51152	SAX_RV_EPICARDIAL	2	1.0	22
-55.27582	14.39857	-79.17299	SAX_RV_EPICARDIAL	2	1.0	22
-53.09973	16.60811	-79.69288	SAX_RV_EPICARDIAL	2	1.0	22
-49.80980	18.81765	-79.35434	SAX_RV_EPICARDIAL	2	1.0	22
-46.51987	21.02719	-79.01581	SAX_RV_EPICARDIAL	2	1.0	22
-43.76106	22.13196	-77.98812	SAX_RV_EPICARDIAL	2	1.0	22
-41.00225	23.23673	-76.96043	SAX_RV_EPICARDIAL	2	1.0	22
-38.24344	24.34150	-75.93275	SAX_RV_EPICARDIAL	2	1.0	22
-35.48463	25.44627	-74.90506	SAX_RV_EPICARDIAL	2	1.0	22
-33.25694	25.44627	-73.18821	SAX_RV_EPICARDIAL	2	1.0	22
-30.49814	26.55104	-72.16052	SAX_RV_EPICARDIAL	2	1.0	22
-28.27045	26.55105	-70.44368	SAX_RV_EPICARDIAL	2	1.0	22
-26.57388	25.44628	-68.03767	SAX_RV_EPICARDIAL	2	1.0	22
-24.34619	25.44628	-66.32083	SAX_RV_EPICARDIAL	2	1.0	22
-23.18074	23.23675	-63.22567	SAX_RV_EPICARDIAL	2	1.0	22
10.37429	-6.59195	-7.70626	SAX_RV_EPICARDIAL	2	1.0	22
11.53974	-8.80148	-4.61110	SAX_RV_EPICARDIAL	2	1.0	22
10.47750	-11.01102	-3.23278	SAX_RV_EPICARDIAL	2	1.0	22
7.18757	-13.22056	-3.57132	SAX_RV_EPICARDIAL	2	1.0	22
3.89764	-15.43010	-3.90985	SAX_RV_EPICARDIAL	2	1.0	22
0.60771	-17.63964	-4.24838	SAX_RV_EPICARDIAL	2	1.0	22
-2.15110	-18.74441	-5.27607	SAX_RV_EPICARDIAL	2	1.0	22
-4.90991	-19.84918	-6.30376	SAX_RV_EPICARDIAL	2	1.0	22
-7.66872	-20.95395	-7.33145	SAX_RV_EPICARDIAL	2	1.0	22
-9.89641	-20.95395	-9.04829	SAX_RV_EPICARDIAL	2	1.0	22
-12.65522	-22.05872	-10.07598	SAX_RV_EPICARDIAL	2	1.0	22
-15.41403	-23.16349	-11.10367	SAX_RV_EPICARDIAL	2	1.0	22
-17.64172	-23.16349	-12.82052	SAX_RV_EPICARDIAL	2	1.0	22
-20.40053	-24.26826	-13.84821	SAX_RV_EPICARDIAL	2	1.0	22
-22.62822	-24.26826	-15.56505	SAX_RV_EPICARDIAL	2	1.0	22
-25.38703	-25.37304	-16.59274	SAX_RV_EPICARDIAL	2	1.0	22
-27.61471	-25.37304	-18.30959	SAX_RV_EPICARDIAL	2	1.0	22
-30.37352	-26.47781	-19.33727	SAX_RV_EPICARDIAL	2	1.0	22
-32.60121	-26.47781	-21.05412	SAX_RV_EPICARDIAL	2	1.0	22
-34.82890	-26.47781	-22.77097	SAX_RV_EPICARDIAL	2	1.0	22
-37.05659	-26.47781	-24.48781	SAX_RV_EPICARDIAL	2	1.0	22
-39.28428	-26.47782	-26.20466	SAX_RV_EPICARDIAL	2	1.0	22
-41.51197	-26.47782	-27.92150	SAX_RV_EPICARDIAL	2	1.0	22
-24.82571	22.13198	-63.39494	SAX_RV_SEPTUM	2	1.0	22
-23.66026	19.92244	-60.29978	SAX_RV_SEPTUM	2	1.0	22
-24.72251	17.71291	-58.92146	SAX_RV_SEPTUM	2	1.0	22
-24.67090	15.50337	-56.68473	SAX_RV_SEPTUM	2	1.0	22
-25.73314	13.29384	-55.30641	SAX_RV_SEPTUM	2	1.0	22
-25.68154	11.08430	-53.06968	SAX_RV_SEPTUM	2	1.0	22
-25.62994	8.87476	-50.83294	SAX_RV_SEPTUM	2	1.0	22
-25.57834	6.66523	-48.59620	SAX_RV_SEPTUM	2	1.0	22
-25.52674	4.45569	-46.35947	SAX_RV_SEPTUM	2	1.0	22
-24.36129	2.24616	-43.26431	SAX_RV_SEPTUM	2	1.0	22
-24.30969	0.03662	-41.02757	SAX_RV_SEPTUM	2	1.0	22
-23.14424	-2.17291	-37.93241	SAX_RV_SEPTUM	2	1.0	22
-21.97879	-4.38244	-34.83726	SAX_RV_SEPTUM	2	1.0	22
-20.81335	-6.59198	-31.74210	SAX_RV_SEPTUM	2	1.0	22
-19.11678	-7.69674	-29.33609	SAX_RV_SEPTUM	2	1.0	22
-16.88909	-7.69674	-27.61925	SAX_RV_SEPTUM	2	1.0	22
-15.19252	-8.80151	-25.21325	SAX_RV_SEPTUM	2	1.0	22
-12.96483	-8.80151	-23.49640	SAX_RV_SEPTUM	2	1.0	22
-10.20603	-7.69674	-22.46871	SAX_RV_SEPTUM	2	1.0	22
-7.97834	-7.69673	-20.75187	SAX_RV_SEPTUM	2	1.0	22
-5.75065	-7.69673	-19.03502	SAX_RV_SEPTUM	2	1.0	22
-2.99184	-6.59196	-18.00733	SAX_RV_SEPTUM	2	1.0	22
-0.23303	-5.48719	-16.97964	SAX_RV_SEPTUM	2	1.0	22
1.99466	-5.48719	-15.26280	SAX_RV_SEPTUM	2	1.0	22
4.75347	-4.38242	-14.23511	SAX_RV_SEPTUM	2	1.0	22
7.51228	-3.27765	-13.20742	SAX_RV_SEPTUM	2	1.0	22
10.27109	-2.17288	-12.17973	SAX_RV_SEPTUM	2	1.0	22
13.02990	-1.06811	-11.15204	SAX_RV_SEPTUM	2	1.0	22
10.85381	-3.27764	-10.63215	SAX_RV_SEPTUM	2	1.0	22
-20.47354	26.55105	-64.43472	SAX_LV_EPICARDIAL	2	1.0	22
-19.41130	28.76059	-65.81303	SAX_LV_EPICARDIAL	2	1.0	22
-17.23521	30.97013	-66.33292	SAX_LV_EPICARDIAL	2	1.0	22
-16.17297	33.17966	-67.71123	SAX_LV_EPICARDIAL	2	1.0	22
-13.99688	35.38920	-68.23113	SAX_LV_EPICARDIAL	2	1.0	22
-11.82080	37.59874	-68.75102	SAX_LV_EPICARDIAL	2	1.0	22
-9.64471	39.80828	-69.27091	SAX_LV_EPICARDIAL	2	1.0	22
-6.35478	42.01782	-68.93237	SAX_LV_EPICARDIAL	2	1.0	22
-3.06485	44.22736	-68.59384	SAX_LV_EPICARDIAL	2	1.0	22
-0.30604	45.33213	-67.56615	SAX_LV_EPICARDIAL	2	1.0	22
2.45277	46.43690	-66.53846	SAX_LV_EPICARDIAL	2	1.0	22
5.21158	47.54167	-65.51078	SAX_LV_EPICARDIAL	2	1.0	22
7.97039	48.64644	-64.48309	SAX_LV_EPICARDIAL	2	1.0	22
10.72920	49.75121	-63.45540	SAX_LV_EPICARDIAL	2	1.0	22
12.95689	49.75121	-61.73855	SAX_LV_EPICARDIAL	2	1.0	22
15.71570	50.85598	-60.71086	SAX_LV_EPICARDIAL	2	1.0	22
17.94338	50.85598	-58.99402	SAX_LV_EPICARDIAL	2	1.0	22
20.17107	50.85599	-57.27717	SAX_LV_EPICARDIAL	2	1.0	22
22.39876	50.85599	-55.56033	SAX_LV_EPICARDIAL	2	1.0	22
24.62645	50.85599	-53.84348	SAX_LV_EPICARDIAL	2	1.0	22
26.85414	50.85599	-52.12663	SAX_LV_EPICARDIAL	2	1.0	22
28.55071	49.75123	-49.72063	SAX_LV_EPICARDIAL	2	1.0	22
30.77839	49.75123	-48.00379	SAX_LV_EPICARDIAL	2	1.0	22
32.47496	48.64646	-45.59778	SAX_LV_EPICARDIAL	2	1.0	22
34.17153	47.54170	-43.19178	SAX_LV_EPICARDIAL	2	1.0	22
35.86810	46.43693	-40.78578	SAX_LV_EPICARDIAL	2	1.0	22
37.03354	44.22740	-37.69062	SAX_LV_EPICARDIAL	2	1.0	22
38.19899	42.01786	-34.59546	SAX_LV_EPICARDIAL	2	1.0	22
38.25059	39.80833	-32.35873	SAX_LV_EPICARDIAL	2	1.0	22
39.41604	37.59879	-29.26357	SAX_LV_EPICARDIAL	2	1.0	22
39.46764	35.38926	-27.02683	SAX_LV_EPICARDIAL	2	1.0	22
39.51924	33.17972	-24.79009	SAX_LV_EPICARDIAL	2	1.0	22
39.57085	30.97018	-22.55336	SAX_LV_EPICARDIAL	2	1.0	22
39.62245	28.76065	-20.31662	SAX_LV_EPICARDIAL	2	1.0	22
38.56021	26.55111	-18.93831	SAX_LV_EPICARDIAL	2	1.0	22
38.61181	24.34158	-16.70157	SAX_LV_EPICARDIAL	2	1.0	22
37.54957	22.13204	-15.32326	SAX_LV_EPICARDIAL	2	1.0	22
36.48732	19.92250	-13.94494	SAX_LV_EPICARDIAL	2	1.0	22
34.31124	17.71297	-13.42505	SAX_LV_EPICARDIAL	2	1.0	22
33.24900	15.50343	-12.04674	SAX_LV_EPICARDIAL	2	1.0	22
32.18675	13.29389	-10.66843	SAX_LV_EPICARDIAL	2	1.0	22
30.01067	11.08436	-10.14854	SAX_LV_EPICARDIAL	2	1.0	22
27.83458	8.87482	-9.62865	SAX_LV_EPICARDIAL	2	1.0	22
24.54465	6.66528	-9.96718	SAX_LV_EPICARDIAL	2	1.0	22
21.25472	4.45574	-10.30571	SAX_LV_EPICARDIAL	2	1.0	22
17.96479	2.24620	-10.64424	SAX_LV_EPICARDIAL	2	1.0	22
-13.75397	1.14140	-33.99092	SAX_LV_ENDOCARDIAL	2	1.0	22
-15.45054	2.24617	-36.39693	SAX_LV_ENDOCARDIAL	2	1.0	22
-16.61598	4.45570	-39.49209	SAX_LV_ENDOCARDIAL	2	1.0	22
-17.78143	6.66524	-42.58724	SAX_LV_ENDOCARDIAL	2	1.0	22
-17.83303	8.87477	-44.82398	SAX_LV_ENDOCARDIAL	2	1.0	22
-17.88463	11.08431	-47.06072	SAX_LV_ENDOCARDIAL	2	1.0	22
-17.93624	13.29384	-49.29745	SAX_LV_ENDOCARDIAL	2	1.0	22
-17.98784	15.50338	-51.53419	SAX_LV_ENDOCARDIAL	2	1.0	22
-16.92560	17.71292	-52.91250	SAX_LV_ENDOCARDIAL	2	1.0	22
-16.97720	19.92245	-55.14924	SAX_LV_ENDOCARDIAL	2	1.0	22
-15.91496	22.13199	-56.52755	SAX_LV_ENDOCARDIAL	2	1.0	22
-14.85271	24.34152	-57.90587	SAX_LV_ENDOCARDIAL	2	1.0	22
-13.79047	26.55106	-59.28418	SAX_LV_ENDOCARDIAL	2	1.0	22
-12.72823	28.76060	-60.66249	SAX_LV_ENDOCARDIAL	2	1.0	22
-11.66599	30.97013	-62.04081	SAX_LV_ENDOCARDIAL	2	1.0	22
-9.48990	33.17967	-62.56070	SAX_LV_ENDOCARDIAL	2	1.0	22
-6.19997	35.38921	-62.22217	SAX_LV_ENDOCARDIAL	2	1.0	22
-4.02389	37.59875	-62.74206	SAX_LV_ENDOCARDIAL	2	1.0	22
-1.26508	38.70352	-61.71437	SAX_LV_ENDOCARDIAL	2	1.0	22
1.49373	39.80829	-60.68668	SAX_LV_ENDOCARDIAL	2	1.0	22
4.25254	40.91306	-59.65899	SAX_LV_ENDOCARDIAL	2	1.0	22
7.01135	42.01783	-58.63130	SAX_LV_ENDOCARDIAL	2	1.0	22
9.77016	43.12260	-57.60361	SAX_LV_ENDOCARDIAL	2	1.0	22
12.52897	44.22737	-56.57592	SAX_LV_ENDOCARDIAL	2	1.0	22
14.75666	44.22737	-54.85908	SAX_LV_ENDOCARDIAL	2	1.0	22
16.98435	44.22738	-53.14223	SAX_LV_ENDOCARDIAL	2	1.0	22
19.21204	44.22738	-51.42539	SAX_LV_ENDOCARDIAL	2	1.0	22
21.43972	44.22738	-49.70854	SAX_LV_ENDOCARDIAL	2	1.0	22
23.66741	44.22738	-47.99169	SAX_LV_ENDOCARDIAL	2	1.0	22
25.36398	43.12262	-45.58569	SAX_LV_ENDOCARDIAL	2	1.0	22
27.06055	42.01785	-43.17969	SAX_LV_ENDOCARDIAL	2	1.0	22
29.28824	42.01785	-41.46284	SAX_LV_ENDOCARDIAL	2	1.0	22
30.98480	40.91309	-39.05684	SAX_LV_ENDOCARDIAL	2	1.0	22
32.15025	38.70355	-35.96168	SAX_LV_ENDOCARDIAL	2	1.0	22
32.20185	36.49402	-33.72495	SAX_LV_ENDOCARDIAL	2	1.0	22
32.25345	34.28448	-31.48821	SAX_LV_ENDOCARDIAL	2	1.0	22
33.41890	32.07495	-28.39305	SAX_LV_ENDOCARDIAL	2	1.0	22
33.47050	29.86541	-26.15631	SAX_LV_ENDOCARDIAL	2	1.0	22
33.52211	27.65588	-23.91958	SAX_LV_ENDOCARDIAL	2	1.0	22
33.57371	25.44634	-21.68284	SAX_LV_ENDOCARDIAL	2	1.0	22
32.51147	23.23680	-20.30453	SAX_LV_ENDOCARDIAL	2	1.0	22
32.56307	21.02727	-18.06779	SAX_LV_ENDOCARDIAL	2	1.0	22
31.50083	18.81773	-16.68948	SAX_LV_ENDOCARDIAL	2	1.0	22
29.32474	16.60819	-16.16959	SAX_LV_ENDOCARDIAL	2	1.0	22
27.14865	14.39866	-15.64970	SAX_LV_ENDOCARDIAL	2	1.0	22
24.97257	12.18912	-15.12981	SAX_LV_ENDOCARDIAL	2	1.0	22
21.68264	9.97958	-15.46834	SAX_LV_ENDOCARDIAL	2	1.0	22
18.92383	8.87481	-16.49603	SAX_LV_ENDOCARDIAL	2	1.0	22
16.16502	7.77004	-17.52372	SAX_LV_ENDOCARDIAL	2	1.0	22
13.40621	6.66527	-18.55141	SAX_LV_ENDOCARDIAL	2	1.0	22
10.64740	5.56050	-19.57910	SAX_LV_ENDOCARDIAL	2	1.0	22
8.41971	5.56050	-21.29594	SAX_LV_ENDOCARDIAL	2	1.0	22
5.66090	4.45572	-22.32363	SAX_LV_ENDOCARDIAL	2	1.0	22
2.90209	3.35095	-23.35132	SAX_LV_ENDOCARDIAL	2	1.0	22
0.14328	2.24618	-24.37901	SAX_LV_ENDOCARDIAL	2	1.0	22
-2.08440	2.24618	-26.09585	SAX_LV_ENDOCARDIAL	2	1.0	22
-4.84321	1.14141	-27.12354	SAX_LV_ENDOCARDIAL	2	1.0	22
-7.07090	1.14141	-28.84039	SAX_LV_ENDOCARDIAL	2	1.0	22
-9.29859	1.14141	-30.55723	SAX_LV_ENDOCARDIAL	2	1.0	22
-11.52628	1.14140	-32.27408	SAX_LV_ENDOCARDIAL	2	1.0	22
10.85381	-3.27764	-10.63215	RV_INSERT	2	1.0	22
-24.82571	22.13198	-63.39494	RV_INSERT	2	1.0	22
-40.44356	-29.69595	-52.34383	SAX_RV_FREEWALL	3	1.0	22
-42.14013	-28.59119	-54.74983	SAX_RV_FREEWALL	3	1.0	22
-44.36782	-28.59119	-56.46668	SAX_RV_FREEWALL	3	1.0	22
-46.59551	-28.59119	-58.18352	SAX_RV_FREEWALL	3	1.0	22
-48.82319	-28.59119	-59.90037	SAX_RV_FREEWALL	3	1.0	22
-51.05088	-28.59119	-61.61721	SAX_RV_FREEWALL	3	1.0	22
-52.74745	-27.48643	-64.02322	SAX_RV_FREEWALL	3	1.0	22
-54.97514	-27.48643	-65.74006	SAX_RV_FREEWALL	3	1.0	22
-56.14059	-25.27690	-68.83522	SAX_RV_FREEWALL	3	1.0	22
-57.30603	-23.06736	-71.93038	SAX_RV_FREEWALL	3	1.0	22
-59.00260	-21.96260	-74.33638	SAX_RV_FREEWALL	3	1.0	22
-60.16805	-19.75306	-77.43154	SAX_RV_FREEWALL	3	1.0	22
-60.21965	-17.54353	-79.66828	SAX_RV_FREEWALL	3	1.0	22
-61.38509	-15.33399	-82.76344	SAX_RV_FREEWALL	3	1.0	22
-60.32285	-13.12446	-84.14175	SAX_RV_FREEWALL	3	1.0	22
-59.26061	-10.91492	-85.52006	SAX_RV_FREEWALL	3	1.0	22
-55.97068	-8.70538	-85.18153	SAX_RV_FREEWALL	3	1.0	22
-53.79459	-6.49584	-85.70142	SAX_RV_FREEWALL	3	1.0	22
-51.61851	-4.28630	-86.22131	SAX_RV_FREEWALL	3	1.0	22
-48.32858	-2.07677	-85.88278	SAX_RV_FREEWALL	3	1.0	22
-45.03865	0.13277	-85.54425	SAX_RV_FREEWALL	3	1.0	22
-42.86256	2.34231	-86.06414	SAX_RV_FREEWALL	3	1.0	22
-39.57263	4.55185	-85.72561	SAX_RV_FREEWALL	3	1.0	22
-36.81382	5.65662	-84.69792	SAX_RV_FREEWALL	3	1.0	22
-33.52389	7.86616	-84.35938	SAX_RV_FREEWALL	3	1.0	22
-30.23396	10.07570	-84.02085	SAX_RV_FREEWALL	3	1.0	22
-27.47515	11.18047	-82.99316	SAX_RV_FREEWALL	3	1.0	22
-24.18522	13.39001	-82.65463	SAX_RV_FREEWALL	3	1.0	22
-21.42641	14.49478	-81.62694	SAX_RV_FREEWALL	3	1.0	22
-18.66760	15.59955	-80.59925	SAX_RV_FREEWALL	3	1.0	22
-16.43991	15.59955	-78.88241	SAX_RV_FREEWALL	3	1.0	22
3.85220	-18.64823	-29.19060	SAX_RV_FREEWALL	3	1.0	22
1.62451	-18.64823	-30.90744	SAX_RV_FREEWALL	3	1.0	22
-1.13430	-19.75300	-31.93513	SAX_RV_FREEWALL	3	1.0	22
-3.89311	-20.85777	-32.96282	SAX_RV_FREEWALL	3	1.0	22
-6.65192	-21.96254	-33.99051	SAX_RV_FREEWALL	3	1.0	22
-9.41073	-23.06731	-35.01820	SAX_RV_FREEWALL	3	1.0	22
-12.16954	-24.17209	-36.04589	SAX_RV_FREEWALL	3	1.0	22
-15.45947	-26.38162	-36.38442	SAX_RV_FREEWALL	3	1.0	22
-18.21828	-27.48639	-37.41211	SAX_RV_FREEWALL	3	1.0	22
-20.44597	-27.48640	-39.12895	SAX_RV_FREEWALL	3	1.0	22
-23.20478	-28.59117	-40.15664	SAX_RV_FREEWALL	3	1.0	22
-25.43247	-28.59117	-41.87349	SAX_RV_FREEWALL	3	1.0	22
-27.66015	-28.59117	-43.59033	SAX_RV_FREEWALL	3	1.0	22
-29.88784	-28.59117	-45.30718	SAX_RV_FREEWALL	3	1.0	22
-32.64665	-29.69594	-46.33487	SAX_RV_FREEWALL	3	1.0	22
-34.87434	-29.69595	-48.05171	SAX_RV_FREEWALL	3	1.0	22
-37.10203	-29.69595	-49.76856	SAX_RV_FREEWALL	3	1.0	22
-39.32972	-29.69595	-51.48541	SAX_RV_FREEWALL	3	1.0	22
-45.37846	-33.01026	-52.85163	SAX_RV_EPICARDIAL	3	1.0	22
-47.07502	-31.90549	-55.25763	SAX_RV_EPICARDIAL	3	1.0	22
-49.30271	-31.90550	-56.97447	SAX_RV_EPICARDIAL	3	1.0	22
-51.53040	-31.90550	-58.69132	SAX_RV_EPICARDIAL	3	1.0	22
-53.22697	-30.80073	-61.09732	SAX_RV_EPICARDIAL	3	1.0	22
-54.92354	-29.69597	-63.50332	SAX_RV_EPICARDIAL	3	1.0	22
-57.15122	-29.69597	-65.22017	SAX_RV_EPICARDIAL	3	1.0	22
-58.84779	-28.59120	-67.62617	SAX_RV_EPICARDIAL	3	1.0	22
-58.89939	-26.38167	-69.86291	SAX_RV_EPICARDIAL	3	1.0	22
-60.06484	-24.17213	-72.95807	SAX_RV_EPICARDIAL	3	1.0	22
-61.23029	-21.96260	-76.05323	SAX_RV_EPICARDIAL	3	1.0	22
-62.39573	-19.75306	-79.14839	SAX_RV_EPICARDIAL	3	1.0	22
-62.44734	-17.54353	-81.38512	SAX_RV_EPICARDIAL	3	1.0	22
-62.49894	-15.33399	-83.62186	SAX_RV_EPICARDIAL	3	1.0	22
-61.43670	-13.12446	-85.00017	SAX_RV_EPICARDIAL	3	1.0	22
-61.48830	-10.91492	-87.23691	SAX_RV_EPICARDIAL	3	1.0	22
-59.31221	-8.70538	-87.75680	SAX_RV_EPICARDIAL	3	1.0	22
-57.13613	-6.49585	-88.27669	SAX_RV_EPICARDIAL	3	1.0	22
-53.84620	-4.28631	-87.93816	SAX_RV_EPICARDIAL	3	1.0	22
-51.67011	-2.07677	-88.45805	SAX_RV_EPICARDIAL	3	1.0	22
-48.38018	0.13277	-88.11952	SAX_RV_EPICARDIAL	3	1.0	22
-45.09025	2.34231	-87.78098	SAX_RV_EPICARDIAL	3	1.0	22
-42.91416	4.55185	-88.30087	SAX_RV_EPICARDIAL	3	1.0	22
-39.62423	6.76138	-87.96234	SAX_RV_EPICARDIAL	3	1.0	22
-36.33430	8.97092	-87.62381	SAX_RV_EPICARDIAL	3	1.0	22
-33.04437	11.18046	-87.28528	SAX_RV_EPICARDIAL	3	1.0	22
-30.28556	12.28523	-86.25759	SAX_RV_EPICARDIAL	3	1.0	22
-27.52675	13.39000	-85.22990	SAX_RV_EPICARDIAL	3	1.0	22
-24.23682	15.59954	-84.89137	SAX_RV_EPICARDIAL	3	1.0	22
-21.47801	16.70431	-83.86368	SAX_RV_EPICARDIAL	3	1.0	22
-18.71921	17.80908	-82.83599	SAX_RV_EPICARDIAL	3	1.0	22
-16.49152	17.80909	-81.11914	SAX_RV_EPICARDIAL	3	1.0	22
-13.73271	18.91386	-80.09146	SAX_RV_EPICARDIAL	3	1.0	22
-10.97390	20.01863	-79.06377	SAX_RV_EPICARDIAL	3	1.0	22
-11.45342	16.70432	-76.13787	SAX_RV_EPICARDIAL	3	1.0	22
9.95254	-17.54346	-25.58764	SAX_RV_EPICARDIAL	3	1.0	22
7.19373	-18.64823	-26.61533	SAX_RV_EPICARDIAL	3	1.0	22
4.43492	-19.75300	-27.64302	SAX_RV_EPICARDIAL	3	1.0	22
1.67611	-20.85777	-28.67071	SAX_RV_EPICARDIAL	3	1.0	22
-1.08270	-21.96254	-29.69840	SAX_RV_EPICARDIAL	3	1.0	22
-3.84151	-23.06731	-30.72608	SAX_RV_EPICARDIAL	3	1.0	22
-6.60032	-24.17208	-31.75377	SAX_RV_EPICARDIAL	3	1.0	22
-9.89025	-26.38162	-32.09231	SAX_RV_EPICARDIAL	3	1.0	22
-12.64906	-27.48639	-33.11999	SAX_RV_EPICARDIAL	3	1.0	22
-15.40787	-28.59116	-34.14768	SAX_RV_EPICARDIAL	3	1.0	22
-18.16668	-29.69593	-35.17537	SAX_RV_EPICARDIAL	3	1.0	22
-20.92549	-30.80070	-36.20306	SAX_RV_EPICARDIAL	3	1.0	22
-23.68430	-31.90547	-37.23075	SAX_RV_EPICARDIAL	3	1.0	22
-25.91198	-31.90547	-38.94760	SAX_RV_EPICARDIAL	3	1.0	22
-28.13967	-31.90548	-40.66444	SAX_RV_EPICARDIAL	3	1.0	22
-30.89848	-33.01025	-41.69213	SAX_RV_EPICARDIAL	3	1.0	22
-33.12617	-33.01025	-43.40898	SAX_RV_EPICARDIAL	3	1.0	22
-35.35386	-33.01025	-45.12582	SAX_RV_EPICARDIAL	3	1.0	22
-37.58155	-33.01025	-46.84267	SAX_RV_EPICARDIAL	3	1.0	22
-39.80924	-33.01025	-48.55951	SAX_RV_EPICARDIAL	3	1.0	22
-42.03692	-33.01026	-50.27636	SAX_RV_EPICARDIAL	3	1.0	22
-44.26461	-33.01026	-51.99320	SAX_RV_EPICARDIAL	3	1.0	22
-14.21223	15.59955	-77.16556	SAX_RV_SEPTUM	3	1.0	22
-13.62950	14.49478	-75.61798	SAX_RV_SEPTUM	3	1.0	22
-13.57790	12.28525	-73.38125	SAX_RV_SEPTUM	3	1.0	22
-13.52630	10.07571	-71.14451	SAX_RV_SEPTUM	3	1.0	22
-13.47470	7.86618	-68.90777	SAX_RV_SEPTUM	3	1.0	22
-13.42309	5.65664	-66.67104	SAX_RV_SEPTUM	3	1.0	22
-13.37149	3.44711	-64.43430	SAX_RV_SEPTUM	3	1.0	22
-13.31989	1.23757	-62.19757	SAX_RV_SEPTUM	3	1.0	22
-13.26829	-0.97196	-59.96083	SAX_RV_SEPTUM	3	1.0	22
-13.21668	-3.18150	-57.72409	SAX_RV_SEPTUM	3	1.0	22
-12.05124	-5.39103	-54.62893	SAX_RV_SEPTUM	3	1.0	22
-10.88579	-7.60057	-51.53377	SAX_RV_SEPTUM	3	1.0	22
-9.72034	-9.81010	-48.43862	SAX_RV_SEPTUM	3	1.0	22
-8.55490	-12.01964	-45.34346	SAX_RV_SEPTUM	3	1.0	22
-6.85833	-13.12440	-42.93745	SAX_RV_SEPTUM	3	1.0	22
-4.63064	-13.12440	-41.22061	SAX_RV_SEPTUM	3	1.0	22
-2.93407	-14.22917	-38.81461	SAX_RV_SEPTUM	3	1.0	22
-0.70639	-14.22916	-37.09776	SAX_RV_SEPTUM	3	1.0	22
0.99018	-15.33393	-34.69176	SAX_RV_SEPTUM	3	1.0	22
3.21787	-15.33393	-32.97491	SAX_RV_SEPTUM	3	1.0	22
5.44556	-15.33393	-31.25807	SAX_RV_SEPTUM	3	1.0	22
7.67325	-15.33392	-29.54122	SAX_RV_SEPTUM	3	1.0	22
6.61101	-17.54346	-28.16291	SAX_RV_SEPTUM	3	1.0	22
-9.27733	18.91386	-76.65776	SAX_LV_EPICARDIAL	3	1.0	22
-8.21509	21.12340	-78.03608	SAX_LV_EPICARDIAL	3	1.0	22
-6.03900	23.33293	-78.55597	SAX_LV_EPICARDIAL	3	1.0	22
-3.86292	25.54247	-79.07586	SAX_LV_EPICARDIAL	3	1.0	22
-1.68683	27.75201	-79.59575	SAX_LV_EPICARDIAL	3	1.0	22
1.60310	29.96155	-79.25722	SAX_LV_EPICARDIAL	3	1.0	22
4.89303	32.17109	-78.91869	SAX_LV_EPICARDIAL	3	1.0	22
7.65184	33.27586	-77.89100	SAX_LV_EPICARDIAL	3	1.0	22
10.94177	35.48540	-77.55246	SAX_LV_EPICARDIAL	3	1.0	22
13.70058	36.59017	-76.52478	SAX_LV_EPICARDIAL	3	1.0	22
16.45939	37.69494	-75.49709	SAX_LV_EPICARDIAL	3	1.0	22
19.74932	39.90448	-75.15855	SAX_LV_EPICARDIAL	3	1.0	22
21.97701	39.90448	-73.44171	SAX_LV_EPICARDIAL	3	1.0	22
24.73582	41.00925	-72.41402	SAX_LV_EPICARDIAL	3	1.0	22
26.96351	41.00925	-70.69717	SAX_LV_EPICARDIAL	3	1.0	22
29.72231	42.11402	-69.66948	SAX_LV_EPICARDIAL	3	1.0	22
31.95000	42.11402	-67.95264	SAX_LV_EPICARDIAL	3	1.0	22
34.17769	42.11403	-66.23579	SAX_LV_EPICARDIAL	3	1.0	22
36.40538	42.11403	-64.51895	SAX_LV_EPICARDIAL	3	1.0	22
38.10195	41.00926	-62.11295	SAX_LV_EPICARDIAL	3	1.0	22
40.32964	41.00926	-60.39610	SAX_LV_EPICARDIAL	3	1.0	22
42.02620	39.90450	-57.99010	SAX_LV_EPICARDIAL	3	1.0	22
43.72277	38.79973	-55.58410	SAX_LV_EPICARDIAL	3	1.0	22
45.41934	37.69497	-53.17809	SAX_LV_EPICARDIAL	3	1.0	22
47.11591	36.59020	-50.77209	SAX_LV_EPICARDIAL	3	1.0	22
48.28135	34.38067	-47.67693	SAX_LV_EPICARDIAL	3	1.0	22
49.44680	32.17113	-44.58177	SAX_LV_EPICARDIAL	3	1.0	22
49.49840	29.96160	-42.34504	SAX_LV_EPICARDIAL	3	1.0	22
50.66385	27.75206	-39.24988	SAX_LV_EPICARDIAL	3	1.0	22
50.71545	25.54253	-37.01314	SAX_LV_EPICARDIAL	3	1.0	22
50.76705	23.33299	-34.77640	SAX_LV_EPICARDIAL	3	1.0	22
50.81865	21.12346	-32.53967	SAX_LV_EPICARDIAL	3	1.0	22
49.75641	18.91392	-31.16136	SAX_LV_EPICARDIAL	3	1.0	22
49.80802	16.70438	-28.92462	SAX_LV_EPICARDIAL	3	1.0	22
48.74577	14.49485	-27.54631	SAX_LV_EPICARDIAL	3	1.0	22
47.68353	12.28531	-26.16799	SAX_LV_EPICARDIAL	3	1.0	22
46.62129	10.07577	-24.78968	SAX_LV_EPICARDIAL	3	1.0	22
45.55905	7.86624	-23.41137	SAX_LV_EPICARDIAL	3	1.0	22
44.49681	5.65670	-22.03305	SAX_LV_EPICARDIAL	3	1.0	22
42.32072	3.44716	-21.51316	SAX_LV_EPICARDIAL	3	1.0	22
41.25848	1.23763	-20.13485	SAX_LV_EPICARDIAL	3	1.0	22
39.08239	-0.97191	-19.61496	SAX_LV_EPICARDIAL	3	1.0	22
36.90631	-3.18145	-19.09507	SAX_LV_EPICARDIAL	3	1.0	22
34.73022	-5.39099	-18.57518	SAX_LV_EPICARDIAL	3	1.0	22
32.55413	-7.60052	-18.05529	SAX_LV_EPICARDIAL	3	1.0	22
29.26420	-9.81006	-18.39382	SAX_LV_EPICARDIAL	3	1.0	22
26.50539	-10.91483	-19.42151	SAX_LV_EPICARDIAL	3	1.0	22
23.74658	-12.01960	-20.44920	SAX_LV_EPICARDIAL	3	1.0	22
20.98778	-13.12437	-21.47688	SAX_LV_EPICARDIAL	3	1.0	22
18.22897	-14.22915	-22.50457	SAX_LV_EPICARDIAL	3	1.0	22
16.00128	-14.22915	-24.22142	SAX_LV_EPICARDIAL	3	1.0	22
13.24247	-15.33392	-25.24911	SAX_LV_EPICARDIAL	3	1.0	22
11.01478	-15.33392	-26.96595	SAX_LV_EPICARDIAL	3	1.0	22
13.08766	-8.70531	-31.95932	SAX_LV_ENDOCARDIAL	3	1.0	22
11.39109	-7.60055	-34.36532	SAX_LV_ENDOCARDIAL	3	1.0	22
9.16340	-7.60055	-36.08216	SAX_LV_ENDOCARDIAL	3	1.0	22
7.46684	-6.49578	-38.48817	SAX_LV_ENDOCARDIAL	3	1.0	22
5.23915	-6.49578	-40.20501	SAX_LV_ENDOCARDIAL	3	1.0	22
3.54258	-5.39102	-42.61101	SAX_LV_ENDOCARDIAL	3	1.0	22
1.31489	-5.39102	-44.32786	SAX_LV_ENDOCARDIAL	3	1.0	22
0.14945	-3.18149	-47.42302	SAX_LV_ENDOCARDIAL	3	1.0	22
-1.54712	-2.07672	-49.82902	SAX_LV_ENDOCARDIAL	3	1.0	22
-2.71257	0.13281	-52.92418	SAX_LV_ENDOCARDIAL	3	1.0	22
-2.76417	2.34235	-55.16092	SAX_LV_ENDOCARDIAL	3	1.0	22
-3.92962	4.55188	-58.25608	SAX_LV_ENDOCARDIAL	3	1.0	22
-3.98122	6.76142	-60.49281	SAX_LV_ENDOCARDIAL	3	1.0	22
-4.03282	8.97096	-62.72955	SAX_LV_ENDOCARDIAL	3	1.0	22
-4.08442	11.18049	-64.96628	SAX_LV_ENDOCARDIAL	3	1.0	22
-4.13603	13.39003	-67.20302	SAX_LV_ENDOCARDIAL	3	1.0	22
-4.18763	15.59956	-69.43976	SAX_LV_ENDOCARDIAL	3	1.0	22
-3.12539	17.80910	-70.81807	SAX_LV_ENDOCARDIAL	3	1.0	22
-0.94930	20.01864	-71.33796	SAX_LV_ENDOCARDIAL	3	1.0	22
0.11294	22.22817	-72.71627	SAX_LV_ENDOCARDIAL	3	1.0	22
3.40287	24.43771	-72.37774	SAX_LV_ENDOCARDIAL	3	1.0	22
5.57896	26.64725	-72.89763	SAX_LV_ENDOCARDIAL	3	1.0	22
8.86889	28.85679	-72.55910	SAX_LV_ENDOCARDIAL	3	1.0	22
12.15882	31.06633	-72.22057	SAX_LV_ENDOCARDIAL	3	1.0	22
14.91763	32.17110	-71.19288	SAX_LV_ENDOCARDIAL	3	1.0	22
17.67644	33.27587	-70.16519	SAX_LV_ENDOCARDIAL	3	1.0	22
19.90413	33.27587	-68.44835	SAX_LV_ENDOCARDIAL	3	1.0	22
22.66294	34.38064	-67.42066	SAX_LV_ENDOCARDIAL	3	1.0	22
24.89062	34.38064	-65.70381	SAX_LV_ENDOCARDIAL	3	1.0	22
27.11831	34.38064	-63.98697	SAX_LV_ENDOCARDIAL	3	1.0	22
29.87712	35.48542	-62.95928	SAX_LV_ENDOCARDIAL	3	1.0	22
32.10481	35.48542	-61.24243	SAX_LV_ENDOCARDIAL	3	1.0	22
34.33250	35.48542	-59.52558	SAX_LV_ENDOCARDIAL	3	1.0	22
36.02907	34.38065	-57.11958	SAX_LV_ENDOCARDIAL	3	1.0	22
38.25675	34.38066	-55.40274	SAX_LV_ENDOCARDIAL	3	1.0	22
39.95332	33.27589	-52.99673	SAX_LV_ENDOCARDIAL	3	1.0	22
41.64989	32.17112	-50.59073	SAX_LV_ENDOCARDIAL	3	1.0	22
42.81534	29.96159	-47.49557	SAX_LV_ENDOCARDIAL	3	1.0	22
43.98078	27.75205	-44.40041	SAX_LV_ENDOCARDIAL	3	1.0	22
44.03238	25.54252	-42.16368	SAX_LV_ENDOCARDIAL	3	1.0	22
45.19783	23.33299	-39.06852	SAX_LV_ENDOCARDIAL	3	1.0	22
45.24943	21.12345	-36.83178	SAX_LV_ENDOCARDIAL	3	1.0	22
45.30104	18.91391	-34.59505	SAX_LV_ENDOCARDIAL	3	1.0	22
44.23879	16.70438	-33.21673	SAX_LV_ENDOCARDIAL	3	1.0	22
43.17655	14.49484	-31.83842	SAX_LV_ENDOCARDIAL	3	1.0	22
42.11431	12.28530	-30.46011	SAX_LV_ENDOCARDIAL	3	1.0	22
41.05207	10.07577	-29.08179	SAX_LV_ENDOCARDIAL	3	1.0	22
39.98983	7.86623	-27.70348	SAX_LV_ENDOCARDIAL	3	1.0	22
38.92758	5.65669	-26.32517	SAX_LV_ENDOCARDIAL	3	1.0	22
37.86534	3.44716	-24.94685	SAX_LV_ENDOCARDIAL	3	1.0	22
35.68926	1.23762	-24.42696	SAX_LV_ENDOCARDIAL	3	1.0	22
33.51317	-0.97192	-23.90707	SAX_LV_ENDOCARDIAL	3	1.0	22
31.33708	-3.18145	-23.38718	SAX_LV_ENDOCARDIAL	3	1.0	22
28.57828	-4.28623	-24.41487	SAX_LV_ENDOCARDIAL	3	1.0	22
25.81947	-5.39100	-25.44256	SAX_LV_ENDOCARDIAL	3	1.0	22
23.06066	-6.49577	-26.47025	SAX_LV_ENDOCARDIAL	3	1.0	22
20.30185	-7.60054	-27.49794	SAX_LV_ENDOCARDIAL	3	1.0	22
18.07416	-7.60054	-29.21478	SAX_LV_ENDOCARDIAL	3	1.0	22
15.84647	-7.60054	-30.93163	SAX_LV_ENDOCARDIAL	3	1.0	22
6.61101	-17.54346	-28.16291	RV_INSERT	3	1.0	22
-14.21223	15.59955	-77.16556	RV_INSERT	3	1.0	22
-37.14847	-32.91358	-75.04881	SAX_RV_FREEWALL	4	1.0	22
-38.84504	-31.80882	-77.45481	SAX_RV_FREEWALL	4	1.0	22
-41.07272	-31.80882	-79.17166	SAX_RV_FREEWALL	4	1.0	22
-42.76929	-30.70405	-81.57766	SAX_RV_FREEWALL	4	1.0	22
-44.99698	-30.70406	-83.29450	SAX_RV_FREEWALL	4	1.0	22
-46.16243	-28.49452	-86.38966	SAX_RV_FREEWALL	4	1.0	22
-47.32787	-26.28499	-89.48482	SAX_RV_FREEWALL	4	1.0	22
-47.37948	-24.07545	-91.72156	SAX_RV_FREEWALL	4	1.0	22
-47.43108	-21.86592	-93.95829	SAX_RV_FREEWALL	4	1.0	22
-45.25499	-19.65638	-94.47818	SAX_RV_FREEWALL	4	1.0	22
-44.19275	-17.44684	-95.85650	SAX_RV_FREEWALL	4	1.0	22
-40.90282	-15.23730	-95.51797	SAX_RV_FREEWALL	4	1.0	22
-38.72673	-13.02777	-96.03786	SAX_RV_FREEWALL	4	1.0	22
-35.43680	-10.81823	-95.69932	SAX_RV_FREEWALL	4	1.0	22
-32.14687	-8.60869	-95.36079	SAX_RV_FREEWALL	4	1.0	22
-28.85694	-6.39915	-95.02226	SAX_RV_FREEWALL	4	1.0	22
-25.56701	-4.18961	-94.68373	SAX_RV_FREEWALL	4	1.0	22
-22.80820	-3.08484	-93.65604	SAX_RV_FREEWALL	4	1.0	22
-19.51827	-0.87530	-93.31751	SAX_RV_FREEWALL	4	1.0	22
-16.75946	0.22947	-92.28982	SAX_RV_FREEWALL	4	1.0	22
-13.46953	2.43901	-91.95129	SAX_RV_FREEWALL	4	1.0	22
-10.71072	3.54378	-90.92360	SAX_RV_FREEWALL	4	1.0	22
-7.95191	4.64855	-89.89591	SAX_RV_FREEWALL	4	1.0	22
-5.19311	5.75332	-88.86822	SAX_RV_FREEWALL	4	1.0	22
-2.96542	5.75332	-87.15137	SAX_RV_FREEWALL	4	1.0	22
3.85736	-24.07540	-52.23411	SAX_RV_FREEWALL	4	1.0	22
1.09855	-25.18017	-53.26180	SAX_RV_FREEWALL	4	1.0	22
-1.66026	-26.28494	-54.28949	SAX_RV_FREEWALL	4	1.0	22
-4.41907	-27.38971	-55.31718	SAX_RV_FREEWALL	4	1.0	22
-6.64676	-27.38971	-57.03402	SAX_RV_FREEWALL	4	1.0	22
-9.40557	-28.49448	-58.06171	SAX_RV_FREEWALL	4	1.0	22
-12.16438	-29.59925	-59.08940	SAX_RV_FREEWALL	4	1.0	22
-14.39207	-29.59926	-60.80624	SAX_RV_FREEWALL	4	1.0	22
-17.15088	-30.70403	-61.83393	SAX_RV_FREEWALL	4	1.0	22
-19.90968	-31.80880	-62.86162	SAX_RV_FREEWALL	4	1.0	22
-22.13737	-31.80880	-64.57847	SAX_RV_FREEWALL	4	1.0	22
-24.89618	-32.91357	-65.60616	SAX_RV_FREEWALL	4	1.0	22
-27.12387	-32.91357	-67.32300	SAX_RV_FREEWALL	4	1.0	22
-29.35156	-32.91358	-69.03985	SAX_RV_FREEWALL	4	1.0	22
-31.57925	-32.91358	-70.75669	SAX_RV_FREEWALL	4	1.0	22
-33.80694	-32.91358	-72.47354	SAX_RV_FREEWALL	4	1.0	22
-36.03462	-32.91358	-74.19039	SAX_RV_FREEWALL	4	1.0	22
-40.43840	-35.12312	-75.38734	SAX_RV_EPICARDIAL	4	1.0	22
-42.13497	-34.01836	-77.79334	SAX_RV_EPICARDIAL	4	1.0	22
-44.36265	-34.01836	-79.51019	SAX_RV_EPICARDIAL	4	1.0	22
-46.05922	-32.91359	-81.91619	SAX_RV_EPICARDIAL	4	1.0	22
-47.75579	-31.80883	-84.32219	SAX_RV_EPICARDIAL	4	1.0	22
-48.92124	-29.59929	-87.41735	SAX_RV_EPICARDIAL	4	1.0	22
-50.08668	-27.38976	-90.51251	SAX_RV_EPICARDIAL	4	1.0	22
-50.13829	-25.18022	-92.74925	SAX_RV_EPICARDIAL	4	1.0	22
-49.07604	-22.97069	-94.12756	SAX_RV_EPICARDIAL	4	1.0	22
-49.12765	-20.76115	-96.36430	SAX_RV_EPICARDIAL	4	1.0	22
-46.95156	-18.55161	-96.88419	SAX_RV_EPICARDIAL	4	1.0	22
-45.88932	-16.34208	-98.26250	SAX_RV_EPICARDIAL	4	1.0	22
-42.59939	-14.13254	-97.92397	SAX_RV_EPICARDIAL	4	1.0	22
-39.30946	-11.92300	-97.58544	SAX_RV_EPICARDIAL	4	1.0	22
-36.01953	-9.71346	-97.24690	SAX_RV_EPICARDIAL	4	1.0	22
-33.84344	-7.50392	-97.76679	SAX_RV_EPICARDIAL	4	1.0	22
-30.55351	-5.29438	-97.42826	SAX_RV_EPICARDIAL	4	1.0	22
-27.26358	-3.08484	-97.08973	SAX_RV_EPICARDIAL	4	1.0	22
-23.97365	-0.87531	-96.75120	SAX_RV_EPICARDIAL	4	1.0	22
-21.21484	0.22947	-95.72351	SAX_RV_EPICARDIAL	4	1.0	22
-17.92491	2.43900	-95.38498	SAX_RV_EPICARDIAL	4	1.0	22
-15.16610	3.54377	-94.35729	SAX_RV_EPICARDIAL	4	1.0	22
-12.40729	4.64855	-93.32960	SAX_RV_EPICARDIAL	4	1.0	22
-9.64848	5.75332	-92.30191	SAX_RV_EPICARDIAL	4	1.0	22
-6.88967	6.85809	-91.27422	SAX_RV_EPICARDIAL	4	1.0	22
-4.13086	7.96286	-90.24653	SAX_RV_EPICARDIAL	4	1.0	22
-1.37205	9.06763	-89.21884	SAX_RV_EPICARDIAL	4	1.0	22
0.85563	9.06763	-87.50200	SAX_RV_EPICARDIAL	4	1.0	22
0.32451	7.96286	-86.81284	SAX_RV_EPICARDIAL	4	1.0	22
-0.73773	5.75332	-85.43453	SAX_RV_EPICARDIAL	4	1.0	22
8.84386	-22.97063	-49.48957	SAX_RV_EPICARDIAL	4	1.0	22
9.42658	-24.07539	-47.94199	SAX_RV_EPICARDIAL	4	1.0	22
6.66777	-25.18017	-48.96968	SAX_RV_EPICARDIAL	4	1.0	22
3.90896	-26.28494	-49.99737	SAX_RV_EPICARDIAL	4	1.0	22
1.15015	-27.38971	-51.02506	SAX_RV_EPICARDIAL	4	1.0	22
-1.60866	-28.49448	-52.05275	SAX_RV_EPICARDIAL	4	1.0	22
-4.36747	-29.59925	-53.08044	SAX_RV_EPICARDIAL	4	1.0	22
-6.59516	-29.59925	-54.79728	SAX_RV_EPICARDIAL	4	1.0	22
-9.35397	-30.70402	-55.82497	SAX_RV_EPICARDIAL	4	1.0	22
-12.11277	-31.80879	-56.85266	SAX_RV_EPICARDIAL	4	1.0	22
-14.34046	-31.80879	-58.56951	SAX_RV_EPICARDIAL	4	1.0	22
-17.09927	-32.91356	-59.59720	SAX_RV_EPICARDIAL	4	1.0	22
-19.85808	-34.01833	-60.62489	SAX_RV_EPICARDIAL	4	1.0	22
-22.08577	-34.01834	-62.34173	SAX_RV_EPICARDIAL	4	1.0	22
-24.84458	-35.12311	-63.36942	SAX_RV_EPICARDIAL	4	1.0	22
-27.07227	-35.12311	-65.08627	SAX_RV_EPICARDIAL	4	1.0	22
-29.29996	-35.12311	-66.80311	SAX_RV_EPICARDIAL	4	1.0	22
-31.52765	-35.12311	-68.51996	SAX_RV_EPICARDIAL	4	1.0	22
-33.75533	-35.12312	-70.23680	SAX_RV_EPICARDIAL	4	1.0	22
-35.98302	-35.12312	-71.95365	SAX_RV_EPICARDIAL	4	1.0	22
-38.21071	-35.12312	-73.67049	SAX_RV_EPICARDIAL	4	1.0	22
-0.73773	5.75332	-85.43453	SAX_RV_SEPTUM	4	1.0	22
-1.79997	3.54379	-84.05621	SAX_RV_SEPTUM	4	1.0	22
-1.74837	1.33425	-81.81948	SAX_RV_SEPTUM	4	1.0	22
-3.92445	-0.87529	-81.29959	SAX_RV_SEPTUM	4	1.0	22
-3.87285	-3.08482	-79.06285	SAX_RV_SEPTUM	4	1.0	22
-3.82125	-5.29436	-76.82612	SAX_RV_SEPTUM	4	1.0	22
-3.76965	-7.50389	-74.58938	SAX_RV_SEPTUM	4	1.0	22
-4.83189	-9.71343	-73.21107	SAX_RV_SEPTUM	4	1.0	22
-3.66644	-11.92296	-70.11591	SAX_RV_SEPTUM	4	1.0	22
-2.50100	-14.13250	-67.02075	SAX_RV_SEPTUM	4	1.0	22
-0.80443	-15.23726	-64.61474	SAX_RV_SEPTUM	4	1.0	22
0.36102	-17.44680	-61.51959	SAX_RV_SEPTUM	4	1.0	22
2.05759	-18.55156	-59.11358	SAX_RV_SEPTUM	4	1.0	22
3.75415	-19.65633	-56.70758	SAX_RV_SEPTUM	4	1.0	22
5.45072	-20.76110	-54.30158	SAX_RV_SEPTUM	4	1.0	22
7.14729	-21.86586	-51.89558	SAX_RV_SEPTUM	4	1.0	22
6.61617	-22.97063	-51.20642	SAX_RV_SEPTUM	4	1.0	22
3.08332	9.06763	-85.78515	SAX_LV_EPICARDIAL	4	1.0	22
4.14556	11.27717	-87.16347	SAX_LV_EPICARDIAL	4	1.0	22
6.32165	13.48671	-87.68336	SAX_LV_EPICARDIAL	4	1.0	22
9.61158	15.69624	-87.34482	SAX_LV_EPICARDIAL	4	1.0	22
11.78767	17.90578	-87.86471	SAX_LV_EPICARDIAL	4	1.0	22
15.07760	20.11532	-87.52618	SAX_LV_EPICARDIAL	4	1.0	22
18.36753	22.32486	-87.18765	SAX_LV_EPICARDIAL	4	1.0	22
21.65746	24.53440	-86.84912	SAX_LV_EPICARDIAL	4	1.0	22
24.41627	25.63917	-85.82143	SAX_LV_EPICARDIAL	4	1.0	22
27.17508	26.74394	-84.79374	SAX_LV_EPICARDIAL	4	1.0	22
29.40277	26.74394	-83.07689	SAX_LV_EPICARDIAL	4	1.0	22
32.16157	27.84871	-82.04921	SAX_LV_EPICARDIAL	4	1.0	22
34.38926	27.84871	-80.33236	SAX_LV_EPICARDIAL	4	1.0	22
36.61695	27.84872	-78.61551	SAX_LV_EPICARDIAL	4	1.0	22
38.84464	27.84872	-76.89867	SAX_LV_EPICARDIAL	4	1.0	22
41.07233	27.84872	-75.18182	SAX_LV_EPICARDIAL	4	1.0	22
42.76890	26.74396	-72.77582	SAX_LV_EPICARDIAL	4	1.0	22
44.99658	26.74396	-71.05898	SAX_LV_EPICARDIAL	4	1.0	22
46.69315	25.63919	-68.65297	SAX_LV_EPICARDIAL	4	1.0	22
48.38972	24.53443	-66.24697	SAX_LV_EPICARDIAL	4	1.0	22
50.61741	24.53443	-64.53013	SAX_LV_EPICARDIAL	4	1.0	22
51.78285	22.32489	-61.43497	SAX_LV_EPICARDIAL	4	1.0	22
53.47942	21.22013	-59.02896	SAX_LV_EPICARDIAL	4	1.0	22
54.64487	19.01059	-55.93380	SAX_LV_EPICARDIAL	4	1.0	22
54.69647	16.80106	-53.69707	SAX_LV_EPICARDIAL	4	1.0	22
54.74807	14.59152	-51.46033	SAX_LV_EPICARDIAL	4	1.0	22
54.79968	12.38199	-49.22360	SAX_LV_EPICARDIAL	4	1.0	22
54.85128	10.17245	-46.98686	SAX_LV_EPICARDIAL	4	1.0	22
53.78904	7.96291	-45.60855	SAX_LV_EPICARDIAL	4	1.0	22
52.72679	5.75338	-44.23023	SAX_LV_EPICARDIAL	4	1.0	22
51.66455	3.54384	-42.85192	SAX_LV_EPICARDIAL	4	1.0	22
50.60231	1.33430	-41.47361	SAX_LV_EPICARDIAL	4	1.0	22
49.54007	-0.87523	-40.09529	SAX_LV_EPICARDIAL	4	1.0	22
48.47783	-3.08477	-38.71698	SAX_LV_EPICARDIAL	4	1.0	22
47.41558	-5.29431	-37.33867	SAX_LV_EPICARDIAL	4	1.0	22
45.23950	-7.50384	-36.81878	SAX_LV_EPICARDIAL	4	1.0	22
43.06341	-9.71338	-36.29888	SAX_LV_EPICARDIAL	4	1.0	22
40.88733	-11.92292	-35.77899	SAX_LV_EPICARDIAL	4	1.0	22
37.59740	-14.13246	-36.11753	SAX_LV_EPICARDIAL	4	1.0	22
34.30747	-16.34200	-36.45606	SAX_LV_EPICARDIAL	4	1.0	22
31.54866	-17.44677	-37.48375	SAX_LV_EPICARDIAL	4	1.0	22
28.78985	-18.55154	-38.51144	SAX_LV_EPICARDIAL	4	1.0	22
26.03104	-19.65631	-39.53912	SAX_LV_EPICARDIAL	4	1.0	22
23.27223	-20.76108	-40.56681	SAX_LV_EPICARDIAL	4	1.0	22
20.51342	-21.86585	-41.59450	SAX_LV_EPICARDIAL	4	1.0	22
18.28573	-21.86585	-43.31135	SAX_LV_EPICARDIAL	4	1.0	22
16.05804	-21.86585	-45.02819	SAX_LV_EPICARDIAL	4	1.0	22
13.83035	-21.86585	-46.74504	SAX_LV_EPICARDIAL	4	1.0	22
11.60267	-21.86586	-48.46189	SAX_LV_EPICARDIAL	4	1.0	22
13.67555	-15.23725	-53.45525	SAX_LV_ENDOCARDIAL	4	1.0	22
11.97898	-14.13248	-55.86125	SAX_LV_ENDOCARDIAL	4	1.0	22
10.28241	-13.02772	-58.26725	SAX_LV_ENDOCARDIAL	4	1.0	22
8.58584	-11.92295	-60.67326	SAX_LV_ENDOCARDIAL	4	1.0	22
6.88928	-10.81818	-63.07926	SAX_LV_ENDOCARDIAL	4	1.0	22
5.72383	-8.60865	-66.17442	SAX_LV_ENDOCARDIAL	4	1.0	22
4.55838	-6.39912	-69.26958	SAX_LV_ENDOCARDIAL	4	1.0	22
4.50678	-4.18958	-71.50631	SAX_LV_ENDOCARDIAL	4	1.0	22
4.45518	-1.98004	-73.74305	SAX_LV_ENDOCARDIAL	4	1.0	22
4.40358	0.22949	-75.97978	SAX_LV_ENDOCARDIAL	4	1.0	22
5.46582	2.43903	-77.35810	SAX_LV_ENDOCARDIAL	4	1.0	22
5.41422	4.64856	-79.59483	SAX_LV_ENDOCARDIAL	4	1.0	22
6.47646	6.85810	-80.97315	SAX_LV_ENDOCARDIAL	4	1.0	22
8.65254	9.06764	-81.49304	SAX_LV_ENDOCARDIAL	4	1.0	22
10.82863	11.27717	-82.01293	SAX_LV_ENDOCARDIAL	4	1.0	22
13.00472	13.48671	-82.53282	SAX_LV_ENDOCARDIAL	4	1.0	22
15.18080	15.69625	-83.05271	SAX_LV_ENDOCARDIAL	4	1.0	22
17.93961	16.80102	-82.02502	SAX_LV_ENDOCARDIAL	4	1.0	22
21.22954	19.01056	-81.68649	SAX_LV_ENDOCARDIAL	4	1.0	22
23.98835	20.11533	-80.65880	SAX_LV_ENDOCARDIAL	4	1.0	22
26.74716	21.22010	-79.63111	SAX_LV_ENDOCARDIAL	4	1.0	22
28.97485	21.22010	-77.91427	SAX_LV_ENDOCARDIAL	4	1.0	22
31.20254	21.22010	-76.19742	SAX_LV_ENDOCARDIAL	4	1.0	22
33.96135	22.32488	-75.16973	SAX_LV_ENDOCARDIAL	4	1.0	22
36.18904	22.32488	-73.45289	SAX_LV_ENDOCARDIAL	4	1.0	22
38.41672	22.32488	-71.73604	SAX_LV_ENDOCARDIAL	4	1.0	22
40.64441	22.32488	-70.01919	SAX_LV_ENDOCARDIAL	4	1.0	22
42.34098	21.22012	-67.61319	SAX_LV_ENDOCARDIAL	4	1.0	22
44.03755	20.11535	-65.20719	SAX_LV_ENDOCARDIAL	4	1.0	22
45.73411	19.01058	-62.80119	SAX_LV_ENDOCARDIAL	4	1.0	22
47.43068	17.90582	-60.39518	SAX_LV_ENDOCARDIAL	4	1.0	22
48.59613	15.69628	-57.30003	SAX_LV_ENDOCARDIAL	4	1.0	22
48.64773	13.48675	-55.06329	SAX_LV_ENDOCARDIAL	4	1.0	22
48.69933	11.27721	-52.82655	SAX_LV_ENDOCARDIAL	4	1.0	22
48.75094	9.06768	-50.58982	SAX_LV_ENDOCARDIAL	4	1.0	22
48.80254	6.85814	-48.35308	SAX_LV_ENDOCARDIAL	4	1.0	22
47.74030	4.64860	-46.97477	SAX_LV_ENDOCARDIAL	4	1.0	22
46.67805	2.43907	-45.59645	SAX_LV_ENDOCARDIAL	4	1.0	22
45.61581	0.22953	-44.21814	SAX_LV_ENDOCARDIAL	4	1.0	22
43.43973	-1.98001	-43.69825	SAX_LV_ENDOCARDIAL	4	1.0	22
41.26364	-4.18954	-43.17836	SAX_LV_ENDOCARDIAL	4	1.0	22
39.08755	-6.39908	-42.65847	SAX_LV_ENDOCARDIAL	4	1.0	22
36.91147	-8.60862	-42.13858	SAX_LV_ENDOCARDIAL	4	1.0	22
33.62154	-10.81816	-42.47711	SAX_LV_ENDOCARDIAL	4	1.0	22
30.86273	-11.92293	-43.50480	SAX_LV_ENDOCARDIAL	4	1.0	22
27.57280	-14.13247	-43.84333	SAX_LV_ENDOCARDIAL	4	1.0	22
25.34511	-14.13247	-45.56018	SAX_LV_ENDOCARDIAL	4	1.0	22
22.58630	-15.23724	-46.58787	SAX_LV_ENDOCARDIAL	4	1.0	22
20.35861	-15.23724	-48.30471	SAX_LV_ENDOCARDIAL	4	1.0	22
18.13092	-15.23724	-50.02156	SAX_LV_ENDOCARDIAL	4	1.0	22
15.90324	-15.23725	-51.73840	SAX_LV_ENDOCARDIAL	4	1.0	22
-2.96542	5.75332	-87.15137	RV_INSERT	4	1.0	22
6.61617	-22.97063	-51.20642	RV_INSERT	4	1.0	22
-20.05933	-30.60736	-92.61584	SAX_RV_FREEWALL	5	1.0	22
-21.75590	-29.50260	-95.02185	SAX_RV_FREEWALL	5	1.0	22
-23.98358	-29.50260	-96.73869	SAX_RV_FREEWALL	5	1.0	22
-24.03519	-27.29306	-98.97543	SAX_RV_FREEWALL	5	1.0	22
-22.97295	-25.08353	-100.35374	SAX_RV_FREEWALL	5	1.0	22
-20.79686	-22.87399	-100.87363	SAX_RV_FREEWALL	5	1.0	22
-18.62077	-20.66445	-101.39352	SAX_RV_FREEWALL	5	1.0	22
-15.33084	-18.45491	-101.05499	SAX_RV_FREEWALL	5	1.0	22
-13.15476	-16.24537	-101.57488	SAX_RV_FREEWALL	5	1.0	22
-9.86483	-14.03583	-101.23635	SAX_RV_FREEWALL	5	1.0	22
-6.57490	-11.82630	-100.89782	SAX_RV_FREEWALL	5	1.0	22
-3.81609	-10.72153	-99.87013	SAX_RV_FREEWALL	5	1.0	22
-0.52616	-8.51199	-99.53159	SAX_RV_FREEWALL	5	1.0	22
2.76377	-6.30245	-99.19306	SAX_RV_FREEWALL	5	1.0	22
5.52258	-5.19768	-98.16537	SAX_RV_FREEWALL	5	1.0	22
8.28139	-4.09291	-97.13768	SAX_RV_FREEWALL	5	1.0	22
10.50908	-4.09290	-95.42084	SAX_RV_FREEWALL	5	1.0	22
12.67007	-25.08349	-72.88421	SAX_RV_FREEWALL	5	1.0	22
10.44238	-25.08349	-74.60106	SAX_RV_FREEWALL	5	1.0	22
8.21469	-25.08349	-76.31790	SAX_RV_FREEWALL	5	1.0	22
5.98700	-25.08350	-78.03475	SAX_RV_FREEWALL	5	1.0	22
3.22819	-26.18827	-79.06244	SAX_RV_FREEWALL	5	1.0	22
1.00051	-26.18827	-80.77928	SAX_RV_FREEWALL	5	1.0	22
-1.75830	-27.29304	-81.80697	SAX_RV_FREEWALL	5	1.0	22
-3.98599	-27.29304	-83.52382	SAX_RV_FREEWALL	5	1.0	22
-6.74480	-28.39781	-84.55151	SAX_RV_FREEWALL	5	1.0	22
-8.97249	-28.39781	-86.26835	SAX_RV_FREEWALL	5	1.0	22
-11.73130	-29.50259	-87.29604	SAX_RV_FREEWALL	5	1.0	22
-14.49011	-30.60736	-88.32373	SAX_RV_FREEWALL	5	1.0	22
-16.71780	-30.60736	-90.04057	SAX_RV_FREEWALL	5	1.0	22
-18.94548	-30.60736	-91.75742	SAX_RV_FREEWALL	5	1.0	22
-21.65269	-33.92167	-90.54837	SAX_RV_EPICARDIAL	5	1.0	22
-23.34926	-32.81690	-92.95437	SAX_RV_EPICARDIAL	5	1.0	22
-25.04583	-31.71213	-95.36038	SAX_RV_EPICARDIAL	5	1.0	22
-27.27352	-31.71214	-97.07722	SAX_RV_EPICARDIAL	5	1.0	22
-27.32512	-29.50260	-99.31396	SAX_RV_EPICARDIAL	5	1.0	22
-26.26288	-27.29306	-100.69227	SAX_RV_EPICARDIAL	5	1.0	22
-25.20063	-25.08353	-102.07059	SAX_RV_EPICARDIAL	5	1.0	22
-23.02455	-22.87399	-102.59048	SAX_RV_EPICARDIAL	5	1.0	22
-20.84846	-20.66445	-103.11037	SAX_RV_EPICARDIAL	5	1.0	22
-18.67238	-18.45491	-103.63026	SAX_RV_EPICARDIAL	5	1.0	22
-15.38245	-16.24538	-103.29173	SAX_RV_EPICARDIAL	5	1.0	22
-12.09251	-14.03584	-102.95319	SAX_RV_EPICARDIAL	5	1.0	22
-8.80258	-11.82630	-102.61466	SAX_RV_EPICARDIAL	5	1.0	22
-5.51265	-9.61676	-102.27613	SAX_RV_EPICARDIAL	5	1.0	22
-2.22272	-7.40722	-101.93760	SAX_RV_EPICARDIAL	5	1.0	22
0.53609	-6.30245	-100.90991	SAX_RV_EPICARDIAL	5	1.0	22
3.82602	-4.09291	-100.57138	SAX_RV_EPICARDIAL	5	1.0	22
6.58483	-2.98814	-99.54369	SAX_RV_EPICARDIAL	5	1.0	22
9.34363	-1.88337	-98.51600	SAX_RV_EPICARDIAL	5	1.0	22
11.57132	-1.88337	-96.79915	SAX_RV_EPICARDIAL	5	1.0	22
13.79901	-1.88337	-95.08231	SAX_RV_EPICARDIAL	5	1.0	22
13.85061	-4.09290	-92.84557	SAX_RV_EPICARDIAL	5	1.0	22
16.01160	-25.08349	-70.30894	SAX_RV_EPICARDIAL	5	1.0	22
13.25279	-26.18826	-71.33663	SAX_RV_EPICARDIAL	5	1.0	22
10.49398	-27.29303	-72.36432	SAX_RV_EPICARDIAL	5	1.0	22
8.26630	-27.29303	-74.08117	SAX_RV_EPICARDIAL	5	1.0	22
6.03861	-27.29303	-75.79801	SAX_RV_EPICARDIAL	5	1.0	22
3.27980	-28.39780	-76.82570	SAX_RV_EPICARDIAL	5	1.0	22
1.05211	-28.39780	-78.54255	SAX_RV_EPICARDIAL	5	1.0	22
-1.70670	-29.50258	-79.57023	SAX_RV_EPICARDIAL	5	1.0	22
-3.93439	-29.50258	-81.28708	SAX_RV_EPICARDIAL	5	1.0	22
-6.69320	-30.60735	-82.31477	SAX_RV_EPICARDIAL	5	1.0	22
-9.45201	-31.71212	-83.34246	SAX_RV_EPICARDIAL	5	1.0	22
-11.67970	-31.71212	-85.05930	SAX_RV_EPICARDIAL	5	1.0	22
-14.43851	-32.81689	-86.08699	SAX_RV_EPICARDIAL	5	1.0	22
-17.19731	-33.92166	-87.11468	SAX_RV_EPICARDIAL	5	1.0	22
-19.42500	-33.92166	-88.83153	SAX_RV_EPICARDIAL	5	1.0	22
12.73677	-4.09290	-93.70399	SAX_RV_SEPTUM	5	1.0	22
13.31949	-5.19767	-92.15641	SAX_RV_SEPTUM	5	1.0	22
12.25725	-7.40721	-90.77810	SAX_RV_SEPTUM	5	1.0	22
11.19501	-9.61674	-89.39979	SAX_RV_SEPTUM	5	1.0	22
11.24661	-11.82628	-87.16305	SAX_RV_SEPTUM	5	1.0	22
10.18437	-14.03582	-85.78474	SAX_RV_SEPTUM	5	1.0	22
11.34982	-16.24535	-82.68958	SAX_RV_SEPTUM	5	1.0	22
11.40142	-18.45488	-80.45284	SAX_RV_SEPTUM	5	1.0	22
12.56686	-20.66442	-77.35768	SAX_RV_SEPTUM	5	1.0	22
14.26343	-21.76919	-74.95168	SAX_RV_SEPTUM	5	1.0	22
15.42888	-23.97872	-71.85652	SAX_RV_SEPTUM	5	1.0	22
24.39124	-26.18825	-62.75240	SAX_LV_EPICARDIAL	5	1.0	22
22.69467	-25.08348	-65.15841	SAX_LV_EPICARDIAL	5	1.0	22
20.46698	-25.08348	-66.87525	SAX_LV_EPICARDIAL	5	1.0	22
18.77041	-23.97872	-69.28125	SAX_LV_EPICARDIAL	5	1.0	22
17.67167	-0.77859	-93.19620	SAX_LV_EPICARDIAL	5	1.0	22
20.96160	1.43094	-92.85766	SAX_LV_EPICARDIAL	5	1.0	22
23.13768	3.64048	-93.37755	SAX_LV_EPICARDIAL	5	1.0	22
25.89649	4.74525	-92.34986	SAX_LV_EPICARDIAL	5	1.0	22
29.18642	6.95479	-92.01133	SAX_LV_EPICARDIAL	5	1.0	22
31.94523	8.05956	-90.98364	SAX_LV_EPICARDIAL	5	1.0	22
34.17292	8.05956	-89.26680	SAX_LV_EPICARDIAL	5	1.0	22
36.93173	9.16433	-88.23911	SAX_LV_EPICARDIAL	5	1.0	22
39.15942	9.16434	-86.52226	SAX_LV_EPICARDIAL	5	1.0	22
41.38711	9.16434	-84.80542	SAX_LV_EPICARDIAL	5	1.0	22
43.61479	9.16434	-83.08857	SAX_LV_EPICARDIAL	5	1.0	22
45.31136	8.05957	-80.68257	SAX_LV_EPICARDIAL	5	1.0	22
47.53905	8.05958	-78.96572	SAX_LV_EPICARDIAL	5	1.0	22
49.76674	8.05958	-77.24888	SAX_LV_EPICARDIAL	5	1.0	22
51.46331	6.95481	-74.84288	SAX_LV_EPICARDIAL	5	1.0	22
53.15987	5.85005	-72.43687	SAX_LV_EPICARDIAL	5	1.0	22
54.85644	4.74528	-70.03087	SAX_LV_EPICARDIAL	5	1.0	22
54.90804	2.53575	-67.79414	SAX_LV_EPICARDIAL	5	1.0	22
56.07349	0.32621	-64.69898	SAX_LV_EPICARDIAL	5	1.0	22
56.12509	-1.88332	-62.46224	SAX_LV_EPICARDIAL	5	1.0	22
55.06285	-4.09286	-61.08393	SAX_LV_EPICARDIAL	5	1.0	22
54.00061	-6.30240	-59.70561	SAX_LV_EPICARDIAL	5	1.0	22
54.05221	-8.51193	-57.46888	SAX_LV_EPICARDIAL	5	1.0	22
51.87612	-10.72147	-56.94899	SAX_LV_EPICARDIAL	5	1.0	22
50.81388	-12.93101	-55.57067	SAX_LV_EPICARDIAL	5	1.0	22
48.63780	-15.14054	-55.05078	SAX_LV_EPICARDIAL	5	1.0	22
46.46171	-17.35008	-54.53089	SAX_LV_EPICARDIAL	5	1.0	22
44.28562	-19.55962	-54.01100	SAX_LV_EPICARDIAL	5	1.0	22
41.52681	-20.66439	-55.03869	SAX_LV_EPICARDIAL	5	1.0	22
38.23688	-22.87393	-55.37722	SAX_LV_EPICARDIAL	5	1.0	22
35.47808	-23.97870	-56.40491	SAX_LV_EPICARDIAL	5	1.0	22
32.71927	-25.08347	-57.43260	SAX_LV_EPICARDIAL	5	1.0	22
30.49158	-25.08347	-59.14945	SAX_LV_EPICARDIAL	5	1.0	22
28.26389	-25.08347	-60.86629	SAX_LV_EPICARDIAL	5	1.0	22
25.50508	-26.18825	-61.89398	SAX_LV_EPICARDIAL	5	1.0	22
23.12258	-19.55964	-70.32103	SAX_LV_ENDOCARDIAL	5	1.0	22
21.95714	-17.35011	-73.41619	SAX_LV_ENDOCARDIAL	5	1.0	22
20.26057	-16.24534	-75.82220	SAX_LV_ENDOCARDIAL	5	1.0	22
18.56400	-15.14057	-78.22820	SAX_LV_ENDOCARDIAL	5	1.0	22
18.51240	-12.93104	-80.46493	SAX_LV_ENDOCARDIAL	5	1.0	22
17.34695	-10.72150	-83.56009	SAX_LV_ENDOCARDIAL	5	1.0	22
17.29535	-8.51197	-85.79683	SAX_LV_ENDOCARDIAL	5	1.0	22
18.35759	-6.30243	-87.17514	SAX_LV_ENDOCARDIAL	5	1.0	22
20.53368	-4.09289	-87.69503	SAX_LV_ENDOCARDIAL	5	1.0	22
21.59592	-1.88336	-89.07335	SAX_LV_ENDOCARDIAL	5	1.0	22
24.88585	0.32618	-88.73482	SAX_LV_ENDOCARDIAL	5	1.0	22
27.64466	1.43095	-87.70713	SAX_LV_ENDOCARDIAL	5	1.0	22
30.40347	2.53572	-86.67944	SAX_LV_ENDOCARDIAL	5	1.0	22
33.16228	3.64049	-85.65175	SAX_LV_ENDOCARDIAL	5	1.0	22
35.38997	3.64049	-83.93490	SAX_LV_ENDOCARDIAL	5	1.0	22
38.14878	4.74526	-82.90721	SAX_LV_ENDOCARDIAL	5	1.0	22
40.37647	4.74527	-81.19037	SAX_LV_ENDOCARDIAL	5	1.0	22
42.07303	3.64050	-78.78437	SAX_LV_ENDOCARDIAL	5	1.0	22
44.30072	3.64050	-77.06752	SAX_LV_ENDOCARDIAL	5	1.0	22
45.99729	2.53574	-74.66152	SAX_LV_ENDOCARDIAL	5	1.0	22
47.69386	1.43097	-72.25552	SAX_LV_ENDOCARDIAL	5	1.0	22
49.39042	0.32620	-69.84951	SAX_LV_ENDOCARDIAL	5	1.0	22
49.44203	-1.88333	-67.61278	SAX_LV_ENDOCARDIAL	5	1.0	22
49.49363	-4.09287	-65.37604	SAX_LV_ENDOCARDIAL	5	1.0	22
48.43139	-6.30240	-63.99773	SAX_LV_ENDOCARDIAL	5	1.0	22
47.36914	-8.51194	-62.61941	SAX_LV_ENDOCARDIAL	5	1.0	22
46.30690	-10.72148	-61.24110	SAX_LV_ENDOCARDIAL	5	1.0	22
44.13082	-12.93101	-60.72121	SAX_LV_ENDOCARDIAL	5	1.0	22
40.84089	-15.14055	-61.05974	SAX_LV_ENDOCARDIAL	5	1.0	22
37.55096	-17.35009	-61.39827	SAX_LV_ENDOCARDIAL	5	1.0	22
34.79215	-18.45486	-62.42596	SAX_LV_ENDOCARDIAL	5	1.0	22
32.03334	-19.55963	-63.45365	SAX_LV_ENDOCARDIAL	5	1.0	22
29.80565	-19.55963	-65.17050	SAX_LV_ENDOCARDIAL	5	1.0	22
27.57796	-19.55964	-66.88734	SAX_LV_ENDOCARDIAL	5	1.0	22
25.35027	-19.55964	-68.60419	SAX_LV_ENDOCARDIAL	5	1.0	22
12.73677	-4.09290	-93.70399	RV_INSERT	5	1.0	22
15.42888	-23.97872	-71.85652	RV_INSERT	5	1.0	22
8.16925	-28.30213	-101.59865	SAX_RV_FREEWALL	6	1.0	22
6.47269	-27.19736	-104.00465	SAX_RV_FREEWALL	6	1.0	22
4.77612	-26.09260	-106.41065	SAX_RV_FREEWALL	6	1.0	22
5.83836	-23.88306	-107.78897	SAX_RV_FREEWALL	6	1.0	22
5.78676	-21.67352	-110.02570	SAX_RV_FREEWALL	6	1.0	22
9.07669	-19.46399	-109.68717	SAX_RV_FREEWALL	6	1.0	22
11.83550	-18.35922	-108.65948	SAX_RV_FREEWALL	6	1.0	22
14.59431	-17.25444	-107.63179	SAX_RV_FREEWALL	6	1.0	22
17.35312	-16.14967	-106.60411	SAX_RV_FREEWALL	6	1.0	22
19.58080	-16.14967	-104.88726	SAX_RV_FREEWALL	6	1.0	22
21.75689	-13.94013	-105.40715	SAX_RV_FREEWALL	6	1.0	22
17.61113	-27.19735	-95.42042	SAX_RV_FREEWALL	6	1.0	22
14.85232	-28.30212	-96.44811	SAX_RV_FREEWALL	6	1.0	22
12.62463	-28.30212	-98.16496	SAX_RV_FREEWALL	6	1.0	22
10.39694	-28.30213	-99.88180	SAX_RV_FREEWALL	6	1.0	22
5.99317	-30.51167	-101.07876	SAX_RV_EPICARDIAL	6	1.0	22
4.29660	-29.40690	-103.48476	SAX_RV_EPICARDIAL	6	1.0	22
3.13115	-27.19737	-106.57992	SAX_RV_EPICARDIAL	6	1.0	22
3.07955	-24.98783	-108.81666	SAX_RV_EPICARDIAL	6	1.0	22
3.02795	-22.77830	-111.05339	SAX_RV_EPICARDIAL	6	1.0	22
5.20403	-20.56876	-111.57328	SAX_RV_EPICARDIAL	6	1.0	22
8.49396	-18.35922	-111.23475	SAX_RV_EPICARDIAL	6	1.0	22
11.78389	-16.14968	-110.89622	SAX_RV_EPICARDIAL	6	1.0	22
14.54270	-15.04491	-109.86853	SAX_RV_EPICARDIAL	6	1.0	22
16.77039	-15.04491	-108.15168	SAX_RV_EPICARDIAL	6	1.0	22
18.99808	-15.04490	-106.43484	SAX_RV_EPICARDIAL	6	1.0	22
21.75689	-13.94013	-105.40715	SAX_RV_EPICARDIAL	6	1.0	22
24.51570	-12.83536	-104.37946	SAX_RV_EPICARDIAL	6	1.0	22
23.98458	-13.94013	-103.69030	SAX_RV_EPICARDIAL	6	1.0	22
22.06650	-27.19735	-91.98673	SAX_RV_EPICARDIAL	6	1.0	22
19.89042	-29.40688	-91.46684	SAX_RV_EPICARDIAL	6	1.0	22
17.66273	-29.40689	-93.18369	SAX_RV_EPICARDIAL	6	1.0	22
14.90392	-30.51166	-94.21138	SAX_RV_EPICARDIAL	6	1.0	22
12.67623	-30.51166	-95.92822	SAX_RV_EPICARDIAL	6	1.0	22
10.44854	-30.51166	-97.64507	SAX_RV_EPICARDIAL	6	1.0	22
8.22086	-30.51166	-99.36191	SAX_RV_EPICARDIAL	6	1.0	22
23.98458	-13.94013	-103.69030	SAX_RV_SEPTUM	6	1.0	22
23.98458	-13.94013	-103.69030	SAX_RV_SEPTUM	6	1.0	22
22.92234	-16.14967	-102.31199	SAX_RV_SEPTUM	6	1.0	22
21.86010	-18.35921	-100.93368	SAX_RV_SEPTUM	6	1.0	22
21.91170	-20.56874	-98.69694	SAX_RV_SEPTUM	6	1.0	22
21.96330	-22.77828	-96.46021	SAX_RV_SEPTUM	6	1.0	22
20.90106	-24.98781	-95.08189	SAX_RV_SEPTUM	6	1.0	22
19.83882	-27.19735	-93.70358	SAX_RV_SEPTUM	6	1.0	22
29.38390	-30.51164	-83.05188	SAX_LV_EPICARDIAL	6	1.0	22
27.68733	-29.40688	-85.45788	SAX_LV_EPICARDIAL	6	1.0	22
25.45964	-29.40688	-87.17473	SAX_LV_EPICARDIAL	6	1.0	22
23.76307	-28.30211	-89.58073	SAX_LV_EPICARDIAL	6	1.0	22
28.91947	-10.62582	-103.18251	SAX_LV_EPICARDIAL	6	1.0	22
31.67828	-9.52105	-102.15482	SAX_LV_EPICARDIAL	6	1.0	22
34.43709	-8.41628	-101.12713	SAX_LV_EPICARDIAL	6	1.0	22
37.19590	-7.31151	-100.09944	SAX_LV_EPICARDIAL	6	1.0	22
39.95471	-6.20674	-99.07175	SAX_LV_EPICARDIAL	6	1.0	22
42.18240	-6.20674	-97.35490	SAX_LV_EPICARDIAL	6	1.0	22
44.41009	-6.20674	-95.63806	SAX_LV_EPICARDIAL	6	1.0	22
46.63778	-6.20674	-93.92121	SAX_LV_EPICARDIAL	6	1.0	22
48.33434	-7.31150	-91.51521	SAX_LV_EPICARDIAL	6	1.0	22
50.03091	-8.41627	-89.10921	SAX_LV_EPICARDIAL	6	1.0	22
50.08251	-10.62580	-86.87247	SAX_LV_EPICARDIAL	6	1.0	22
51.24796	-12.83534	-83.77731	SAX_LV_EPICARDIAL	6	1.0	22
50.18572	-15.04487	-82.39900	SAX_LV_EPICARDIAL	6	1.0	22
50.23732	-17.25441	-80.16226	SAX_LV_EPICARDIAL	6	1.0	22
49.17508	-19.46395	-78.78395	SAX_LV_EPICARDIAL	6	1.0	22
46.99899	-21.67348	-78.26406	SAX_LV_EPICARDIAL	6	1.0	22
45.93675	-23.88302	-76.88575	SAX_LV_EPICARDIAL	6	1.0	22
42.64682	-26.09256	-77.22428	SAX_LV_EPICARDIAL	6	1.0	22
39.35689	-28.30210	-77.56281	SAX_LV_EPICARDIAL	6	1.0	22
36.59808	-29.40687	-78.59050	SAX_LV_EPICARDIAL	6	1.0	22
34.37039	-29.40687	-80.30735	SAX_LV_EPICARDIAL	6	1.0	22
31.61158	-30.51164	-81.33503	SAX_LV_EPICARDIAL	6	1.0	22
32.62222	-26.09257	-84.95008	SAX_LV_ENDOCARDIAL	6	1.0	22
30.92566	-24.98780	-87.35609	SAX_LV_ENDOCARDIAL	6	1.0	22
29.22909	-23.88304	-89.76209	SAX_LV_ENDOCARDIAL	6	1.0	22
27.53252	-22.77827	-92.16809	SAX_LV_ENDOCARDIAL	6	1.0	22
27.48092	-20.56874	-94.40483	SAX_LV_ENDOCARDIAL	6	1.0	22
27.42932	-18.35920	-96.64156	SAX_LV_ENDOCARDIAL	6	1.0	22
28.49156	-16.14966	-98.01988	SAX_LV_ENDOCARDIAL	6	1.0	22
29.55380	-13.94013	-99.39819	SAX_LV_ENDOCARDIAL	6	1.0	22
32.84373	-11.73059	-99.05966	SAX_LV_ENDOCARDIAL	6	1.0	22
35.60254	-10.62582	-98.03197	SAX_LV_ENDOCARDIAL	6	1.0	22
38.36135	-9.52105	-97.00428	SAX_LV_ENDOCARDIAL	6	1.0	22
40.58904	-9.52104	-95.28743	SAX_LV_ENDOCARDIAL	6	1.0	22
42.28560	-10.62581	-92.88143	SAX_LV_ENDOCARDIAL	6	1.0	22
44.51329	-10.62581	-91.16459	SAX_LV_ENDOCARDIAL	6	1.0	22
45.67874	-12.83534	-88.06943	SAX_LV_ENDOCARDIAL	6	1.0	22
45.73034	-15.04488	-85.83269	SAX_LV_ENDOCARDIAL	6	1.0	22
45.78194	-17.25441	-83.59596	SAX_LV_ENDOCARDIAL	6	1.0	22
44.71970	-19.46395	-82.21764	SAX_LV_ENDOCARDIAL	6	1.0	22
42.54362	-21.67349	-81.69775	SAX_LV_ENDOCARDIAL	6	1.0	22
40.36753	-23.88303	-81.17786	SAX_LV_ENDOCARDIAL	6	1.0	22
37.60872	-24.98780	-82.20555	SAX_LV_ENDOCARDIAL	6	1.0	22
34.84991	-26.09257	-83.23324	SAX_LV_ENDOCARDIAL	6	1.0	22
21.75689	-13.94013	-105.40715	RV_INSERT	6	1.0	22
19.83882	-27.19735	-93.70358	RV_INSERT	6	1.0	22
9.20886	18.08025	-17.10025	LAX_LV_ENDOCARDIAL	9	1.0	22
11.01165	15.91191	-18.49164	LAX_LV_ENDOCARDIAL	9	1.0	22
12.81444	13.74358	-19.88302	LAX_LV_ENDOCARDIAL	9	1.0	22
14.56219	11.54009	-19.86968	LAX_LV_ENDOCARDIAL	9	1.0	22
16.36498	9.37176	-21.26106	LAX_LV_ENDOCARDIAL	9	1.0	22
18.11272	7.16827	-21.24772	LAX_LV_ENDOCARDIAL	9	1.0	22
19.86047	4.96478	-21.23437	LAX_LV_ENDOCARDIAL	9	1.0	22
21.66326	2.79645	-22.62576	LAX_LV_ENDOCARDIAL	9	1.0	22
23.41101	0.59296	-22.61241	LAX_LV_ENDOCARDIAL	9	1.0	22
25.15875	-1.61053	-22.59907	LAX_LV_ENDOCARDIAL	9	1.0	22
27.01659	-3.74371	-25.39519	LAX_LV_ENDOCARDIAL	9	1.0	22
28.87443	-5.87689	-28.19131	LAX_LV_ENDOCARDIAL	9	1.0	22
30.73226	-8.01007	-30.98743	LAX_LV_ENDOCARDIAL	9	1.0	22
31.71622	-9.04151	-33.79022	LAX_LV_ENDOCARDIAL	9	1.0	22
32.70019	-10.07295	-36.59301	LAX_LV_ENDOCARDIAL	9	1.0	22
32.81028	-10.00265	-39.40248	LAX_LV_ENDOCARDIAL	9	1.0	22
33.79424	-11.03409	-42.20527	LAX_LV_ENDOCARDIAL	9	1.0	22
34.77820	-12.06553	-45.00806	LAX_LV_ENDOCARDIAL	9	1.0	22
35.76216	-13.09697	-47.81085	LAX_LV_ENDOCARDIAL	9	1.0	22
36.74612	-14.12841	-50.61365	LAX_LV_ENDOCARDIAL	9	1.0	22
36.85621	-14.05811	-53.42311	LAX_LV_ENDOCARDIAL	9	1.0	22
37.84018	-15.08954	-56.22590	LAX_LV_ENDOCARDIAL	9	1.0	22
38.82414	-16.12098	-59.02870	LAX_LV_ENDOCARDIAL	9	1.0	22
39.80810	-17.15242	-61.83149	LAX_LV_ENDOCARDIAL	9	1.0	22
40.79206	-18.18386	-64.63428	LAX_LV_ENDOCARDIAL	9	1.0	22
40.90215	-18.11356	-67.44375	LAX_LV_ENDOCARDIAL	9	1.0	22
41.88612	-19.14500	-70.24654	LAX_LV_ENDOCARDIAL	9	1.0	22
41.99620	-19.07470	-73.05600	LAX_LV_ENDOCARDIAL	9	1.0	22
42.98017	-20.10614	-75.85880	LAX_LV_ENDOCARDIAL	9	1.0	22
43.09026	-20.03583	-78.66826	LAX_LV_ENDOCARDIAL	9	1.0	22
43.20035	-19.96553	-81.47773	LAX_LV_ENDOCARDIAL	9	1.0	22
43.31043	-19.89522	-84.28719	LAX_LV_ENDOCARDIAL	9	1.0	22
43.42052	-19.82492	-87.09666	LAX_LV_ENDOCARDIAL	9	1.0	22
42.65674	-18.65287	-89.91280	LAX_LV_ENDOCARDIAL	9	1.0	22
42.76683	-18.58257	-92.72226	LAX_LV_ENDOCARDIAL	9	1.0	22
42.00304	-17.41052	-95.53840	LAX_LV_ENDOCARDIAL	9	1.0	22
41.23926	-16.23848	-98.35454	LAX_LV_ENDOCARDIAL	9	1.0	22
39.54656	-13.99984	-99.77262	LAX_LV_ENDOCARDIAL	9	1.0	22
37.79881	-11.79635	-99.78596	LAX_LV_ENDOCARDIAL	9	1.0	22
35.99602	-9.62801	-98.39458	LAX_LV_ENDOCARDIAL	9	1.0	22
34.19323	-7.45968	-97.00319	LAX_LV_ENDOCARDIAL	9	1.0	22
32.39044	-5.29134	-95.61180	LAX_LV_ENDOCARDIAL	9	1.0	22
30.58765	-3.12301	-94.22041	LAX_LV_ENDOCARDIAL	9	1.0	22
28.78486	-0.95467	-92.82903	LAX_LV_ENDOCARDIAL	9	1.0	22
26.98206	1.21366	-91.43764	LAX_LV_ENDOCARDIAL	9	1.0	22
25.23432	3.41715	-91.45099	LAX_LV_ENDOCARDIAL	9	1.0	22
23.43153	5.58548	-90.05960	LAX_LV_ENDOCARDIAL	9	1.0	22
21.62874	7.75382	-88.66821	LAX_LV_ENDOCARDIAL	9	1.0	22
19.82594	9.92215	-87.27683	LAX_LV_ENDOCARDIAL	9	1.0	22
18.02315	12.09049	-85.88544	LAX_LV_ENDOCARDIAL	9	1.0	22
16.27541	14.29397	-85.89879	LAX_LV_ENDOCARDIAL	9	1.0	22
14.47262	16.46231	-84.50740	LAX_LV_ENDOCARDIAL	9	1.0	22
12.72487	18.66580	-84.52074	LAX_LV_ENDOCARDIAL	9	1.0	22
10.86703	20.79898	-81.72462	LAX_LV_ENDOCARDIAL	9	1.0	22
9.06424	22.96731	-80.33324	LAX_LV_ENDOCARDIAL	9	1.0	22
7.26145	25.13565	-78.94185	LAX_LV_ENDOCARDIAL	9	1.0	22
5.45866	27.30398	-77.55046	LAX_LV_ENDOCARDIAL	9	1.0	22
3.60082	29.43717	-74.75434	LAX_LV_ENDOCARDIAL	9	1.0	22
1.74299	31.57035	-71.95822	LAX_LV_ENDOCARDIAL	9	1.0	22
-0.11485	33.70353	-69.16211	LAX_LV_ENDOCARDIAL	9	1.0	22
-1.09881	34.73497	-66.35931	LAX_LV_ENDOCARDIAL	9	1.0	22
-2.08277	35.76641	-63.55652	LAX_LV_ENDOCARDIAL	9	1.0	22
-3.06673	36.79785	-60.75373	LAX_LV_ENDOCARDIAL	9	1.0	22
-4.05070	37.82929	-57.95094	LAX_LV_ENDOCARDIAL	9	1.0	22
-5.03466	38.86073	-55.14814	LAX_LV_ENDOCARDIAL	9	1.0	22
7.46111	20.28374	-17.11360	LAX_LV_ENDOCARDIAL	9	1.0	22
15.97967	9.12569	-11.42794	LAX_LV_EPICARDIAL	9	1.0	22
17.78246	6.95736	-12.81932	LAX_LV_EPICARDIAL	9	1.0	22
19.53020	4.75387	-12.80598	LAX_LV_EPICARDIAL	9	1.0	22
21.33299	2.58554	-14.19736	LAX_LV_EPICARDIAL	9	1.0	22
23.13578	0.41720	-15.58875	LAX_LV_EPICARDIAL	9	1.0	22
24.88353	-1.78629	-15.57540	LAX_LV_EPICARDIAL	9	1.0	22
26.68632	-3.95462	-16.96679	LAX_LV_EPICARDIAL	9	1.0	22
28.48911	-6.12295	-18.35818	LAX_LV_EPICARDIAL	9	1.0	22
30.34695	-8.25614	-21.15430	LAX_LV_EPICARDIAL	9	1.0	22
32.20479	-10.38932	-23.95042	LAX_LV_EPICARDIAL	9	1.0	22
33.18875	-11.42076	-26.75321	LAX_LV_EPICARDIAL	9	1.0	22
35.04658	-13.55394	-29.54933	LAX_LV_EPICARDIAL	9	1.0	22
36.03055	-14.58538	-32.35212	LAX_LV_EPICARDIAL	9	1.0	22
37.01451	-15.61682	-35.15491	LAX_LV_EPICARDIAL	9	1.0	22
37.99847	-16.64826	-37.95771	LAX_LV_EPICARDIAL	9	1.0	22
38.98243	-17.67970	-40.76050	LAX_LV_EPICARDIAL	9	1.0	22
39.09252	-17.60940	-43.56996	LAX_LV_EPICARDIAL	9	1.0	22
40.07648	-18.64084	-46.37276	LAX_LV_EPICARDIAL	9	1.0	22
41.06045	-19.67228	-49.17555	LAX_LV_EPICARDIAL	9	1.0	22
42.04441	-20.70372	-51.97834	LAX_LV_EPICARDIAL	9	1.0	22
43.02837	-21.73516	-54.78113	LAX_LV_EPICARDIAL	9	1.0	22
44.01233	-22.76660	-57.58393	LAX_LV_EPICARDIAL	9	1.0	22
44.12242	-22.69629	-60.39339	LAX_LV_EPICARDIAL	9	1.0	22
45.10639	-23.72773	-63.19618	LAX_LV_EPICARDIAL	9	1.0	22
45.21647	-23.65743	-66.00565	LAX_LV_EPICARDIAL	9	1.0	22
46.20044	-24.68887	-68.80844	LAX_LV_EPICARDIAL	9	1.0	22
46.31053	-24.61857	-71.61791	LAX_LV_EPICARDIAL	9	1.0	22
46.42062	-24.54826	-74.42737	LAX_LV_EPICARDIAL	9	1.0	22
46.53070	-24.47796	-77.23684	LAX_LV_EPICARDIAL	9	1.0	22
46.64079	-24.40765	-80.04630	LAX_LV_EPICARDIAL	9	1.0	22
46.75088	-24.33735	-82.85577	LAX_LV_EPICARDIAL	9	1.0	22
46.86097	-24.26705	-85.66523	LAX_LV_EPICARDIAL	9	1.0	22
46.09719	-23.09500	-88.48137	LAX_LV_EPICARDIAL	9	1.0	22
46.20728	-23.02470	-91.29084	LAX_LV_EPICARDIAL	9	1.0	22
45.44349	-21.85265	-94.10698	LAX_LV_EPICARDIAL	9	1.0	22
44.67971	-20.68060	-96.92311	LAX_LV_EPICARDIAL	9	1.0	22
43.91592	-19.50855	-99.73925	LAX_LV_EPICARDIAL	9	1.0	22
43.15214	-18.33651	-102.55539	LAX_LV_EPICARDIAL	9	1.0	22
41.45944	-16.09787	-103.97347	LAX_LV_EPICARDIAL	9	1.0	22
39.76674	-13.85923	-105.39155	LAX_LV_EPICARDIAL	9	1.0	22
37.96395	-11.69089	-104.00016	LAX_LV_EPICARDIAL	9	1.0	22
36.21620	-9.48741	-104.01351	LAX_LV_EPICARDIAL	9	1.0	22
34.41341	-7.31907	-102.62212	LAX_LV_EPICARDIAL	9	1.0	22
32.66566	-5.11558	-102.63546	LAX_LV_EPICARDIAL	9	1.0	22
30.86287	-2.94725	-101.24408	LAX_LV_EPICARDIAL	9	1.0	22
29.06008	-0.77892	-99.85269	LAX_LV_EPICARDIAL	9	1.0	22
27.25729	1.38942	-98.46130	LAX_LV_EPICARDIAL	9	1.0	22
25.50954	3.59291	-98.47465	LAX_LV_EPICARDIAL	9	1.0	22
23.70675	5.76124	-97.08326	LAX_LV_EPICARDIAL	9	1.0	22
21.95900	7.96473	-97.09661	LAX_LV_EPICARDIAL	9	1.0	22
20.15621	10.13306	-95.70522	LAX_LV_EPICARDIAL	9	1.0	22
18.35342	12.30140	-94.31384	LAX_LV_EPICARDIAL	9	1.0	22
16.60567	14.50489	-94.32718	LAX_LV_EPICARDIAL	9	1.0	22
14.80288	16.67322	-92.93579	LAX_LV_EPICARDIAL	9	1.0	22
13.00009	18.84156	-91.54441	LAX_LV_EPICARDIAL	9	1.0	22
11.19730	21.00989	-90.15302	LAX_LV_EPICARDIAL	9	1.0	22
9.39451	23.17823	-88.76163	LAX_LV_EPICARDIAL	9	1.0	22
7.59172	25.34656	-87.37025	LAX_LV_EPICARDIAL	9	1.0	22
5.78893	27.51490	-85.97886	LAX_LV_EPICARDIAL	9	1.0	22
3.98614	29.68323	-84.58747	LAX_LV_EPICARDIAL	9	1.0	22
2.18335	31.85157	-83.19609	LAX_LV_EPICARDIAL	9	1.0	22
0.38055	34.01990	-81.80470	LAX_LV_EPICARDIAL	9	1.0	22
-1.47728	36.15308	-79.00858	LAX_LV_EPICARDIAL	9	1.0	22
-3.28007	38.32142	-77.61719	LAX_LV_EPICARDIAL	9	1.0	22
-4.26403	39.35286	-74.81440	LAX_LV_EPICARDIAL	9	1.0	22
-6.12187	41.48604	-72.01828	LAX_LV_EPICARDIAL	9	1.0	22
-7.10583	42.51748	-69.21549	LAX_LV_EPICARDIAL	9	1.0	22
-8.08980	43.54892	-66.41270	LAX_LV_EPICARDIAL	9	1.0	22
-8.19988	43.47862	-63.60323	LAX_LV_EPICARDIAL	9	1.0	22
-8.30997	43.40831	-60.79377	LAX_LV_EPICARDIAL	9	1.0	22
-8.42006	43.33801	-57.98430	LAX_LV_EPICARDIAL	9	1.0	22
-7.65628	42.16596	-55.16816	LAX_LV_EPICARDIAL	9	1.0	22
-5.85349	39.99763	-56.55955	LAX_LV_EPICARDIAL	9	1.0	22
7.35102	20.21343	-14.30413	LAX_LV_EPICARDIAL	9	1.0	22
9.04372	17.97479	-12.88605	LAX_LV_EPICARDIAL	9	1.0	22
10.73643	15.73615	-11.46797	LAX_LV_EPICARDIAL	9	1.0	22
12.48417	13.53267	-11.45463	LAX_LV_EPICARDIAL	9	1.0	22
14.23192	11.32918	-11.44128	LAX_LV_EPICARDIAL	9	1.0	22
-4.27087	37.68868	-52.33200	MITRAL_VALVE	9	1.0	22
5.76841	22.52237	-18.53167	MITRAL_VALVE	9	1.0	22
-33.74565	-10.52195	1.18194	LAX_RV_FREEWALL	8	1.0	1.0
-32.22068	-11.88040	-1.20904	LAX_RV_FREEWALL	8	1.0	1.0
-30.97462	-14.59730	-3.83318	LAX_RV_FREEWALL	8	1.0	1.0
-29.44965	-15.95575	-6.22416	LAX_RV_FREEWALL	8	1.0	1.0
-27.64577	-15.95575	-8.38198	LAX_RV_FREEWALL	8	1.0	1.0
-26.12080	-17.31420	-10.77296	LAX_RV_FREEWALL	8	1.0	1.0
-24.59583	-18.67265	-13.16394	LAX_RV_FREEWALL	8	1.0	1.0
-23.07087	-20.03110	-15.55491	LAX_RV_FREEWALL	8	1.0	1.0
-21.54590	-21.38955	-17.94589	LAX_RV_FREEWALL	8	1.0	1.0
-20.02093	-22.74800	-20.33687	LAX_RV_FREEWALL	8	1.0	1.0
-18.49596	-24.10645	-22.72785	LAX_RV_FREEWALL	8	1.0	1.0
-16.69208	-24.10645	-24.88567	LAX_RV_FREEWALL	8	1.0	1.0
-14.88820	-24.10646	-27.04349	LAX_RV_FREEWALL	8	1.0	1.0
-13.08432	-24.10646	-29.20131	LAX_RV_FREEWALL	8	1.0	1.0
-11.28044	-24.10646	-31.35912	LAX_RV_FREEWALL	8	1.0	1.0
-9.47655	-24.10646	-33.51694	LAX_RV_FREEWALL	8	1.0	1.0
-7.67267	-24.10646	-35.67476	LAX_RV_FREEWALL	8	1.0	1.0
-5.86879	-24.10646	-37.83258	LAX_RV_FREEWALL	8	1.0	1.0
-4.06491	-24.10647	-39.99039	LAX_RV_FREEWALL	8	1.0	1.0
-2.26103	-24.10647	-42.14821	LAX_RV_FREEWALL	8	1.0	1.0
-0.73606	-25.46492	-44.53919	LAX_RV_FREEWALL	8	1.0	1.0
1.06782	-25.46492	-46.69701	LAX_RV_FREEWALL	8	1.0	1.0
2.87170	-25.46492	-48.85483	LAX_RV_FREEWALL	8	1.0	1.0
4.67558	-25.46492	-51.01264	LAX_RV_FREEWALL	8	1.0	1.0
6.75838	-24.10648	-52.93730	LAX_RV_FREEWALL	8	1.0	1.0
-13.34513	-7.80507	-22.08773	LAX_RV_FREEWALL	8	1.0	1.0
-15.14901	-7.80507	-19.92991	LAX_RV_FREEWALL	8	1.0	1.0
-16.95289	-7.80507	-17.77209	LAX_RV_FREEWALL	8	1.0	1.0
-18.75677	-7.80506	-15.61428	LAX_RV_FREEWALL	8	1.0	1.0
-20.56065	-7.80506	-13.45646	LAX_RV_FREEWALL	8	1.0	1.0
-22.08562	-6.44661	-11.06548	LAX_RV_FREEWALL	8	1.0	1.0
-23.88950	-6.44661	-8.90766	LAX_RV_FREEWALL	8	1.0	1.0
-25.41447	-5.08816	-6.51668	LAX_RV_FREEWALL	8	1.0	1.0
-27.21835	-5.08816	-4.35886	LAX_RV_FREEWALL	8	1.0	1.0
-29.02223	-5.08816	-2.20105	LAX_RV_FREEWALL	8	1.0	1.0
-31.10503	-6.44660	-0.27639	LAX_RV_FREEWALL	8	1.0	1.0
-33.18782	-7.80505	1.64826	LAX_RV_FREEWALL	8	1.0	1.0
-35.54953	-10.52195	3.33976	LAX_RV_EPICARDIAL	8	1.0	1.0
-35.20541	-13.23884	1.79453	LAX_RV_EPICARDIAL	8	1.0	1.0
-33.68044	-14.59729	-0.59645	LAX_RV_EPICARDIAL	8	1.0	1.0
-32.43439	-17.31419	-3.22060	LAX_RV_EPICARDIAL	8	1.0	1.0
-30.90942	-18.67264	-5.61157	LAX_RV_EPICARDIAL	8	1.0	1.0
-29.38445	-20.03109	-8.00255	LAX_RV_EPICARDIAL	8	1.0	1.0
-27.85948	-21.38955	-10.39353	LAX_RV_EPICARDIAL	8	1.0	1.0
-26.33451	-22.74800	-12.78451	LAX_RV_EPICARDIAL	8	1.0	1.0
-24.80955	-24.10645	-15.17549	LAX_RV_EPICARDIAL	8	1.0	1.0
-23.28458	-25.46490	-17.56647	LAX_RV_EPICARDIAL	8	1.0	1.0
-21.75961	-26.82335	-19.95745	LAX_RV_EPICARDIAL	8	1.0	1.0
-19.95573	-26.82335	-22.11527	LAX_RV_EPICARDIAL	8	1.0	1.0
-18.43076	-28.18180	-24.50625	LAX_RV_EPICARDIAL	8	1.0	1.0
-16.62688	-28.18180	-26.66407	LAX_RV_EPICARDIAL	8	1.0	1.0
-14.82300	-28.18180	-28.82188	LAX_RV_EPICARDIAL	8	1.0	1.0
-13.01912	-28.18180	-30.97970	LAX_RV_EPICARDIAL	8	1.0	1.0
-11.21523	-28.18181	-33.13752	LAX_RV_EPICARDIAL	8	1.0	1.0
-9.13244	-26.82336	-35.06217	LAX_RV_EPICARDIAL	8	1.0	1.0
-7.32856	-26.82336	-37.21999	LAX_RV_EPICARDIAL	8	1.0	1.0
-5.52468	-26.82336	-39.37781	LAX_RV_EPICARDIAL	8	1.0	1.0
-3.72080	-26.82336	-41.53563	LAX_RV_EPICARDIAL	8	1.0	1.0
-1.91691	-26.82337	-43.69344	LAX_RV_EPICARDIAL	8	1.0	1.0
-0.11303	-26.82337	-45.85126	LAX_RV_EPICARDIAL	8	1.0	1.0
1.69085	-26.82337	-48.00908	LAX_RV_EPICARDIAL	8	1.0	1.0
3.49473	-26.82337	-50.16690	LAX_RV_EPICARDIAL	8	1.0	1.0
5.29861	-26.82337	-52.32471	LAX_RV_EPICARDIAL	8	1.0	1.0
7.38140	-25.46493	-54.24937	LAX_RV_EPICARDIAL	8	1.0	1.0
9.18529	-25.46493	-56.40719	LAX_RV_EPICARDIAL	8	1.0	1.0
8.84117	-22.74803	-54.86195	LAX_RV_EPICARDIAL	8	1.0	1.0
-14.31227	-3.72972	-19.23043	LAX_RV_EPICARDIAL	8	1.0	1.0
-16.11615	-3.72972	-17.07261	LAX_RV_EPICARDIAL	8	1.0	1.0
-17.92003	-3.72972	-14.91479	LAX_RV_EPICARDIAL	8	1.0	1.0
-19.72391	-3.72972	-12.75697	LAX_RV_EPICARDIAL	8	1.0	1.0
-21.52779	-3.72971	-10.59916	LAX_RV_EPICARDIAL	8	1.0	1.0
-23.05276	-2.37126	-8.20818	LAX_RV_EPICARDIAL	8	1.0	1.0
-24.85664	-2.37126	-6.05036	LAX_RV_EPICARDIAL	8	1.0	1.0
-26.66052	-2.37126	-3.89254	LAX_RV_EPICARDIAL	8	1.0	1.0
-28.74332	-3.72971	-1.96789	LAX_RV_EPICARDIAL	8	1.0	1.0
-30.54720	-3.72971	0.18993	LAX_RV_EPICARDIAL	8	1.0	1.0
-32.62999	-5.08815	2.11459	LAX_RV_EPICARDIAL	8	1.0	1.0
-34.71279	-6.44660	4.03924	LAX_RV_EPICARDIAL	8	1.0	1.0
-35.27061	-9.16350	3.57292	LAX_RV_EPICARDIAL	8	1.0	1.0
8.84117	-22.74803	-54.86195	LAX_RV_SEPTUM	8	1.0	1.0
7.59511	-20.03113	-52.23781	LAX_RV_SEPTUM	8	1.0	1.0
6.07015	-18.67268	-49.84683	LAX_RV_SEPTUM	8	1.0	1.0
4.26627	-18.67268	-47.68902	LAX_RV_SEPTUM	8	1.0	1.0
2.74130	-17.31423	-45.29804	LAX_RV_SEPTUM	8	1.0	1.0
1.21633	-15.95578	-42.90706	LAX_RV_SEPTUM	8	1.0	1.0
-0.30864	-14.59733	-40.51608	LAX_RV_SEPTUM	8	1.0	1.0
-1.83361	-13.23888	-38.12510	LAX_RV_SEPTUM	8	1.0	1.0
-3.63749	-13.23887	-35.96728	LAX_RV_SEPTUM	8	1.0	1.0
-5.16246	-11.88042	-33.57630	LAX_RV_SEPTUM	8	1.0	1.0
-6.68743	-10.52197	-31.18532	LAX_RV_SEPTUM	8	1.0	1.0
-8.49131	-10.52197	-29.02750	LAX_RV_SEPTUM	8	1.0	1.0
-10.01628	-9.16352	-26.63653	LAX_RV_SEPTUM	8	1.0	1.0
-11.54124	-7.80507	-24.24555	LAX_RV_SEPTUM	8	1.0	1.0
-12.78730	-5.08817	-21.62140	LAX_LV_EPICARDIAL	8	1.0	1.0
10.64505	-22.74803	-57.01977	LAX_LV_EPICARDIAL	8	1.0	1.0
12.17002	-24.10648	-59.41075	LAX_LV_EPICARDIAL	8	1.0	1.0
13.97390	-24.10648	-61.56857	LAX_LV_EPICARDIAL	8	1.0	1.0
15.77778	-24.10649	-63.72639	LAX_LV_EPICARDIAL	8	1.0	1.0
17.30275	-25.46494	-66.11737	LAX_LV_EPICARDIAL	8	1.0	1.0
19.10663	-25.46494	-68.27518	LAX_LV_EPICARDIAL	8	1.0	1.0
20.63160	-26.82339	-70.66616	LAX_LV_EPICARDIAL	8	1.0	1.0
22.43548	-26.82339	-72.82398	LAX_LV_EPICARDIAL	8	1.0	1.0
23.96045	-28.18184	-75.21496	LAX_LV_EPICARDIAL	8	1.0	1.0
25.76433	-28.18184	-77.37278	LAX_LV_EPICARDIAL	8	1.0	1.0
27.56821	-28.18184	-79.53059	LAX_LV_EPICARDIAL	8	1.0	1.0
29.37209	-28.18185	-81.68841	LAX_LV_EPICARDIAL	8	1.0	1.0
31.17598	-28.18185	-83.84623	LAX_LV_EPICARDIAL	8	1.0	1.0
32.97986	-28.18185	-86.00405	LAX_LV_EPICARDIAL	8	1.0	1.0
34.78374	-28.18185	-88.16186	LAX_LV_EPICARDIAL	8	1.0	1.0
36.86653	-26.82340	-90.08652	LAX_LV_EPICARDIAL	8	1.0	1.0
38.94933	-25.46496	-92.01118	LAX_LV_EPICARDIAL	8	1.0	1.0
41.03212	-24.10651	-93.93583	LAX_LV_EPICARDIAL	8	1.0	1.0
43.39383	-21.38961	-95.62732	LAX_LV_EPICARDIAL	8	1.0	1.0
44.85359	-18.67272	-96.23991	LAX_LV_EPICARDIAL	8	1.0	1.0
46.31336	-15.95582	-96.85249	LAX_LV_EPICARDIAL	8	1.0	1.0
46.87119	-13.23892	-96.38617	LAX_LV_EPICARDIAL	8	1.0	1.0
47.42901	-10.52203	-95.91985	LAX_LV_EPICARDIAL	8	1.0	1.0
47.08490	-7.80513	-94.37461	LAX_LV_EPICARDIAL	8	1.0	1.0
47.64272	-5.08823	-93.90829	LAX_LV_EPICARDIAL	8	1.0	1.0
46.39667	-2.37133	-91.28415	LAX_LV_EPICARDIAL	8	1.0	1.0
46.05255	0.34557	-89.73892	LAX_LV_EPICARDIAL	8	1.0	1.0
45.70844	3.06247	-88.19368	LAX_LV_EPICARDIAL	8	1.0	1.0
45.36432	5.77936	-86.64845	LAX_LV_EPICARDIAL	8	1.0	1.0
45.02021	8.49626	-85.10322	LAX_LV_EPICARDIAL	8	1.0	1.0
44.67609	11.21316	-83.55799	LAX_LV_EPICARDIAL	8	1.0	1.0
44.33198	13.93006	-82.01275	LAX_LV_EPICARDIAL	8	1.0	1.0
43.98786	16.64696	-80.46752	LAX_LV_EPICARDIAL	8	1.0	1.0
42.74181	19.36386	-77.84338	LAX_LV_EPICARDIAL	8	1.0	1.0
42.39769	22.08076	-76.29815	LAX_LV_EPICARDIAL	8	1.0	1.0
42.05358	24.79765	-74.75292	LAX_LV_EPICARDIAL	8	1.0	1.0
41.70946	27.51455	-73.20768	LAX_LV_EPICARDIAL	8	1.0	1.0
41.36535	30.23145	-71.66245	LAX_LV_EPICARDIAL	8	1.0	1.0
40.11929	32.94835	-69.03831	LAX_LV_EPICARDIAL	8	1.0	1.0
39.77517	35.66525	-67.49308	LAX_LV_EPICARDIAL	8	1.0	1.0
39.43106	38.38215	-65.94784	LAX_LV_EPICARDIAL	8	1.0	1.0
38.18500	41.09905	-63.32370	LAX_LV_EPICARDIAL	8	1.0	1.0
36.93895	43.81594	-60.69956	LAX_LV_EPICARDIAL	8	1.0	1.0
35.41398	45.17440	-58.30858	LAX_LV_EPICARDIAL	8	1.0	1.0
33.88901	46.53285	-55.91760	LAX_LV_EPICARDIAL	8	1.0	1.0
32.36404	47.89130	-53.52662	LAX_LV_EPICARDIAL	8	1.0	1.0
30.83907	49.24975	-51.13564	LAX_LV_EPICARDIAL	8	1.0	1.0
29.31411	50.60820	-48.74467	LAX_LV_EPICARDIAL	8	1.0	1.0
27.78914	51.96665	-46.35369	LAX_LV_EPICARDIAL	8	1.0	1.0
25.98526	51.96665	-44.19587	LAX_LV_EPICARDIAL	8	1.0	1.0
24.46029	53.32510	-41.80489	LAX_LV_EPICARDIAL	8	1.0	1.0
22.65641	53.32510	-39.64707	LAX_LV_EPICARDIAL	8	1.0	1.0
20.85253	53.32510	-37.48925	LAX_LV_EPICARDIAL	8	1.0	1.0
18.76973	51.96666	-35.56460	LAX_LV_EPICARDIAL	8	1.0	1.0
16.68694	50.60821	-33.63994	LAX_LV_EPICARDIAL	8	1.0	1.0
15.22717	47.89131	-33.02736	LAX_LV_EPICARDIAL	8	1.0	1.0
-5.06105	19.36390	-20.66122	LAX_LV_EPICARDIAL	8	1.0	1.0
-6.86493	19.36390	-18.50340	LAX_LV_EPICARDIAL	8	1.0	1.0
-8.66881	19.36391	-16.34558	LAX_LV_EPICARDIAL	8	1.0	1.0
-9.58886	1.70407	-22.61341	LAX_LV_ENDOCARDIAL	8	1.0	1.0
-7.78497	1.70407	-24.77123	LAX_LV_ENDOCARDIAL	8	1.0	1.0
-5.98109	1.70407	-26.92905	LAX_LV_ENDOCARDIAL	8	1.0	1.0
-4.17721	1.70407	-29.08686	LAX_LV_ENDOCARDIAL	8	1.0	1.0
-2.37333	1.70406	-31.24468	LAX_LV_ENDOCARDIAL	8	1.0	1.0
-0.84836	0.34561	-33.63566	LAX_LV_ENDOCARDIAL	8	1.0	1.0
0.67661	-1.01284	-36.02664	LAX_LV_ENDOCARDIAL	8	1.0	1.0
2.20158	-2.37129	-38.41762	LAX_LV_ENDOCARDIAL	8	1.0	1.0
3.72654	-3.72974	-40.80860	LAX_LV_ENDOCARDIAL	8	1.0	1.0
5.25151	-5.08819	-43.19958	LAX_LV_ENDOCARDIAL	8	1.0	1.0
6.49757	-7.80509	-45.82372	LAX_LV_ENDOCARDIAL	8	1.0	1.0
8.02254	-9.16354	-48.21470	LAX_LV_ENDOCARDIAL	8	1.0	1.0
9.54750	-10.52199	-50.60568	LAX_LV_ENDOCARDIAL	8	1.0	1.0
11.07247	-11.88044	-52.99666	LAX_LV_ENDOCARDIAL	8	1.0	1.0
12.59744	-13.23889	-55.38764	LAX_LV_ENDOCARDIAL	8	1.0	1.0
14.12241	-14.59734	-57.77862	LAX_LV_ENDOCARDIAL	8	1.0	1.0
15.92629	-14.59734	-59.93644	LAX_LV_ENDOCARDIAL	8	1.0	1.0
17.45126	-15.95579	-62.32741	LAX_LV_ENDOCARDIAL	8	1.0	1.0
18.97623	-17.31424	-64.71839	LAX_LV_ENDOCARDIAL	8	1.0	1.0
20.50120	-18.67269	-67.10937	LAX_LV_ENDOCARDIAL	8	1.0	1.0
22.30508	-18.67270	-69.26719	LAX_LV_ENDOCARDIAL	8	1.0	1.0
23.83005	-20.03115	-71.65817	LAX_LV_ENDOCARDIAL	8	1.0	1.0
25.35501	-21.38960	-74.04915	LAX_LV_ENDOCARDIAL	8	1.0	1.0
27.15890	-21.38960	-76.20697	LAX_LV_ENDOCARDIAL	8	1.0	1.0
28.96278	-21.38960	-78.36478	LAX_LV_ENDOCARDIAL	8	1.0	1.0
30.48775	-22.74805	-80.75576	LAX_LV_ENDOCARDIAL	8	1.0	1.0
32.29163	-22.74805	-82.91358	LAX_LV_ENDOCARDIAL	8	1.0	1.0
34.37442	-21.38961	-84.83824	LAX_LV_ENDOCARDIAL	8	1.0	1.0
35.89939	-22.74806	-87.22922	LAX_LV_ENDOCARDIAL	8	1.0	1.0
37.70327	-22.74806	-89.38703	LAX_LV_ENDOCARDIAL	8	1.0	1.0
39.78606	-21.38961	-91.31169	LAX_LV_ENDOCARDIAL	8	1.0	1.0
41.86886	-20.03116	-93.23634	LAX_LV_ENDOCARDIAL	8	1.0	1.0
43.32862	-17.31427	-93.84893	LAX_LV_ENDOCARDIAL	8	1.0	1.0
43.88645	-14.59737	-93.38261	LAX_LV_ENDOCARDIAL	8	1.0	1.0
44.44428	-11.88047	-92.91628	LAX_LV_ENDOCARDIAL	8	1.0	1.0
44.10016	-9.16357	-91.37105	LAX_LV_ENDOCARDIAL	8	1.0	1.0
42.85411	-6.44667	-88.74691	LAX_LV_ENDOCARDIAL	8	1.0	1.0
42.50999	-3.72978	-87.20168	LAX_LV_ENDOCARDIAL	8	1.0	1.0
42.16588	-1.01288	-85.65644	LAX_LV_ENDOCARDIAL	8	1.0	1.0
40.91982	1.70402	-83.03230	LAX_LV_ENDOCARDIAL	8	1.0	1.0
40.57570	4.42092	-81.48707	LAX_LV_ENDOCARDIAL	8	1.0	1.0
40.23159	7.13782	-79.94184	LAX_LV_ENDOCARDIAL	8	1.0	1.0
38.98553	9.85472	-77.31770	LAX_LV_ENDOCARDIAL	8	1.0	1.0
38.64142	12.57162	-75.77246	LAX_LV_ENDOCARDIAL	8	1.0	1.0
38.29730	15.28851	-74.22723	LAX_LV_ENDOCARDIAL	8	1.0	1.0
37.95319	18.00541	-72.68200	LAX_LV_ENDOCARDIAL	8	1.0	1.0
37.60907	20.72231	-71.13677	LAX_LV_ENDOCARDIAL	8	1.0	1.0
37.26496	23.43921	-69.59153	LAX_LV_ENDOCARDIAL	8	1.0	1.0
36.01890	26.15611	-66.96739	LAX_LV_ENDOCARDIAL	8	1.0	1.0
35.67479	28.87301	-65.42216	LAX_LV_ENDOCARDIAL	8	1.0	1.0
34.42873	31.58991	-62.79802	LAX_LV_ENDOCARDIAL	8	1.0	1.0
33.18268	34.30681	-60.17388	LAX_LV_ENDOCARDIAL	8	1.0	1.0
31.93662	37.02370	-57.54974	LAX_LV_ENDOCARDIAL	8	1.0	1.0
30.41165	38.38216	-55.15876	LAX_LV_ENDOCARDIAL	8	1.0	1.0
28.88668	39.74061	-52.76778	LAX_LV_ENDOCARDIAL	8	1.0	1.0
27.36172	41.09906	-50.37680	LAX_LV_ENDOCARDIAL	8	1.0	1.0
25.83675	42.45751	-47.98582	LAX_LV_ENDOCARDIAL	8	1.0	1.0
24.31178	43.81596	-45.59484	LAX_LV_ENDOCARDIAL	8	1.0	1.0
22.78681	45.17441	-43.20386	LAX_LV_ENDOCARDIAL	8	1.0	1.0
20.98293	45.17441	-41.04604	LAX_LV_ENDOCARDIAL	8	1.0	1.0
19.17905	45.17441	-38.88822	LAX_LV_ENDOCARDIAL	8	1.0	1.0
-5.96299	19.36390	-19.58231	LAX_LV_ENDOCARDIAL	8	1.0	1.0
-7.76687	19.36391	-17.42449	LAX_LV_ENDOCARDIAL	8	1.0	1.0
-35.54953	-10.52195	3.33976	LAX_RV_EPICARDIAL	8	1.0	1.0
-35.20541	-13.23884	1.79453	LAX_RV_EPICARDIAL	8	1.0	1.0
-33.68044	-14.59729	-0.59645	LAX_RV_EPICARDIAL	8	1.0	1.0
-32.43439	-17.31419	-3.22060	LAX_RV_EPICARDIAL	8	1.0	1.0
-30.90942	-18.67264	-5.61157	LAX_RV_EPICARDIAL	8	1.0	1.0
-29.38445	-20.03109	-8.00255	LAX_RV_EPICARDIAL	8	1.0	1.0
-27.85948	-21.38955	-10.39353	LAX_RV_EPICARDIAL	8	1.0	1.0
-26.33451	-22.74800	-12.78451	LAX_RV_EPICARDIAL	8	1.0	1.0
-24.80955	-24.10645	-15.17549	LAX_RV_EPICARDIAL	8	1.0	1.0
-23.28458	-25.46490	-17.56647	LAX_RV_EPICARDIAL	8	1.0	1.0
-21.75961	-26.82335	-19.95745	LAX_RV_EPICARDIAL	8	1.0	1.0
-19.95573	-26.82335	-22.11527	LAX_RV_EPICARDIAL	8	1.0	1.0
-18.43076	-28.18180	-24.50625	LAX_RV_EPICARDIAL	8	1.0	1.0
-16.62688	-28.18180	-26.66407	LAX_RV_EPICARDIAL	8	1.0	1.0
-14.82300	-28.18180	-28.82188	LAX_RV_EPICARDIAL	8	1.0	1.0
-13.01912	-28.18180	-30.97970	LAX_RV_EPICARDIAL	8	1.0	1.0
-11.21523	-28.18181	-33.13752	LAX_RV_EPICARDIAL	8	1.0	1.0
-9.13244	-26.82336	-35.06217	LAX_RV_EPICARDIAL	8	1.0	1.0
-7.32856	-26.82336	-37.21999	LAX_RV_EPICARDIAL	8	1.0	1.0
-5.52468	-26.82336	-39.37781	LAX_RV_EPICARDIAL	8	1.0	1.0
-3.72080	-26.82336	-41.53563	LAX_RV_EPICARDIAL	8	1.0	1.0
-1.91691	-26.82337	-43.69344	LAX_RV_EPICARDIAL	8	1.0	1.0
-0.11303	-26.82337	-45.85126	LAX_RV_EPICARDIAL	8	1.0	1.0
1.69085	-26.82337	-48.00908	LAX_RV_EPICARDIAL	8	1.0	1.0
3.49473	-26.82337	-50.16690	LAX_RV_EPICARDIAL	8	1.0	1.0
5.29861	-26.82337	-52.32471	LAX_RV_EPICARDIAL	8	1.0	1.0
7.38140	-25.46493	-54.24937	LAX_RV_EPICARDIAL	8	1.0	1.0
9.18529	-25.46493	-56.40719	LAX_RV_EPICARDIAL	8	1.0	1.0
8.84117	-22.74803	-54.86195	LAX_RV_EPICARDIAL	8	1.0	1.0
-14.31227	-3.72972	-19.23043	LAX_RV_EPICARDIAL	8	1.0	1.0
-16.11615	-3.72972	-17.07261	LAX_RV_EPICARDIAL	8	1.0	1.0
-17.92003	-3.72972	-14.91479	LAX_RV_EPICARDIAL	8	1.0	1.0
-19.72391	-3.72972	-12.75697	LAX_RV_EPICARDIAL	8	1.0	1.0
-21.52779	-3.72971	-10.59916	LAX_RV_EPICARDIAL	8	1.0	1.0
-23.05276	-2.37126	-8.20818	LAX_RV_EPICARDIAL	8	1.0	1.0
-24.85664	-2.37126	-6.05036	LAX_RV_EPICARDIAL	8	1.0	1.0
-26.66052	-2.37126	-3.89254	LAX_RV_EPICARDIAL	8	1.0	1.0
-28.74332	-3.72971	-1.96789	LAX_RV_EPICARDIAL	8	1.0	1.0
-30.54720	-3.72971	0.18993	LAX_RV_EPICARDIAL	8	1.0	1.0
-32.62999	-5.08815	2.11459	LAX_RV_EPICARDIAL	8	1.0	1.0
-34.71279	-6.44660	4.03924	LAX_RV_EPICARDIAL	8	1.0	1.0
-35.27061	-9.16350	3.57292	LAX_RV_EPICARDIAL	8	1.0	1.0
-2.97825	20.72235	-22.58587	MITRAL_VALVE	8	1.0	1.0
17.44037	41.09907	-38.50880	MITRAL_VALVE	8	1.0	1.0
-10.75160	18.00546	-14.42093	AORTA_VALVE	8	1.0	1.0
-12.29468	1.70407	-19.37669	AORTA_VALVE	8	1.0	1.0
-67.95794	9.49346	-66.08981	LAX_RV_FREEWALL	7	1.0	22
-69.13621	7.89217	-68.52604	LAX_RV_FREEWALL	7	1.0	22
-68.91469	6.29088	-70.82755	LAX_RV_FREEWALL	7	1.0	22
-67.29340	4.68958	-72.99434	LAX_RV_FREEWALL	7	1.0	22
-67.07189	3.08829	-75.29585	LAX_RV_FREEWALL	7	1.0	22
-65.45059	1.48700	-77.46264	LAX_RV_FREEWALL	7	1.0	22
-63.82930	-0.11429	-79.62942	LAX_RV_FREEWALL	7	1.0	22
-62.20800	-1.71558	-81.79621	LAX_RV_FREEWALL	7	1.0	22
-60.58671	-3.31687	-83.96300	LAX_RV_FREEWALL	7	1.0	22
-57.56563	-4.91817	-85.99506	LAX_RV_FREEWALL	7	1.0	22
-55.94434	-6.51946	-88.16184	LAX_RV_FREEWALL	7	1.0	22
-52.92326	-8.12075	-90.19391	LAX_RV_FREEWALL	7	1.0	22
-51.30197	-9.72204	-92.36069	LAX_RV_FREEWALL	7	1.0	22
-48.28089	-11.32333	-94.39275	LAX_RV_FREEWALL	7	1.0	22
-46.65960	-12.92462	-96.55954	LAX_RV_FREEWALL	7	1.0	22
-43.63852	-14.52592	-98.59160	LAX_RV_FREEWALL	7	1.0	22
-40.61745	-16.12721	-100.62366	LAX_RV_FREEWALL	7	1.0	22
-37.70713	-16.92785	-101.50497	LAX_RV_FREEWALL	7	1.0	22
-34.79681	-17.72850	-102.38628	LAX_RV_FREEWALL	7	1.0	22
-31.88649	-18.52915	-103.26758	LAX_RV_FREEWALL	7	1.0	22
-28.97617	-19.32979	-104.14889	LAX_RV_FREEWALL	7	1.0	22
-26.17661	-19.32979	-103.87944	LAX_RV_FREEWALL	7	1.0	22
-23.26629	-20.13044	-104.76074	LAX_RV_FREEWALL	7	1.0	22
-20.35597	-20.93109	-105.64205	LAX_RV_FREEWALL	7	1.0	22
-17.44565	-21.73173	-106.52336	LAX_RV_FREEWALL	7	1.0	22
-14.64609	-21.73173	-106.25391	LAX_RV_FREEWALL	7	1.0	22
-11.84653	-21.73174	-105.98446	LAX_RV_FREEWALL	7	1.0	22
-8.93621	-22.53238	-106.86576	LAX_RV_FREEWALL	7	1.0	22
-6.13664	-22.53238	-106.59631	LAX_RV_FREEWALL	7	1.0	22
-3.33708	-22.53238	-106.32687	LAX_RV_FREEWALL	7	1.0	22
-0.42676	-23.33303	-107.20817	LAX_RV_FREEWALL	7	1.0	22
2.37280	-23.33303	-106.93872	LAX_RV_FREEWALL	7	1.0	22
5.17236	-23.33303	-106.66927	LAX_RV_FREEWALL	7	1.0	22
8.08268	-24.13368	-107.55058	LAX_RV_FREEWALL	7	1.0	22
10.99300	-24.93432	-108.43189	LAX_RV_FREEWALL	7	1.0	22
13.79256	-24.93433	-108.16244	LAX_RV_FREEWALL	7	1.0	22
16.59212	-24.93433	-107.89299	LAX_RV_FREEWALL	7	1.0	22
19.28093	-24.13368	-106.47278	LAX_RV_FREEWALL	7	1.0	22
21.96974	-23.33304	-105.05258	LAX_RV_FREEWALL	7	1.0	22
24.65854	-22.53239	-103.63237	LAX_RV_FREEWALL	7	1.0	22
-65.15837	9.49346	-65.82036	LAX_RV_EPICARDIAL	7	1.0	22
-66.77967	11.09475	-63.65357	LAX_RV_EPICARDIAL	7	1.0	22
-68.17945	11.09475	-63.78830	LAX_RV_EPICARDIAL	7	1.0	22
-70.75750	9.49346	-66.35926	LAX_RV_EPICARDIAL	7	1.0	22
-71.93577	7.89217	-68.79549	LAX_RV_EPICARDIAL	7	1.0	22
-71.71425	6.29088	-71.09700	LAX_RV_EPICARDIAL	7	1.0	22
-71.49274	4.68959	-73.39851	LAX_RV_EPICARDIAL	7	1.0	22
-71.27123	3.08829	-75.70002	LAX_RV_EPICARDIAL	7	1.0	22
-69.64993	1.48700	-77.86681	LAX_RV_EPICARDIAL	7	1.0	22
-69.42842	-0.11429	-80.16832	LAX_RV_EPICARDIAL	7	1.0	22
-67.80713	-1.71558	-82.33511	LAX_RV_EPICARDIAL	7	1.0	22
-66.18583	-3.31687	-84.50189	LAX_RV_EPICARDIAL	7	1.0	22
-64.56454	-4.91816	-86.66868	LAX_RV_EPICARDIAL	7	1.0	22
-62.94324	-6.51945	-88.83547	LAX_RV_EPICARDIAL	7	1.0	22
-61.32195	-8.12075	-91.00225	LAX_RV_EPICARDIAL	7	1.0	22
-59.70066	-9.72204	-93.16904	LAX_RV_EPICARDIAL	7	1.0	22
-56.67958	-11.32333	-95.20110	LAX_RV_EPICARDIAL	7	1.0	22
-53.65850	-12.92462	-97.23316	LAX_RV_EPICARDIAL	7	1.0	22
-50.63743	-14.52591	-99.26522	LAX_RV_EPICARDIAL	7	1.0	22
-47.61635	-16.12721	-101.29729	LAX_RV_EPICARDIAL	7	1.0	22
-44.59528	-17.72850	-103.32935	LAX_RV_EPICARDIAL	7	1.0	22
-41.68496	-18.52914	-104.21065	LAX_RV_EPICARDIAL	7	1.0	22
-38.77464	-19.32979	-105.09196	LAX_RV_EPICARDIAL	7	1.0	22
-35.86432	-20.13044	-105.97327	LAX_RV_EPICARDIAL	7	1.0	22
-32.95400	-20.93108	-106.85457	LAX_RV_EPICARDIAL	7	1.0	22
-30.15444	-20.93108	-106.58512	LAX_RV_EPICARDIAL	7	1.0	22
-27.24412	-21.73173	-107.46643	LAX_RV_EPICARDIAL	7	1.0	22
-24.44456	-21.73173	-107.19698	LAX_RV_EPICARDIAL	7	1.0	22
-21.53424	-22.53238	-108.07829	LAX_RV_EPICARDIAL	7	1.0	22
-18.62392	-23.33302	-108.95959	LAX_RV_EPICARDIAL	7	1.0	22
-15.71360	-24.13367	-109.84090	LAX_RV_EPICARDIAL	7	1.0	22
-12.91404	-24.13367	-109.57145	LAX_RV_EPICARDIAL	7	1.0	22
-10.00372	-24.93432	-110.45276	LAX_RV_EPICARDIAL	7	1.0	22
-7.20416	-24.93432	-110.18331	LAX_RV_EPICARDIAL	7	1.0	22
-4.40459	-24.93432	-109.91386	LAX_RV_EPICARDIAL	7	1.0	22
-1.60503	-24.93432	-109.64441	LAX_RV_EPICARDIAL	7	1.0	22
1.19453	-24.93432	-109.37496	LAX_RV_EPICARDIAL	7	1.0	22
3.99409	-24.93432	-109.10551	LAX_RV_EPICARDIAL	7	1.0	22
6.90441	-25.73497	-109.98681	LAX_RV_EPICARDIAL	7	1.0	22
9.70398	-25.73497	-109.71737	LAX_RV_EPICARDIAL	7	1.0	22
12.61429	-26.53562	-110.59867	LAX_RV_EPICARDIAL	7	1.0	22
15.41386	-26.53562	-110.32922	LAX_RV_EPICARDIAL	7	1.0	22
18.21342	-26.53562	-110.05977	LAX_RV_EPICARDIAL	7	1.0	22
20.90223	-25.73497	-108.63957	LAX_RV_EPICARDIAL	7	1.0	22
23.59103	-24.93433	-107.21936	LAX_RV_EPICARDIAL	7	1.0	22
26.27984	-24.13368	-105.79916	LAX_RV_EPICARDIAL	7	1.0	22
25.94757	-21.73175	-102.34689	LAX_RV_EPICARDIAL	7	1.0	22
24.43703	-20.93110	-101.33086	LAX_RV_SEPTUM	7	1.0	22
21.52671	-20.13045	-100.44956	LAX_RV_SEPTUM	7	1.0	22
18.50564	-18.52916	-98.41749	LAX_RV_SEPTUM	7	1.0	22
15.48456	-16.92787	-96.38543	LAX_RV_SEPTUM	7	1.0	22
12.46348	-15.32658	-94.35337	LAX_RV_SEPTUM	7	1.0	22
9.44241	-13.72529	-92.32131	LAX_RV_SEPTUM	7	1.0	22
6.42133	-12.12399	-90.28925	LAX_RV_SEPTUM	7	1.0	22
4.80004	-10.52270	-88.12246	LAX_RV_SEPTUM	7	1.0	22
1.77896	-8.92141	-86.09040	LAX_RV_SEPTUM	7	1.0	22
-1.24211	-7.32012	-84.05834	LAX_RV_SEPTUM	7	1.0	22
-4.26319	-5.71883	-82.02628	LAX_RV_SEPTUM	7	1.0	22
-5.88448	-4.11753	-79.85949	LAX_RV_SEPTUM	7	1.0	22
-7.50578	-2.51624	-77.69270	LAX_RV_SEPTUM	7	1.0	22
-9.12707	-0.91495	-75.52592	LAX_RV_SEPTUM	7	1.0	22
-10.74837	0.68634	-73.35913	LAX_RV_SEPTUM	7	1.0	22
-12.36966	2.28763	-71.19234	LAX_RV_SEPTUM	7	1.0	22
-13.99095	3.88892	-69.02556	LAX_RV_SEPTUM	7	1.0	22
-15.61225	5.49022	-66.85877	LAX_RV_SEPTUM	7	1.0	22
-17.23354	7.09151	-64.69199	LAX_RV_SEPTUM	7	1.0	22
-20.25462	8.69280	-62.65992	LAX_RV_SEPTUM	7	1.0	22
-21.87591	10.29409	-60.49314	LAX_RV_SEPTUM	7	1.0	22
-23.49721	11.89538	-58.32635	LAX_RV_SEPTUM	7	1.0	22
-25.11850	13.49667	-56.15957	LAX_RV_SEPTUM	7	1.0	22
-25.34001	15.09797	-53.85805	LAX_RV_SEPTUM	7	1.0	22
14.61975	39.91797	-14.00817	LAX_LV_EPICARDIAL	7	1.0	22
-22.46975	24.70571	-39.64481	LAX_LV_EPICARDIAL	7	1.0	22
-25.04780	23.10442	-42.21577	LAX_LV_EPICARDIAL	7	1.0	22
-24.82629	21.50313	-44.51729	LAX_LV_EPICARDIAL	7	1.0	22
-26.00455	19.90184	-46.95352	LAX_LV_EPICARDIAL	7	1.0	22
-25.78304	18.30055	-49.25503	LAX_LV_EPICARDIAL	7	1.0	22
-25.56153	16.69926	-51.55654	LAX_LV_EPICARDIAL	7	1.0	22
28.74713	-21.73175	-102.07744	LAX_LV_EPICARDIAL	7	1.0	22
31.54669	-21.73175	-101.80799	LAX_LV_EPICARDIAL	7	1.0	22
34.34625	-21.73175	-101.53854	LAX_LV_EPICARDIAL	7	1.0	22
37.14582	-21.73175	-101.26909	LAX_LV_EPICARDIAL	7	1.0	22
39.94538	-21.73175	-100.99965	LAX_LV_EPICARDIAL	7	1.0	22
42.52343	-20.13046	-98.42869	LAX_LV_EPICARDIAL	7	1.0	22
45.21224	-19.32981	-97.00848	LAX_LV_EPICARDIAL	7	1.0	22
46.39050	-17.72852	-94.57224	LAX_LV_EPICARDIAL	7	1.0	22
47.56877	-16.12723	-92.13601	LAX_LV_EPICARDIAL	7	1.0	22
48.74704	-14.52594	-89.69977	LAX_LV_EPICARDIAL	7	1.0	22
49.92531	-12.92465	-87.26354	LAX_LV_EPICARDIAL	7	1.0	22
51.10358	-11.32336	-84.82730	LAX_LV_EPICARDIAL	7	1.0	22
52.28184	-9.72207	-82.39107	LAX_LV_EPICARDIAL	7	1.0	22
53.46011	-8.12078	-79.95483	LAX_LV_EPICARDIAL	7	1.0	22
54.63838	-6.51949	-77.51860	LAX_LV_EPICARDIAL	7	1.0	22
55.81665	-4.91820	-75.08236	LAX_LV_EPICARDIAL	7	1.0	22
55.59514	-3.31691	-72.78085	LAX_LV_EPICARDIAL	7	1.0	22
56.77340	-1.71561	-70.34461	LAX_LV_EPICARDIAL	7	1.0	22
56.55189	-0.11432	-68.04310	LAX_LV_EPICARDIAL	7	1.0	22
56.33038	1.48697	-65.74159	LAX_LV_EPICARDIAL	7	1.0	22
56.10886	3.08826	-63.44008	LAX_LV_EPICARDIAL	7	1.0	22
55.88735	4.68955	-61.13857	LAX_LV_EPICARDIAL	7	1.0	22
55.66584	6.29084	-58.83706	LAX_LV_EPICARDIAL	7	1.0	22
55.44433	7.89213	-56.53555	LAX_LV_EPICARDIAL	7	1.0	22
55.22281	9.49342	-54.23404	LAX_LV_EPICARDIAL	7	1.0	22
53.60152	11.09472	-52.06725	LAX_LV_EPICARDIAL	7	1.0	22
53.38001	12.69601	-49.76574	LAX_LV_EPICARDIAL	7	1.0	22
53.15849	14.29730	-47.46423	LAX_LV_EPICARDIAL	7	1.0	22
51.53720	15.89859	-45.29744	LAX_LV_EPICARDIAL	7	1.0	22
51.31568	17.49988	-42.99593	LAX_LV_EPICARDIAL	7	1.0	22
51.09417	19.10117	-40.69442	LAX_LV_EPICARDIAL	7	1.0	22
49.47288	20.70246	-38.52763	LAX_LV_EPICARDIAL	7	1.0	22
49.25136	22.30375	-36.22612	LAX_LV_EPICARDIAL	7	1.0	22
47.63007	23.90505	-34.05934	LAX_LV_EPICARDIAL	7	1.0	22
46.00878	25.50634	-31.89255	LAX_LV_EPICARDIAL	7	1.0	22
44.38748	27.10763	-29.72576	LAX_LV_EPICARDIAL	7	1.0	22
42.76619	28.70892	-27.55898	LAX_LV_EPICARDIAL	7	1.0	22
41.14489	30.31021	-25.39219	LAX_LV_EPICARDIAL	7	1.0	22
39.52360	31.91150	-23.22541	LAX_LV_EPICARDIAL	7	1.0	22
37.90230	33.51280	-21.05862	LAX_LV_EPICARDIAL	7	1.0	22
34.88123	35.11409	-19.02656	LAX_LV_EPICARDIAL	7	1.0	22
31.86015	36.71538	-16.99450	LAX_LV_EPICARDIAL	7	1.0	22
28.94983	37.51603	-16.11319	LAX_LV_EPICARDIAL	7	1.0	22
26.03952	38.31667	-15.23188	LAX_LV_EPICARDIAL	7	1.0	22
23.12920	39.11732	-14.35058	LAX_LV_EPICARDIAL	7	1.0	22
20.21888	39.91797	-13.46927	LAX_LV_EPICARDIAL	7	1.0	22
17.41931	39.91797	-13.73872	LAX_LV_EPICARDIAL	7	1.0	22
-21.06997	24.70571	-39.51009	LAX_LV_ENDOCARDIAL	7	1.0	22
-20.84845	23.10442	-41.81160	LAX_LV_ENDOCARDIAL	7	1.0	22
-19.22716	21.50313	-43.97839	LAX_LV_ENDOCARDIAL	7	1.0	22
-19.00565	19.90184	-46.27990	LAX_LV_ENDOCARDIAL	7	1.0	22
-18.78413	18.30055	-48.58141	LAX_LV_ENDOCARDIAL	7	1.0	22
-17.16284	16.69925	-50.74820	LAX_LV_ENDOCARDIAL	7	1.0	22
-15.54155	15.09796	-52.91498	LAX_LV_ENDOCARDIAL	7	1.0	22
-13.92025	13.49667	-55.08177	LAX_LV_ENDOCARDIAL	7	1.0	22
-12.29896	11.89538	-57.24855	LAX_LV_ENDOCARDIAL	7	1.0	22
-9.27788	10.29409	-59.28062	LAX_LV_ENDOCARDIAL	7	1.0	22
-6.25681	8.69280	-61.31268	LAX_LV_ENDOCARDIAL	7	1.0	22
-4.63551	7.09150	-63.47946	LAX_LV_ENDOCARDIAL	7	1.0	22
-3.01422	5.49021	-65.64625	LAX_LV_ENDOCARDIAL	7	1.0	22
-1.39292	3.88892	-67.81304	LAX_LV_ENDOCARDIAL	7	1.0	22
0.22837	2.28763	-69.97982	LAX_LV_ENDOCARDIAL	7	1.0	22
1.84967	0.68634	-72.14661	LAX_LV_ENDOCARDIAL	7	1.0	22
3.47096	-0.91495	-74.31340	LAX_LV_ENDOCARDIAL	7	1.0	22
5.09225	-2.51625	-76.48018	LAX_LV_ENDOCARDIAL	7	1.0	22
6.71355	-4.11754	-78.64697	LAX_LV_ENDOCARDIAL	7	1.0	22
9.73462	-5.71883	-80.67903	LAX_LV_ENDOCARDIAL	7	1.0	22
11.35592	-7.32012	-82.84582	LAX_LV_ENDOCARDIAL	7	1.0	22
12.97721	-8.92141	-85.01260	LAX_LV_ENDOCARDIAL	7	1.0	22
15.99829	-10.52270	-87.04466	LAX_LV_ENDOCARDIAL	7	1.0	22
17.61958	-12.12400	-89.21145	LAX_LV_ENDOCARDIAL	7	1.0	22
20.64066	-13.72529	-91.24351	LAX_LV_ENDOCARDIAL	7	1.0	22
23.66173	-15.32658	-93.27557	LAX_LV_ENDOCARDIAL	7	1.0	22
26.68281	-16.92787	-95.30763	LAX_LV_ENDOCARDIAL	7	1.0	22
29.59313	-17.72852	-96.18894	LAX_LV_ENDOCARDIAL	7	1.0	22
32.61420	-19.32981	-98.22100	LAX_LV_ENDOCARDIAL	7	1.0	22
35.52452	-20.13046	-99.10231	LAX_LV_ENDOCARDIAL	7	1.0	22
38.32409	-20.13046	-98.83286	LAX_LV_ENDOCARDIAL	7	1.0	22
40.90214	-18.52917	-96.26190	LAX_LV_ENDOCARDIAL	7	1.0	22
43.48018	-16.92788	-93.69094	LAX_LV_ENDOCARDIAL	7	1.0	22
43.25867	-15.32659	-91.38943	LAX_LV_ENDOCARDIAL	7	1.0	22
44.43694	-13.72530	-88.95319	LAX_LV_ENDOCARDIAL	7	1.0	22
44.21543	-12.12400	-86.65168	LAX_LV_ENDOCARDIAL	7	1.0	22
45.39369	-10.52271	-84.21545	LAX_LV_ENDOCARDIAL	7	1.0	22
46.57196	-8.92142	-81.77921	LAX_LV_ENDOCARDIAL	7	1.0	22
46.35045	-7.32013	-79.47770	LAX_LV_ENDOCARDIAL	7	1.0	22
47.52872	-5.71884	-77.04146	LAX_LV_ENDOCARDIAL	7	1.0	22
48.70699	-4.11755	-74.60523	LAX_LV_ENDOCARDIAL	7	1.0	22
48.48547	-2.51626	-72.30372	LAX_LV_ENDOCARDIAL	7	1.0	22
49.66374	-0.91497	-69.86748	LAX_LV_ENDOCARDIAL	7	1.0	22
49.44223	0.68632	-67.56597	LAX_LV_ENDOCARDIAL	7	1.0	22
49.22072	2.28762	-65.26446	LAX_LV_ENDOCARDIAL	7	1.0	22
48.99920	3.88891	-62.96295	LAX_LV_ENDOCARDIAL	7	1.0	22
48.77769	5.49020	-60.66144	LAX_LV_ENDOCARDIAL	7	1.0	22
48.55618	7.09149	-58.35993	LAX_LV_ENDOCARDIAL	7	1.0	22
48.33466	8.69278	-56.05842	LAX_LV_ENDOCARDIAL	7	1.0	22
48.11315	10.29407	-53.75690	LAX_LV_ENDOCARDIAL	7	1.0	22
47.89164	11.89536	-51.45539	LAX_LV_ENDOCARDIAL	7	1.0	22
46.27034	13.49665	-49.28861	LAX_LV_ENDOCARDIAL	7	1.0	22
46.04883	15.09795	-46.98710	LAX_LV_ENDOCARDIAL	7	1.0	22
45.82732	16.69924	-44.68559	LAX_LV_ENDOCARDIAL	7	1.0	22
44.20602	18.30053	-42.51880	LAX_LV_ENDOCARDIAL	7	1.0	22
43.98451	19.90182	-40.21729	LAX_LV_ENDOCARDIAL	7	1.0	22
42.36321	21.50311	-38.05050	LAX_LV_ENDOCARDIAL	7	1.0	22
40.74192	23.10440	-35.88372	LAX_LV_ENDOCARDIAL	7	1.0	22
39.12063	24.70569	-33.71693	LAX_LV_ENDOCARDIAL	7	1.0	22
37.49933	26.30699	-31.55014	LAX_LV_ENDOCARDIAL	7	1.0	22
34.47826	27.90828	-29.51808	LAX_LV_ENDOCARDIAL	7	1.0	22
32.85696	29.50957	-27.35130	LAX_LV_ENDOCARDIAL	7	1.0	22
31.23567	31.11086	-25.18451	LAX_LV_ENDOCARDIAL	7	1.0	22
28.21459	32.71215	-23.15245	LAX_LV_ENDOCARDIAL	7	1.0	22
25.19352	34.31345	-21.12039	LAX_LV_ENDOCARDIAL	7	1.0	22
22.28320	35.11409	-20.23908	LAX_LV_ENDOCARDIAL	7	1.0	22
19.37288	35.91474	-19.35777	LAX_LV_ENDOCARDIAL	7	1.0	22
16.46256	36.71538	-18.47647	LAX_LV_ENDOCARDIAL	7	1.0	22
-65.15837	9.49346	-65.82036	LAX_RV_EPICARDIAL	7	1.0	22
-66.77967	11.09475	-63.65357	LAX_RV_EPICARDIAL	7	1.0	22
-68.17945	11.09475	-63.78830	LAX_RV_EPICARDIAL	7	1.0	22
-70.75750	9.49346	-66.35926	LAX_RV_EPICARDIAL	7	1.0	22
-71.93577	7.89217	-68.79549	LAX_RV_EPICARDIAL	7	1.0	22
-71.71425	6.29088	-71.09700	LAX_RV_EPICARDIAL	7	1.0	22
-71.49274	4.68959	-73.39851	LAX_RV_EPICARDIAL	7	1.0	22
-71.27123	3.08829	-75.70002	LAX_RV_EPICARDIAL	7	1.0	22
-69.64993	1.48700	-77.86681	LAX_RV_EPICARDIAL	7	1.0	22
-69.42842	-0.11429	-80.16832	LAX_RV_EPICARDIAL	7	1.0	22
-67.80713	-1.71558	-82.33511	LAX_RV_EPICARDIAL	7	1.0	22
-66.18583	-3.31687	-84.50189	LAX_RV_EPICARDIAL	7	1.0	22
-64.56454	-4.91816	-86.66868	LAX_RV_EPICARDIAL	7	1.0	22
-62.94324	-6.51945	-88.83547	LAX_RV_EPICARDIAL	7	1.0	22
-61.32195	-8.12075	-91.00225	LAX_RV_EPICARDIAL	7	1.0	22
-59.70066	-9.72204	-93.16904	LAX_RV_EPICARDIAL	7	1.0	22
-56.67958	-11.32333	-95.20110	LAX_RV_EPICARDIAL	7	1.0	22
-53.65850	-12.92462	-97.23316	LAX_RV_EPICARDIAL	7	1.0	22
-50.63743	-14.52591	-99.26522	LAX_RV_EPICARDIAL	7	1.0	22
-47.61635	-16.12721	-101.29729	LAX_RV_EPICARDIAL	7	1.0	22
-44.59528	-17.72850	-103.32935	LAX_RV_EPICARDIAL	7	1.0	22
-41.68496	-18.52914	-104.21065	LAX_RV_EPICARDIAL	7	1.0	22
-38.77464	-19.32979	-105.09196	LAX_RV_EPICARDIAL	7	1.0	22
-35.86432	-20.13044	-105.97327	LAX_RV_EPICARDIAL	7	1.0	22
-32.95400	-20.93108	-106.85457	LAX_RV_EPICARDIAL	7	1.0	22
-30.15444	-20.93108	-106.58512	LAX_RV_EPICARDIAL	7	1.0	22
-27.24412	-21.73173	-107.46643	LAX_RV_EPICARDIAL	7	1.0	22
-24.44456	-21.73173	-107.19698	LAX_RV_EPICARDIAL	7	1.0	22
-21.53424	-22.53238	-108.07829	LAX_RV_EPICARDIAL	7	1.0	22
-18.62392	-23.33302	-108.95959	LAX_RV_EPICARDIAL	7	1.0	22
-15.71360	-24.13367	-109.84090	LAX_RV_EPICARDIAL	7	1.0	22
-12.91404	-24.13367	-109.57145	LAX_RV_EPICARDIAL	7	1.0	22
-10.00372	-24.93432	-110.45276	LAX_RV_EPICARDIAL	7	1.0	22
-7.20416	-24.93432	-110.18331	LAX_RV_EPICARDIAL	7	1.0	22
-4.40459	-24.93432	-109.91386	LAX_RV_EPICARDIAL	7	1.0	22
-1.60503	-24.93432	-109.64441	LAX_RV_EPICARDIAL	7	1.0	22
1.19453	-24.93432	-109.37496	LAX_RV_EPICARDIAL	7	1.0	22
3.99409	-24.93432	-109.10551	LAX_RV_EPICARDIAL	7	1.0	22
6.90441	-25.73497	-109.98681	LAX_RV_EPICARDIAL	7	1.0	22
9.70398	-25.73497	-109.71737	LAX_RV_EPICARDIAL	7	1.0	22
12.61429	-26.53562	-110.59867	LAX_RV_EPICARDIAL	7	1.0	22
15.41386	-26.53562	-110.32922	LAX_RV_EPICARDIAL	7	1.0	22
18.21342	-26.53562	-110.05977	LAX_RV_EPICARDIAL	7	1.0	22
20.90223	-25.73497	-108.63957	LAX_RV_EPICARDIAL	7	1.0	22
23.59103	-24.93433	-107.21936	LAX_RV_EPICARDIAL	7	1.0	22
26.27984	-24.13368	-105.79916	LAX_RV_EPICARDIAL	7	1.0	22
25.94757	-21.73175	-102.34689	LAX_RV_EPICARDIAL	7	1.0	22
13.55224	37.51603	-17.59516	MITRAL_VALVE	7	1.0	22
-21.29148	26.30700	-37.20858	MITRAL_VALVE	7	1.0	22
-26.85055	15.89861	-52.84202	TRICUSPID_VALVE	7	1.0	22
-65.26913	10.29410	-64.66960	TRICUSPID_VALVE	7	1.0	22
39.94538	-21.73175	-100.99965	APEX_POINT	7	1.0	22
-11.15988	-15.79247	-1.17451	LAX_RV_FREEWALL	11	1.0	22
-10.69615	-17.18623	-3.95481	LAX_RV_FREEWALL	11	1.0	22
-10.23242	-18.57999	-6.73512	LAX_RV_FREEWALL	11	1.0	22
-9.76869	-19.97375	-9.51542	LAX_RV_FREEWALL	11	1.0	22
-9.39038	-19.96387	-12.30234	LAX_RV_FREEWALL	11	1.0	22
-8.92665	-21.35763	-15.08265	LAX_RV_FREEWALL	11	1.0	22
-8.46293	-22.75139	-17.86295	LAX_RV_FREEWALL	11	1.0	22
-8.08461	-22.74151	-20.64987	LAX_RV_FREEWALL	11	1.0	22
-7.62089	-24.13527	-23.43018	LAX_RV_FREEWALL	11	1.0	22
-7.24257	-24.12539	-26.21710	LAX_RV_FREEWALL	11	1.0	22
-6.86426	-24.11551	-29.00402	LAX_RV_FREEWALL	11	1.0	22
-6.48595	-24.10563	-31.79095	LAX_RV_FREEWALL	11	1.0	22
-6.10764	-24.09576	-34.57787	LAX_RV_FREEWALL	11	1.0	22
-5.72932	-24.08588	-37.36479	LAX_RV_FREEWALL	11	1.0	22
-5.35101	-24.07600	-40.15172	LAX_RV_FREEWALL	11	1.0	22
-4.88728	-25.46976	-42.93202	LAX_RV_FREEWALL	11	1.0	22
-4.50897	-25.45988	-45.71894	LAX_RV_FREEWALL	11	1.0	22
-4.13066	-25.45000	-48.50587	LAX_RV_FREEWALL	11	1.0	22
-3.66693	-26.84376	-51.28617	LAX_RV_FREEWALL	11	1.0	22
-3.28862	-26.83388	-54.07309	LAX_RV_FREEWALL	11	1.0	22
-2.91031	-26.82400	-56.86002	LAX_RV_FREEWALL	11	1.0	22
-2.53200	-26.81412	-59.64694	LAX_RV_FREEWALL	11	1.0	22
-2.06827	-28.20788	-62.42724	LAX_RV_FREEWALL	11	1.0	22
-1.68995	-28.19801	-65.21417	LAX_RV_FREEWALL	11	1.0	22
-1.31164	-28.18813	-68.00109	LAX_RV_FREEWALL	11	1.0	22
-0.93333	-28.17825	-70.78801	LAX_RV_FREEWALL	11	1.0	22
-0.55502	-28.16837	-73.57494	LAX_RV_FREEWALL	11	1.0	22
-0.26212	-26.75485	-76.36848	LAX_RV_FREEWALL	11	1.0	22
0.11619	-26.74497	-79.15540	LAX_RV_FREEWALL	11	1.0	22
0.49450	-26.73509	-81.94232	LAX_RV_FREEWALL	11	1.0	22
0.87281	-26.72521	-84.72925	LAX_RV_FREEWALL	11	1.0	22
1.25113	-26.71534	-87.51617	LAX_RV_FREEWALL	11	1.0	22
1.62944	-26.70546	-90.30309	LAX_RV_FREEWALL	11	1.0	22
2.00775	-26.69558	-93.09002	LAX_RV_FREEWALL	11	1.0	22
2.47148	-28.08934	-95.87032	LAX_RV_FREEWALL	11	1.0	22
2.84979	-28.07946	-98.65724	LAX_RV_FREEWALL	11	1.0	22
3.14269	-26.66594	-101.45079	LAX_RV_FREEWALL	11	1.0	22
3.52100	-26.65606	-104.23771	LAX_RV_FREEWALL	11	1.0	22
3.81390	-25.24255	-107.03125	LAX_RV_FREEWALL	11	1.0	22
4.10679	-23.82903	-109.82479	LAX_RV_FREEWALL	11	1.0	22
3.93596	-21.02175	-109.83803	LAX_RV_FREEWALL	11	1.0	22
3.76513	-18.21447	-109.85127	LAX_RV_FREEWALL	11	1.0	22
3.59430	-15.40720	-109.86451	LAX_RV_FREEWALL	11	1.0	22
3.23431	-12.60486	-108.48429	LAX_RV_FREEWALL	11	1.0	22
2.87432	-9.80252	-107.10406	LAX_RV_FREEWALL	11	1.0	22
2.32518	-7.00512	-104.33038	LAX_RV_FREEWALL	11	1.0	22
1.96519	-4.20279	-102.95016	LAX_RV_FREEWALL	11	1.0	22
1.60520	-1.40045	-101.56993	LAX_RV_FREEWALL	11	1.0	22
1.05606	1.39695	-98.79625	LAX_RV_FREEWALL	11	1.0	22
0.50691	4.19435	-96.02257	LAX_RV_FREEWALL	11	1.0	22
0.12860	4.18447	-93.23564	LAX_RV_FREEWALL	11	1.0	22
-0.42054	6.98187	-90.46196	LAX_RV_FREEWALL	11	1.0	22
-0.71344	5.56835	-87.66842	LAX_RV_FREEWALL	11	1.0	22
-0.73176	2.75613	-86.26172	LAX_RV_SEPTUM	11	1.0	22
-0.56093	-0.05114	-86.24848	LAX_RV_SEPTUM	11	1.0	22
-0.76841	-2.86830	-83.44831	LAX_RV_SEPTUM	11	1.0	22
-0.97589	-5.68545	-80.64815	LAX_RV_SEPTUM	11	1.0	22
-0.99422	-8.49767	-79.24145	LAX_RV_SEPTUM	11	1.0	22
-1.20170	-11.31483	-76.44129	LAX_RV_SEPTUM	11	1.0	22
-1.58001	-11.32471	-73.65437	LAX_RV_SEPTUM	11	1.0	22
-1.87291	-12.73822	-70.86083	LAX_RV_SEPTUM	11	1.0	22
-2.25122	-12.74810	-68.07390	LAX_RV_SEPTUM	11	1.0	22
-2.62953	-12.75798	-65.28698	LAX_RV_SEPTUM	11	1.0	22
-3.00784	-12.76786	-62.50006	LAX_RV_SEPTUM	11	1.0	22
-3.38615	-12.77774	-59.71313	LAX_RV_SEPTUM	11	1.0	22
-3.76447	-12.78762	-56.92621	LAX_RV_SEPTUM	11	1.0	22
-4.05736	-14.20113	-54.13267	LAX_RV_SEPTUM	11	1.0	22
-4.43567	-14.21101	-51.34574	LAX_RV_SEPTUM	11	1.0	22
-4.72857	-15.62453	-48.55220	LAX_RV_SEPTUM	11	1.0	22
-5.19230	-14.23077	-45.77190	LAX_RV_SEPTUM	11	1.0	22
-5.57061	-14.24065	-42.98497	LAX_RV_SEPTUM	11	1.0	22
-5.94892	-14.25053	-40.19805	LAX_RV_SEPTUM	11	1.0	22
-6.41265	-12.85677	-37.41775	LAX_RV_SEPTUM	11	1.0	22
-6.87638	-11.46301	-34.63744	LAX_RV_SEPTUM	11	1.0	22
-7.25469	-11.47289	-31.85052	LAX_RV_SEPTUM	11	1.0	22
-7.71842	-10.07913	-29.07022	LAX_RV_SEPTUM	11	1.0	22
-8.09673	-10.08901	-26.28329	LAX_RV_SEPTUM	11	1.0	22
-8.56046	-8.69525	-23.50299	LAX_RV_SEPTUM	11	1.0	22
-9.02419	-7.30149	-20.72269	LAX_RV_SEPTUM	11	1.0	22
-9.48792	-5.90773	-17.94238	LAX_RV_SEPTUM	11	1.0	22
-9.95164	-4.51397	-15.16208	LAX_RV_SEPTUM	11	1.0	22
-10.41537	-3.12021	-12.38178	LAX_RV_SEPTUM	11	1.0	22
-10.79368	-3.13009	-9.59485	LAX_RV_SEPTUM	11	1.0	22
-11.64193	-17.21093	3.01250	LAX_RV_EPICARDIAL	11	1.0	22
-11.17820	-18.60469	0.23219	LAX_RV_EPICARDIAL	11	1.0	22
-10.71447	-19.99845	-2.54811	LAX_RV_EPICARDIAL	11	1.0	22
-10.25075	-21.39221	-5.32842	LAX_RV_EPICARDIAL	11	1.0	22
-9.78702	-22.78597	-8.10872	LAX_RV_EPICARDIAL	11	1.0	22
-9.32329	-24.17973	-10.88902	LAX_RV_EPICARDIAL	11	1.0	22
-8.85956	-25.57349	-13.66933	LAX_RV_EPICARDIAL	11	1.0	22
-8.48125	-25.56361	-16.45625	LAX_RV_EPICARDIAL	11	1.0	22
-8.01752	-26.95737	-19.23655	LAX_RV_EPICARDIAL	11	1.0	22
-7.63921	-26.94749	-22.02348	LAX_RV_EPICARDIAL	11	1.0	22
-7.17548	-28.34125	-24.80378	LAX_RV_EPICARDIAL	11	1.0	22
-6.79717	-28.33137	-27.59070	LAX_RV_EPICARDIAL	11	1.0	22
-6.41886	-28.32149	-30.37763	LAX_RV_EPICARDIAL	11	1.0	22
-6.04055	-28.31161	-33.16455	LAX_RV_EPICARDIAL	11	1.0	22
-5.66223	-28.30173	-35.95147	LAX_RV_EPICARDIAL	11	1.0	22
-5.28392	-28.29185	-38.73840	LAX_RV_EPICARDIAL	11	1.0	22
-4.90561	-28.28197	-41.52532	LAX_RV_EPICARDIAL	11	1.0	22
-4.52730	-28.27210	-44.31224	LAX_RV_EPICARDIAL	11	1.0	22
-4.14898	-28.26222	-47.09917	LAX_RV_EPICARDIAL	11	1.0	22
-3.77067	-28.25234	-49.88609	LAX_RV_EPICARDIAL	11	1.0	22
-3.39236	-28.24246	-52.67301	LAX_RV_EPICARDIAL	11	1.0	22
-3.01405	-28.23258	-55.45993	LAX_RV_EPICARDIAL	11	1.0	22
-2.46490	-31.02998	-58.23362	LAX_RV_EPICARDIAL	11	1.0	22
-2.08659	-31.02010	-61.02054	LAX_RV_EPICARDIAL	11	1.0	22
-1.70828	-31.01022	-63.80747	LAX_RV_EPICARDIAL	11	1.0	22
-1.32997	-31.00034	-66.59439	LAX_RV_EPICARDIAL	11	1.0	22
-0.95165	-30.99046	-69.38131	LAX_RV_EPICARDIAL	11	1.0	22
-0.57334	-30.98059	-72.16823	LAX_RV_EPICARDIAL	11	1.0	22
-0.19503	-30.97071	-74.95516	LAX_RV_EPICARDIAL	11	1.0	22
0.09787	-29.55719	-77.74870	LAX_RV_EPICARDIAL	11	1.0	22
0.47618	-29.54731	-80.53562	LAX_RV_EPICARDIAL	11	1.0	22
0.85449	-29.53743	-83.32255	LAX_RV_EPICARDIAL	11	1.0	22
1.23280	-29.52755	-86.10947	LAX_RV_EPICARDIAL	11	1.0	22
1.61111	-29.51767	-88.89639	LAX_RV_EPICARDIAL	11	1.0	22
1.98943	-29.50780	-91.68332	LAX_RV_EPICARDIAL	11	1.0	22
2.36774	-29.49792	-94.47024	LAX_RV_EPICARDIAL	11	1.0	22
2.83147	-30.89168	-97.25054	LAX_RV_EPICARDIAL	11	1.0	22
3.20978	-30.88180	-100.03747	LAX_RV_EPICARDIAL	11	1.0	22
3.50268	-29.46828	-102.83101	LAX_RV_EPICARDIAL	11	1.0	22
3.79557	-28.05476	-105.62455	LAX_RV_EPICARDIAL	11	1.0	22
4.17388	-28.04488	-108.41147	LAX_RV_EPICARDIAL	11	1.0	22
4.38136	-25.22773	-111.21164	LAX_RV_EPICARDIAL	11	1.0	22
4.48510	-23.81915	-112.61172	LAX_RV_EPICARDIAL	11	1.0	22
4.50343	-21.00693	-114.01842	LAX_RV_EPICARDIAL	11	1.0	22
4.33260	-18.19966	-114.03166	LAX_RV_EPICARDIAL	11	1.0	22
3.97261	-15.39732	-112.65143	LAX_RV_EPICARDIAL	11	1.0	22
3.80178	-12.59004	-112.66467	LAX_RV_EPICARDIAL	11	1.0	22
3.44179	-9.78770	-111.28445	LAX_RV_EPICARDIAL	11	1.0	22
3.08180	-6.98537	-109.90423	LAX_RV_EPICARDIAL	11	1.0	22
2.72181	-4.18303	-108.52400	LAX_RV_EPICARDIAL	11	1.0	22
2.17267	-1.38563	-105.75032	LAX_RV_EPICARDIAL	11	1.0	22
1.81268	1.41671	-104.37010	LAX_RV_EPICARDIAL	11	1.0	22
1.26354	4.21411	-101.59641	LAX_RV_EPICARDIAL	11	1.0	22
0.71439	7.01151	-98.82273	LAX_RV_EPICARDIAL	11	1.0	22
0.25067	8.40527	-96.04242	LAX_RV_EPICARDIAL	11	1.0	22
-0.29848	11.20266	-93.26874	LAX_RV_EPICARDIAL	11	1.0	22
-0.76221	12.59642	-90.48844	LAX_RV_EPICARDIAL	11	1.0	22
-1.05510	11.18291	-87.69489	LAX_RV_EPICARDIAL	11	1.0	22
-0.88427	8.37563	-87.68165	LAX_RV_EPICARDIAL	11	1.0	22
-11.81276	-14.40365	2.99926	PULMONARY_VALVE	11	1.0	22
-11.34283	-0.33269	-6.82117	PULMONARY_VALVE	11	1.0	22
