x	y	z	contour type	frameID	weight	time frame
-28.82560	-26.38164	-46.68549	SAX_RV_FREEWALL	3	1.0	7
-30.52217	-25.27687	-49.09150	SAX_RV_FREEWALL	3	1.0	7
-32.74986	-25.27687	-50.80834	SAX_RV_FREEWALL	3	1.0	7
-34.44642	-24.17211	-53.21434	SAX_RV_FREEWALL	3	1.0	7
-36.67411	-24.17211	-54.93119	SAX_RV_FREEWALL	3	1.0	7
-38.90180	-24.17211	-56.64803	SAX_RV_FREEWALL	3	1.0	7
-40.59837	-23.06735	-59.05404	SAX_RV_FREEWALL	3	1.0	7
-42.29494	-21.96258	-61.46004	SAX_RV_FREEWALL	3	1.0	7
-43.99150	-20.85781	-63.86604	SAX_RV_FREEWALL	3	1.0	7
-45.15695	-18.64828	-66.96120	SAX_RV_FREEWALL	3	1.0	7
-46.85352	-17.54351	-69.36720	SAX_RV_FREEWALL	3	1.0	7
-46.90512	-15.33398	-71.60394	SAX_RV_FREEWALL	3	1.0	7
-46.95672	-13.12444	-73.84068	SAX_RV_FREEWALL	3	1.0	7
-45.89448	-10.91491	-75.21899	SAX_RV_FREEWALL	3	1.0	7
-45.94608	-8.70537	-77.45573	SAX_RV_FREEWALL	3	1.0	7
-44.88384	-6.49583	-78.83404	SAX_RV_FREEWALL	3	1.0	7
-42.70775	-4.28630	-79.35393	SAX_RV_FREEWALL	3	1.0	7
-39.41782	-2.07676	-79.01540	SAX_RV_FREEWALL	3	1.0	7
-37.24174	0.13278	-79.53529	SAX_RV_FREEWALL	3	1.0	7
-35.06565	2.34232	-80.05518	SAX_RV_FREEWALL	3	1.0	7
-32.88957	4.55186	-80.57507	SAX_RV_FREEWALL	3	1.0	7
-30.71348	6.76139	-81.09496	SAX_RV_FREEWALL	3	1.0	7
-27.42355	8.97093	-80.75643	SAX_RV_FREEWALL	3	1.0	7
-24.13362	11.18047	-80.41790	SAX_RV_FREEWALL	3	1.0	7
-21.90593	11.18047	-78.70105	SAX_RV_FREEWALL	3	1.0	7
-19.14712	12.28524	-77.67336	SAX_RV_FREEWALL	3	1.0	7
-16.38831	13.39001	-76.64567	SAX_RV_FREEWALL	3	1.0	7
-14.16062	13.39002	-74.92883	SAX_RV_FREEWALL	3	1.0	7
7.14213	-16.43869	-28.85206	SAX_RV_FREEWALL	3	1.0	7
4.38332	-17.54346	-29.87975	SAX_RV_FREEWALL	3	1.0	7
1.62451	-18.64823	-30.90744	SAX_RV_FREEWALL	3	1.0	7
-1.13430	-19.75300	-31.93513	SAX_RV_FREEWALL	3	1.0	7
-3.89311	-20.85777	-32.96282	SAX_RV_FREEWALL	3	1.0	7
-6.65192	-21.96254	-33.99051	SAX_RV_FREEWALL	3	1.0	7
-9.41073	-23.06731	-35.01820	SAX_RV_FREEWALL	3	1.0	7
-12.16954	-24.17209	-36.04589	SAX_RV_FREEWALL	3	1.0	7
-14.92835	-25.27686	-37.07358	SAX_RV_FREEWALL	3	1.0	7
-17.15604	-25.27686	-38.79042	SAX_RV_FREEWALL	3	1.0	7
-19.91485	-26.38163	-39.81811	SAX_RV_FREEWALL	3	1.0	7
-22.14254	-26.38163	-41.53496	SAX_RV_FREEWALL	3	1.0	7
-24.37022	-26.38163	-43.25180	SAX_RV_FREEWALL	3	1.0	7
-26.59791	-26.38164	-44.96865	SAX_RV_FREEWALL	3	1.0	7
-32.06393	-30.80071	-44.78729	SAX_RV_EPICARDIAL	3	1.0	7
-33.76050	-29.69595	-47.19329	SAX_RV_EPICARDIAL	3	1.0	7
-35.98818	-29.69595	-48.91014	SAX_RV_EPICARDIAL	3	1.0	7
-37.68475	-28.59118	-51.31614	SAX_RV_EPICARDIAL	3	1.0	7
-39.91244	-28.59118	-53.03298	SAX_RV_EPICARDIAL	3	1.0	7
-41.60901	-27.48642	-55.43899	SAX_RV_EPICARDIAL	3	1.0	7
-43.83670	-27.48642	-57.15583	SAX_RV_EPICARDIAL	3	1.0	7
-45.53326	-26.38165	-59.56184	SAX_RV_EPICARDIAL	3	1.0	7
-47.22983	-25.27689	-61.96784	SAX_RV_EPICARDIAL	3	1.0	7
-48.39528	-23.06735	-65.06300	SAX_RV_EPICARDIAL	3	1.0	7
-49.56072	-20.85782	-68.15816	SAX_RV_EPICARDIAL	3	1.0	7
-50.72617	-18.64828	-71.25331	SAX_RV_EPICARDIAL	3	1.0	7
-51.30889	-17.54352	-72.80089	SAX_RV_EPICARDIAL	3	1.0	7
-50.24665	-15.33398	-74.17921	SAX_RV_EPICARDIAL	3	1.0	7
-50.29825	-13.12445	-76.41594	SAX_RV_EPICARDIAL	3	1.0	7
-49.23601	-10.91491	-77.79426	SAX_RV_EPICARDIAL	3	1.0	7
-48.17377	-8.70537	-79.17257	SAX_RV_EPICARDIAL	3	1.0	7
-47.11153	-6.49584	-80.55088	SAX_RV_EPICARDIAL	3	1.0	7
-46.04929	-4.28630	-81.92920	SAX_RV_EPICARDIAL	3	1.0	7
-43.87320	-2.07676	-82.44909	SAX_RV_EPICARDIAL	3	1.0	7
-41.69712	0.13278	-82.96898	SAX_RV_EPICARDIAL	3	1.0	7
-39.52103	2.34231	-83.48887	SAX_RV_EPICARDIAL	3	1.0	7
-37.34494	4.55185	-84.00876	SAX_RV_EPICARDIAL	3	1.0	7
-34.05501	6.76139	-83.67023	SAX_RV_EPICARDIAL	3	1.0	7
-31.87893	8.97093	-84.19012	SAX_RV_EPICARDIAL	3	1.0	7
-28.58900	11.18047	-83.85159	SAX_RV_EPICARDIAL	3	1.0	7
-25.83019	12.28524	-82.82390	SAX_RV_EPICARDIAL	3	1.0	7
-22.54026	14.49478	-82.48537	SAX_RV_EPICARDIAL	3	1.0	7
-19.25033	16.70431	-82.14683	SAX_RV_EPICARDIAL	3	1.0	7
-16.49152	17.80909	-81.11914	SAX_RV_EPICARDIAL	3	1.0	7
-14.26383	17.80909	-79.40230	SAX_RV_EPICARDIAL	3	1.0	7
-12.03614	17.80909	-77.68545	SAX_RV_EPICARDIAL	3	1.0	7
-11.40181	14.49479	-73.90114	SAX_RV_EPICARDIAL	3	1.0	7
-12.46406	12.28525	-72.52282	SAX_RV_EPICARDIAL	3	1.0	7
9.84933	-13.12439	-30.06111	SAX_RV_EPICARDIAL	3	1.0	7
12.07702	-13.12438	-28.34427	SAX_RV_EPICARDIAL	3	1.0	7
12.12862	-15.33392	-26.10753	SAX_RV_EPICARDIAL	3	1.0	7
9.95254	-17.54346	-25.58764	SAX_RV_EPICARDIAL	3	1.0	7
6.66261	-19.75300	-25.92617	SAX_RV_EPICARDIAL	3	1.0	7
3.90380	-20.85777	-26.95386	SAX_RV_EPICARDIAL	3	1.0	7
0.61387	-23.06730	-27.29239	SAX_RV_EPICARDIAL	3	1.0	7
-2.14494	-24.17208	-28.32008	SAX_RV_EPICARDIAL	3	1.0	7
-4.90375	-25.27685	-29.34777	SAX_RV_EPICARDIAL	3	1.0	7
-7.66256	-26.38162	-30.37546	SAX_RV_EPICARDIAL	3	1.0	7
-10.42137	-27.48639	-31.40315	SAX_RV_EPICARDIAL	3	1.0	7
-13.18018	-28.59116	-32.43084	SAX_RV_EPICARDIAL	3	1.0	7
-15.93899	-29.69593	-33.45853	SAX_RV_EPICARDIAL	3	1.0	7
-18.16668	-29.69593	-35.17537	SAX_RV_EPICARDIAL	3	1.0	7
-20.92549	-30.80070	-36.20306	SAX_RV_EPICARDIAL	3	1.0	7
-23.15317	-30.80070	-37.91991	SAX_RV_EPICARDIAL	3	1.0	7
-25.38086	-30.80070	-39.63675	SAX_RV_EPICARDIAL	3	1.0	7
-27.60855	-30.80071	-41.35360	SAX_RV_EPICARDIAL	3	1.0	7
-29.83624	-30.80071	-43.07044	SAX_RV_EPICARDIAL	3	1.0	7
-12.46406	12.28525	-72.52282	SAX_RV_SEPTUM	3	1.0	7
-12.41245	10.07571	-70.28609	SAX_RV_SEPTUM	3	1.0	7
-12.36085	7.86618	-68.04935	SAX_RV_SEPTUM	3	1.0	7
-12.30925	5.65664	-65.81262	SAX_RV_SEPTUM	3	1.0	7
-12.25765	3.44711	-63.57588	SAX_RV_SEPTUM	3	1.0	7
-12.20604	1.23757	-61.33914	SAX_RV_SEPTUM	3	1.0	7
-12.15444	-0.97196	-59.10241	SAX_RV_SEPTUM	3	1.0	7
-12.10284	-3.18150	-56.86567	SAX_RV_SEPTUM	3	1.0	7
-10.93739	-5.39103	-53.77051	SAX_RV_SEPTUM	3	1.0	7
-9.77195	-7.60057	-50.67535	SAX_RV_SEPTUM	3	1.0	7
-8.60650	-9.81010	-47.58019	SAX_RV_SEPTUM	3	1.0	7
-6.90993	-10.91487	-45.17419	SAX_RV_SEPTUM	3	1.0	7
-5.21337	-12.01963	-42.76819	SAX_RV_SEPTUM	3	1.0	7
-2.98568	-12.01963	-41.05134	SAX_RV_SEPTUM	3	1.0	7
-1.28911	-13.12440	-38.64534	SAX_RV_SEPTUM	3	1.0	7
0.93858	-13.12439	-36.92849	SAX_RV_SEPTUM	3	1.0	7
3.16627	-13.12439	-35.21165	SAX_RV_SEPTUM	3	1.0	7
5.39396	-13.12439	-33.49480	SAX_RV_SEPTUM	3	1.0	7
7.62164	-13.12439	-31.77796	SAX_RV_SEPTUM	3	1.0	7
9.84933	-13.12439	-30.06111	SAX_RV_SEPTUM	3	1.0	7
9.31821	-14.22915	-29.37196	SAX_RV_SEPTUM	3	1.0	7
-9.22573	16.70432	-74.42103	SAX_LV_EPICARDIAL	3	1.0	7
-8.16349	18.91386	-75.79934	SAX_LV_EPICARDIAL	3	1.0	7
-5.98740	21.12340	-76.31923	SAX_LV_EPICARDIAL	3	1.0	7
-4.92516	23.33294	-77.69755	SAX_LV_EPICARDIAL	3	1.0	7
-2.74907	25.54247	-78.21744	SAX_LV_EPICARDIAL	3	1.0	7
-0.57299	27.75201	-78.73733	SAX_LV_EPICARDIAL	3	1.0	7
2.71694	29.96155	-78.39879	SAX_LV_EPICARDIAL	3	1.0	7
6.00687	32.17109	-78.06026	SAX_LV_EPICARDIAL	3	1.0	7
9.29680	34.38063	-77.72173	SAX_LV_EPICARDIAL	3	1.0	7
12.05561	35.48540	-76.69404	SAX_LV_EPICARDIAL	3	1.0	7
14.81442	36.59017	-75.66635	SAX_LV_EPICARDIAL	3	1.0	7
18.10435	38.79971	-75.32782	SAX_LV_EPICARDIAL	3	1.0	7
20.33204	38.79971	-73.61097	SAX_LV_EPICARDIAL	3	1.0	7
23.09085	39.90448	-72.58329	SAX_LV_EPICARDIAL	3	1.0	7
25.31854	39.90448	-70.86644	SAX_LV_EPICARDIAL	3	1.0	7
28.07735	41.00925	-69.83875	SAX_LV_EPICARDIAL	3	1.0	7
30.30504	41.00925	-68.12191	SAX_LV_EPICARDIAL	3	1.0	7
32.53273	41.00926	-66.40506	SAX_LV_EPICARDIAL	3	1.0	7
34.76041	41.00926	-64.68821	SAX_LV_EPICARDIAL	3	1.0	7
36.45698	39.90449	-62.28221	SAX_LV_EPICARDIAL	3	1.0	7
38.68467	39.90449	-60.56537	SAX_LV_EPICARDIAL	3	1.0	7
40.38124	38.79973	-58.15936	SAX_LV_EPICARDIAL	3	1.0	7
42.07781	37.69496	-55.75336	SAX_LV_EPICARDIAL	3	1.0	7
43.77437	36.59020	-53.34736	SAX_LV_EPICARDIAL	3	1.0	7
44.93982	34.38066	-50.25220	SAX_LV_EPICARDIAL	3	1.0	7
46.10527	32.17113	-47.15704	SAX_LV_EPICARDIAL	3	1.0	7
46.15687	29.96159	-44.92030	SAX_LV_EPICARDIAL	3	1.0	7
46.20847	27.75206	-42.68357	SAX_LV_EPICARDIAL	3	1.0	7
46.26007	25.54252	-40.44683	SAX_LV_EPICARDIAL	3	1.0	7
46.31168	23.33299	-38.21010	SAX_LV_EPICARDIAL	3	1.0	7
45.24943	21.12345	-36.83178	SAX_LV_EPICARDIAL	3	1.0	7
45.30104	18.91391	-34.59505	SAX_LV_EPICARDIAL	3	1.0	7
44.23879	16.70438	-33.21673	SAX_LV_EPICARDIAL	3	1.0	7
43.17655	14.49484	-31.83842	SAX_LV_EPICARDIAL	3	1.0	7
42.11431	12.28530	-30.46011	SAX_LV_EPICARDIAL	3	1.0	7
41.05207	10.07577	-29.08179	SAX_LV_EPICARDIAL	3	1.0	7
39.98983	7.86623	-27.70348	SAX_LV_EPICARDIAL	3	1.0	7
37.81374	5.65669	-27.18359	SAX_LV_EPICARDIAL	3	1.0	7
35.63765	3.44716	-26.66370	SAX_LV_EPICARDIAL	3	1.0	7
34.57541	1.23762	-25.28538	SAX_LV_EPICARDIAL	3	1.0	7
32.39933	-0.97192	-24.76549	SAX_LV_EPICARDIAL	3	1.0	7
30.22324	-3.18146	-24.24560	SAX_LV_EPICARDIAL	3	1.0	7
26.93331	-5.39099	-24.58414	SAX_LV_EPICARDIAL	3	1.0	7
23.64338	-7.60053	-24.92267	SAX_LV_EPICARDIAL	3	1.0	7
20.35345	-9.81007	-25.26120	SAX_LV_EPICARDIAL	3	1.0	7
17.59464	-10.91484	-26.28889	SAX_LV_EPICARDIAL	3	1.0	7
14.83583	-12.01961	-27.31658	SAX_LV_EPICARDIAL	3	1.0	7
9.59132	-2.07671	-41.24479	SAX_LV_ENDOCARDIAL	3	1.0	7
7.89475	-0.97194	-43.65080	SAX_LV_ENDOCARDIAL	3	1.0	7
6.19819	0.13282	-46.05680	SAX_LV_ENDOCARDIAL	3	1.0	7
4.50162	1.23759	-48.46280	SAX_LV_ENDOCARDIAL	3	1.0	7
2.80505	2.34236	-50.86880	SAX_LV_ENDOCARDIAL	3	1.0	7
1.10848	3.44712	-53.27481	SAX_LV_ENDOCARDIAL	3	1.0	7
1.05688	5.65666	-55.51154	SAX_LV_ENDOCARDIAL	3	1.0	7
-0.10857	7.86619	-58.60670	SAX_LV_ENDOCARDIAL	3	1.0	7
-0.16017	10.07573	-60.84344	SAX_LV_ENDOCARDIAL	3	1.0	7
-0.21177	12.28526	-63.08017	SAX_LV_ENDOCARDIAL	3	1.0	7
0.85047	14.49480	-64.45849	SAX_LV_ENDOCARDIAL	3	1.0	7
0.79887	16.70433	-66.69522	SAX_LV_ENDOCARDIAL	3	1.0	7
2.97496	18.91387	-67.21511	SAX_LV_ENDOCARDIAL	3	1.0	7
4.03720	21.12341	-68.59343	SAX_LV_ENDOCARDIAL	3	1.0	7
6.21328	23.33295	-69.11332	SAX_LV_ENDOCARDIAL	3	1.0	7
8.38937	25.54248	-69.63321	SAX_LV_ENDOCARDIAL	3	1.0	7
11.67930	27.75202	-69.29468	SAX_LV_ENDOCARDIAL	3	1.0	7
14.43811	28.85679	-68.26699	SAX_LV_ENDOCARDIAL	3	1.0	7
17.19692	29.96156	-67.23930	SAX_LV_ENDOCARDIAL	3	1.0	7
19.95573	31.06633	-66.21161	SAX_LV_ENDOCARDIAL	3	1.0	7
22.71454	32.17110	-65.18392	SAX_LV_ENDOCARDIAL	3	1.0	7
24.94223	32.17111	-63.46707	SAX_LV_ENDOCARDIAL	3	1.0	7
27.16991	32.17111	-61.75023	SAX_LV_ENDOCARDIAL	3	1.0	7
29.39760	32.17111	-60.03338	SAX_LV_ENDOCARDIAL	3	1.0	7
31.62529	32.17111	-58.31654	SAX_LV_ENDOCARDIAL	3	1.0	7
33.32186	31.06635	-55.91054	SAX_LV_ENDOCARDIAL	3	1.0	7
35.01843	29.96158	-53.50453	SAX_LV_ENDOCARDIAL	3	1.0	7
36.18387	27.75205	-50.40937	SAX_LV_ENDOCARDIAL	3	1.0	7
36.76660	26.64728	-48.86179	SAX_LV_ENDOCARDIAL	3	1.0	7
37.93204	24.43775	-45.76664	SAX_LV_ENDOCARDIAL	3	1.0	7
37.98365	22.22821	-43.52990	SAX_LV_ENDOCARDIAL	3	1.0	7
36.92140	20.01867	-42.15159	SAX_LV_ENDOCARDIAL	3	1.0	7
36.97301	17.80914	-39.91485	SAX_LV_ENDOCARDIAL	3	1.0	7
35.91076	15.59960	-38.53654	SAX_LV_ENDOCARDIAL	3	1.0	7
33.73468	13.39006	-38.01665	SAX_LV_ENDOCARDIAL	3	1.0	7
32.67244	11.18053	-36.63833	SAX_LV_ENDOCARDIAL	3	1.0	7
31.61019	8.97099	-35.26002	SAX_LV_ENDOCARDIAL	3	1.0	7
29.43411	6.76145	-34.74013	SAX_LV_ENDOCARDIAL	3	1.0	7
28.37187	4.55192	-33.36181	SAX_LV_ENDOCARDIAL	3	1.0	7
26.19578	2.34238	-32.84192	SAX_LV_ENDOCARDIAL	3	1.0	7
24.01969	0.13284	-32.32203	SAX_LV_ENDOCARDIAL	3	1.0	7
21.26088	-0.97193	-33.34972	SAX_LV_ENDOCARDIAL	3	1.0	7
18.50208	-2.07670	-34.37741	SAX_LV_ENDOCARDIAL	3	1.0	7
16.27439	-2.07670	-36.09426	SAX_LV_ENDOCARDIAL	3	1.0	7
14.04670	-2.07670	-37.81110	SAX_LV_ENDOCARDIAL	3	1.0	7
11.81901	-2.07671	-39.52795	SAX_LV_ENDOCARDIAL	3	1.0	7
9.31821	-14.22915	-29.37196	RV_INSERT	3	1.0	7
-14.16062	13.39002	-74.92883	RV_INSERT	3	1.0	7
-29.40316	-30.70404	-71.27658	SAX_RV_FREEWALL	4	1.0	7
-31.09973	-29.59927	-73.68259	SAX_RV_FREEWALL	4	1.0	7
-32.79630	-28.49451	-76.08859	SAX_RV_FREEWALL	4	1.0	7
-33.96174	-26.28497	-79.18375	SAX_RV_FREEWALL	4	1.0	7
-34.01335	-24.07544	-81.42048	SAX_RV_FREEWALL	4	1.0	7
-34.06495	-21.86590	-83.65722	SAX_RV_FREEWALL	4	1.0	7
-34.11655	-19.65637	-85.89396	SAX_RV_FREEWALL	4	1.0	7
-33.05431	-17.44683	-87.27227	SAX_RV_FREEWALL	4	1.0	7
-31.99207	-15.23729	-88.65058	SAX_RV_FREEWALL	4	1.0	7
-28.70214	-13.02776	-88.31205	SAX_RV_FREEWALL	4	1.0	7
-26.52605	-10.81822	-88.83194	SAX_RV_FREEWALL	4	1.0	7
-24.34996	-8.60868	-89.35183	SAX_RV_FREEWALL	4	1.0	7
-21.06003	-6.39914	-89.01330	SAX_RV_FREEWALL	4	1.0	7
-18.88395	-4.18960	-89.53319	SAX_RV_FREEWALL	4	1.0	7
-15.59402	-1.98006	-89.19466	SAX_RV_FREEWALL	4	1.0	7
-12.30409	0.22947	-88.85613	SAX_RV_FREEWALL	4	1.0	7
-9.01416	2.43901	-88.51759	SAX_RV_FREEWALL	4	1.0	7
-6.25535	3.54378	-87.48991	SAX_RV_FREEWALL	4	1.0	7
-3.49654	4.64855	-86.46222	SAX_RV_FREEWALL	4	1.0	7
-0.73773	5.75332	-85.43453	SAX_RV_FREEWALL	4	1.0	7
5.50232	-22.97063	-52.06484	SAX_RV_FREEWALL	4	1.0	7
2.74351	-24.07540	-53.09253	SAX_RV_FREEWALL	4	1.0	7
0.51583	-24.07540	-54.80938	SAX_RV_FREEWALL	4	1.0	7
-2.24298	-25.18017	-55.83707	SAX_RV_FREEWALL	4	1.0	7
-4.47067	-25.18018	-57.55391	SAX_RV_FREEWALL	4	1.0	7
-7.22948	-26.28495	-58.58160	SAX_RV_FREEWALL	4	1.0	7
-9.45717	-26.28495	-60.29845	SAX_RV_FREEWALL	4	1.0	7
-12.74710	-28.49449	-60.63698	SAX_RV_FREEWALL	4	1.0	7
-15.50591	-29.59926	-61.66467	SAX_RV_FREEWALL	4	1.0	7
-18.26472	-30.70403	-62.69236	SAX_RV_FREEWALL	4	1.0	7
-20.49241	-30.70403	-64.40920	SAX_RV_FREEWALL	4	1.0	7
-22.72010	-30.70403	-66.12605	SAX_RV_FREEWALL	4	1.0	7
-24.94778	-30.70404	-67.84289	SAX_RV_FREEWALL	4	1.0	7
-27.17547	-30.70404	-69.55974	SAX_RV_FREEWALL	4	1.0	7
-31.52765	-35.12311	-68.51996	SAX_RV_EPICARDIAL	4	1.0	7
-33.22421	-34.01835	-70.92596	SAX_RV_EPICARDIAL	4	1.0	7
-34.92078	-32.91358	-73.33196	SAX_RV_EPICARDIAL	4	1.0	7
-36.08623	-30.70405	-76.42712	SAX_RV_EPICARDIAL	4	1.0	7
-37.25167	-28.49451	-79.52228	SAX_RV_EPICARDIAL	4	1.0	7
-38.41712	-26.28498	-82.61744	SAX_RV_EPICARDIAL	4	1.0	7
-38.46872	-24.07544	-84.85418	SAX_RV_EPICARDIAL	4	1.0	7
-38.52032	-21.86591	-87.09091	SAX_RV_EPICARDIAL	4	1.0	7
-37.45808	-19.65637	-88.46923	SAX_RV_EPICARDIAL	4	1.0	7
-36.39584	-17.44683	-89.84754	SAX_RV_EPICARDIAL	4	1.0	7
-35.33360	-15.23730	-91.22585	SAX_RV_EPICARDIAL	4	1.0	7
-33.15751	-13.02776	-91.74574	SAX_RV_EPICARDIAL	4	1.0	7
-30.98143	-10.81822	-92.26563	SAX_RV_EPICARDIAL	4	1.0	7
-28.80534	-8.60868	-92.78552	SAX_RV_EPICARDIAL	4	1.0	7
-26.62925	-6.39915	-93.30541	SAX_RV_EPICARDIAL	4	1.0	7
-23.33932	-4.18961	-92.96688	SAX_RV_EPICARDIAL	4	1.0	7
-21.16324	-1.98007	-93.48677	SAX_RV_EPICARDIAL	4	1.0	7
-17.87331	0.22947	-93.14824	SAX_RV_EPICARDIAL	4	1.0	7
-14.58338	2.43901	-92.80971	SAX_RV_EPICARDIAL	4	1.0	7
-11.29345	4.64855	-92.47118	SAX_RV_EPICARDIAL	4	1.0	7
-8.53464	5.75332	-91.44349	SAX_RV_EPICARDIAL	4	1.0	7
-5.77583	6.85809	-90.41580	SAX_RV_EPICARDIAL	4	1.0	7
-3.01702	7.96286	-89.38811	SAX_RV_EPICARDIAL	4	1.0	7
-0.25821	9.06763	-88.36042	SAX_RV_EPICARDIAL	4	1.0	7
1.96948	9.06763	-86.64358	SAX_RV_EPICARDIAL	4	1.0	7
2.55220	7.96286	-85.09600	SAX_RV_EPICARDIAL	4	1.0	7
1.48996	5.75333	-83.71768	SAX_RV_EPICARDIAL	4	1.0	7
9.37498	-21.86586	-50.17873	SAX_RV_EPICARDIAL	4	1.0	7
9.42658	-24.07539	-47.94199	SAX_RV_EPICARDIAL	4	1.0	7
6.66777	-25.18017	-48.96968	SAX_RV_EPICARDIAL	4	1.0	7
3.90896	-26.28494	-49.99737	SAX_RV_EPICARDIAL	4	1.0	7
1.15015	-27.38971	-51.02506	SAX_RV_EPICARDIAL	4	1.0	7
-1.07754	-27.38971	-52.74191	SAX_RV_EPICARDIAL	4	1.0	7
-3.30523	-27.38971	-54.45875	SAX_RV_EPICARDIAL	4	1.0	7
-6.06404	-28.49448	-55.48644	SAX_RV_EPICARDIAL	4	1.0	7
-8.82284	-29.59925	-56.51413	SAX_RV_EPICARDIAL	4	1.0	7
-11.58165	-30.70402	-57.54182	SAX_RV_EPICARDIAL	4	1.0	7
-14.87158	-32.91356	-57.88035	SAX_RV_EPICARDIAL	4	1.0	7
-17.63039	-34.01833	-58.90804	SAX_RV_EPICARDIAL	4	1.0	7
-19.85808	-34.01833	-60.62489	SAX_RV_EPICARDIAL	4	1.0	7
-22.61689	-35.12310	-61.65257	SAX_RV_EPICARDIAL	4	1.0	7
-24.84458	-35.12311	-63.36942	SAX_RV_EPICARDIAL	4	1.0	7
-27.07227	-35.12311	-65.08627	SAX_RV_EPICARDIAL	4	1.0	7
-29.29996	-35.12311	-66.80311	SAX_RV_EPICARDIAL	4	1.0	7
1.48996	5.75333	-83.71768	SAX_RV_SEPTUM	4	1.0	7
0.42772	3.54379	-82.33937	SAX_RV_SEPTUM	4	1.0	7
-0.63452	1.33425	-80.96106	SAX_RV_SEPTUM	4	1.0	7
-1.69677	-0.87528	-79.58274	SAX_RV_SEPTUM	4	1.0	7
-1.64516	-3.08482	-77.34601	SAX_RV_SEPTUM	4	1.0	7
-1.59356	-5.29435	-75.10927	SAX_RV_SEPTUM	4	1.0	7
-2.65580	-7.50389	-73.73096	SAX_RV_SEPTUM	4	1.0	7
-2.60420	-9.71343	-71.49422	SAX_RV_SEPTUM	4	1.0	7
-1.43875	-11.92296	-68.39906	SAX_RV_SEPTUM	4	1.0	7
-0.27331	-14.13249	-65.30390	SAX_RV_SEPTUM	4	1.0	7
1.42326	-15.23726	-62.89790	SAX_RV_SEPTUM	4	1.0	7
2.58871	-17.44679	-59.80274	SAX_RV_SEPTUM	4	1.0	7
4.28527	-18.55156	-57.39674	SAX_RV_SEPTUM	4	1.0	7
5.98184	-19.65633	-54.99074	SAX_RV_SEPTUM	4	1.0	7
7.67841	-20.76109	-52.58473	SAX_RV_SEPTUM	4	1.0	7
8.26113	-21.86586	-51.03715	SAX_RV_SEPTUM	4	1.0	7
12.71651	-21.86586	-47.60346	SAX_LV_EPICARDIAL	4	1.0	7
5.84213	10.17240	-84.75746	SAX_LV_EPICARDIAL	4	1.0	7
8.01822	12.38194	-85.27735	SAX_LV_EPICARDIAL	4	1.0	7
10.19430	14.59148	-85.79724	SAX_LV_EPICARDIAL	4	1.0	7
12.37039	16.80102	-86.31714	SAX_LV_EPICARDIAL	4	1.0	7
15.66032	19.01055	-85.97860	SAX_LV_EPICARDIAL	4	1.0	7
18.95025	21.22009	-85.64007	SAX_LV_EPICARDIAL	4	1.0	7
22.24018	23.42963	-85.30154	SAX_LV_EPICARDIAL	4	1.0	7
24.99899	24.53440	-84.27385	SAX_LV_EPICARDIAL	4	1.0	7
27.75780	25.63917	-83.24616	SAX_LV_EPICARDIAL	4	1.0	7
30.51661	26.74394	-82.21847	SAX_LV_EPICARDIAL	4	1.0	7
32.74430	26.74395	-80.50163	SAX_LV_EPICARDIAL	4	1.0	7
35.50311	27.84872	-79.47394	SAX_LV_EPICARDIAL	4	1.0	7
37.73080	27.84872	-77.75709	SAX_LV_EPICARDIAL	4	1.0	7
39.95848	27.84872	-76.04025	SAX_LV_EPICARDIAL	4	1.0	7
41.65505	26.74395	-73.63424	SAX_LV_EPICARDIAL	4	1.0	7
43.88274	26.74396	-71.91740	SAX_LV_EPICARDIAL	4	1.0	7
45.57931	25.63919	-69.51140	SAX_LV_EPICARDIAL	4	1.0	7
47.27588	24.53442	-67.10539	SAX_LV_EPICARDIAL	4	1.0	7
48.97244	23.42966	-64.69939	SAX_LV_EPICARDIAL	4	1.0	7
50.13789	21.22012	-61.60423	SAX_LV_EPICARDIAL	4	1.0	7
51.83446	20.11536	-59.19823	SAX_LV_EPICARDIAL	4	1.0	7
51.88606	17.90582	-56.96149	SAX_LV_EPICARDIAL	4	1.0	7
51.93766	15.69629	-54.72476	SAX_LV_EPICARDIAL	4	1.0	7
51.98926	13.48675	-52.48802	SAX_LV_EPICARDIAL	4	1.0	7
52.04087	11.27722	-50.25128	SAX_LV_EPICARDIAL	4	1.0	7
50.97862	9.06768	-48.87297	SAX_LV_EPICARDIAL	4	1.0	7
51.03023	6.85814	-46.63624	SAX_LV_EPICARDIAL	4	1.0	7
49.96798	4.64861	-45.25792	SAX_LV_EPICARDIAL	4	1.0	7
48.90574	2.43907	-43.87961	SAX_LV_EPICARDIAL	4	1.0	7
47.84350	0.22953	-42.50130	SAX_LV_EPICARDIAL	4	1.0	7
45.66741	-1.98000	-41.98140	SAX_LV_EPICARDIAL	4	1.0	7
44.60517	-4.18954	-40.60309	SAX_LV_EPICARDIAL	4	1.0	7
42.42909	-6.39908	-40.08320	SAX_LV_EPICARDIAL	4	1.0	7
41.36685	-8.60861	-38.70489	SAX_LV_EPICARDIAL	4	1.0	7
38.07691	-10.81815	-39.04342	SAX_LV_EPICARDIAL	4	1.0	7
35.90083	-13.02769	-38.52353	SAX_LV_EPICARDIAL	4	1.0	7
32.61090	-15.23723	-38.86206	SAX_LV_EPICARDIAL	4	1.0	7
29.32097	-17.44677	-39.20059	SAX_LV_EPICARDIAL	4	1.0	7
26.56216	-18.55154	-40.22828	SAX_LV_EPICARDIAL	4	1.0	7
23.80335	-19.65631	-41.25597	SAX_LV_EPICARDIAL	4	1.0	7
21.04454	-20.76108	-42.28366	SAX_LV_EPICARDIAL	4	1.0	7
18.81685	-20.76108	-44.00051	SAX_LV_EPICARDIAL	4	1.0	7
16.58916	-20.76108	-45.71735	SAX_LV_EPICARDIAL	4	1.0	7
13.83035	-21.86585	-46.74504	SAX_LV_EPICARDIAL	4	1.0	7
18.61044	-11.92294	-52.94745	SAX_LV_ENDOCARDIAL	4	1.0	7
16.91387	-10.81817	-55.35345	SAX_LV_ENDOCARDIAL	4	1.0	7
15.21731	-9.71341	-57.75945	SAX_LV_ENDOCARDIAL	4	1.0	7
13.52074	-8.60864	-60.16546	SAX_LV_ENDOCARDIAL	4	1.0	7
11.82417	-7.50388	-62.57146	SAX_LV_ENDOCARDIAL	4	1.0	7
10.12760	-6.39911	-64.97746	SAX_LV_ENDOCARDIAL	4	1.0	7
10.07600	-4.18957	-67.21420	SAX_LV_ENDOCARDIAL	4	1.0	7
8.91056	-1.98004	-70.30936	SAX_LV_ENDOCARDIAL	4	1.0	7
9.97280	0.22950	-71.68767	SAX_LV_ENDOCARDIAL	4	1.0	7
9.92120	2.43903	-73.92441	SAX_LV_ENDOCARDIAL	4	1.0	7
10.98344	4.64857	-75.30272	SAX_LV_ENDOCARDIAL	4	1.0	7
12.04568	6.85811	-76.68103	SAX_LV_ENDOCARDIAL	4	1.0	7
13.10792	9.06764	-78.05935	SAX_LV_ENDOCARDIAL	4	1.0	7
15.28401	11.27718	-78.57924	SAX_LV_ENDOCARDIAL	4	1.0	7
17.46009	13.48672	-79.09913	SAX_LV_ENDOCARDIAL	4	1.0	7
19.63618	15.69625	-79.61902	SAX_LV_ENDOCARDIAL	4	1.0	7
22.39499	16.80103	-78.59133	SAX_LV_ENDOCARDIAL	4	1.0	7
25.15380	17.90580	-77.56364	SAX_LV_ENDOCARDIAL	4	1.0	7
27.91261	19.01057	-76.53595	SAX_LV_ENDOCARDIAL	4	1.0	7
30.67142	20.11534	-75.50826	SAX_LV_ENDOCARDIAL	4	1.0	7
32.89911	20.11534	-73.79142	SAX_LV_ENDOCARDIAL	4	1.0	7
35.12679	20.11534	-72.07457	SAX_LV_ENDOCARDIAL	4	1.0	7
37.35448	20.11534	-70.35773	SAX_LV_ENDOCARDIAL	4	1.0	7
39.05105	19.01058	-67.95172	SAX_LV_ENDOCARDIAL	4	1.0	7
40.74762	17.90581	-65.54572	SAX_LV_ENDOCARDIAL	4	1.0	7
42.44418	16.80105	-63.13972	SAX_LV_ENDOCARDIAL	4	1.0	7
43.60963	14.59151	-60.04456	SAX_LV_ENDOCARDIAL	4	1.0	7
43.66123	12.38198	-57.80782	SAX_LV_ENDOCARDIAL	4	1.0	7
43.71284	10.17244	-55.57109	SAX_LV_ENDOCARDIAL	4	1.0	7
43.76444	7.96290	-53.33435	SAX_LV_ENDOCARDIAL	4	1.0	7
42.70220	5.75337	-51.95604	SAX_LV_ENDOCARDIAL	4	1.0	7
41.63995	3.54383	-50.57772	SAX_LV_ENDOCARDIAL	4	1.0	7
40.57771	1.33429	-49.19941	SAX_LV_ENDOCARDIAL	4	1.0	7
38.40163	-0.87524	-48.67952	SAX_LV_ENDOCARDIAL	4	1.0	7
36.22554	-3.08478	-48.15963	SAX_LV_ENDOCARDIAL	4	1.0	7
34.04945	-5.29432	-47.63974	SAX_LV_ENDOCARDIAL	4	1.0	7
30.75952	-7.50386	-47.97827	SAX_LV_ENDOCARDIAL	4	1.0	7
29.11456	-8.60863	-48.14754	SAX_LV_ENDOCARDIAL	4	1.0	7
25.82463	-10.81817	-48.48607	SAX_LV_ENDOCARDIAL	4	1.0	7
23.06582	-11.92294	-49.51376	SAX_LV_ENDOCARDIAL	4	1.0	7
20.83813	-11.92294	-51.23060	SAX_LV_ENDOCARDIAL	4	1.0	7
8.26113	-21.86586	-51.03715	RV_INSERT	4	1.0	7
-0.73773	5.75332	-85.43453	RV_INSERT	4	1.0	7
-5.15144	-25.08351	-86.61898	SAX_RV_FREEWALL	5	1.0	7
-6.84801	-23.97874	-89.02498	SAX_RV_FREEWALL	5	1.0	7
-6.89961	-21.76921	-91.26171	SAX_RV_FREEWALL	5	1.0	7
-5.83737	-19.55967	-92.64003	SAX_RV_FREEWALL	5	1.0	7
-3.66128	-17.35013	-93.15992	SAX_RV_FREEWALL	5	1.0	7
-1.48519	-15.14059	-93.67981	SAX_RV_FREEWALL	5	1.0	7
1.80474	-12.93106	-93.34128	SAX_RV_FREEWALL	5	1.0	7
5.09467	-10.72152	-93.00274	SAX_RV_FREEWALL	5	1.0	7
8.38460	-8.51198	-92.66421	SAX_RV_FREEWALL	5	1.0	7
11.67453	-6.30244	-92.32568	SAX_RV_FREEWALL	5	1.0	7
14.43334	-5.19767	-91.29799	SAX_RV_FREEWALL	5	1.0	7
12.03574	-21.76919	-76.66853	SAX_RV_FREEWALL	5	1.0	7
9.80806	-21.76919	-78.38537	SAX_RV_FREEWALL	5	1.0	7
7.58037	-21.76919	-80.10222	SAX_RV_FREEWALL	5	1.0	7
4.82156	-22.87396	-81.12991	SAX_RV_FREEWALL	5	1.0	7
2.06275	-23.97873	-82.15760	SAX_RV_FREEWALL	5	1.0	7
-0.69606	-25.08350	-83.18528	SAX_RV_FREEWALL	5	1.0	7
-2.92375	-25.08351	-84.90213	SAX_RV_FREEWALL	5	1.0	7
-8.92089	-30.60735	-84.03161	SAX_RV_EPICARDIAL	5	1.0	7
-10.61745	-29.50258	-86.43762	SAX_RV_EPICARDIAL	5	1.0	7
-12.84514	-29.50259	-88.15446	SAX_RV_EPICARDIAL	5	1.0	7
-14.54171	-28.39782	-90.56046	SAX_RV_EPICARDIAL	5	1.0	7
-14.59331	-26.18828	-92.79720	SAX_RV_EPICARDIAL	5	1.0	7
-13.53107	-23.97875	-94.17551	SAX_RV_EPICARDIAL	5	1.0	7
-11.35498	-21.76921	-94.69541	SAX_RV_EPICARDIAL	5	1.0	7
-10.29274	-19.55967	-96.07372	SAX_RV_EPICARDIAL	5	1.0	7
-8.11666	-17.35014	-96.59361	SAX_RV_EPICARDIAL	5	1.0	7
-4.82673	-15.14060	-96.25508	SAX_RV_EPICARDIAL	5	1.0	7
-2.65064	-12.93106	-96.77497	SAX_RV_EPICARDIAL	5	1.0	7
0.63929	-10.72152	-96.43644	SAX_RV_EPICARDIAL	5	1.0	7
3.92922	-8.51198	-96.09790	SAX_RV_EPICARDIAL	5	1.0	7
7.21915	-6.30244	-95.75937	SAX_RV_EPICARDIAL	5	1.0	7
9.97796	-5.19767	-94.73168	SAX_RV_EPICARDIAL	5	1.0	7
12.73677	-4.09290	-93.70399	SAX_RV_EPICARDIAL	5	1.0	7
15.49558	-2.98813	-92.67630	SAX_RV_EPICARDIAL	5	1.0	7
17.72327	-2.98813	-90.95946	SAX_RV_EPICARDIAL	5	1.0	7
18.30599	-4.09290	-89.41188	SAX_RV_EPICARDIAL	5	1.0	7
15.37728	-21.76918	-74.09326	SAX_RV_EPICARDIAL	5	1.0	7
13.78391	-25.08349	-72.02579	SAX_RV_EPICARDIAL	5	1.0	7
11.55623	-25.08349	-73.74263	SAX_RV_EPICARDIAL	5	1.0	7
9.32854	-25.08349	-75.45948	SAX_RV_EPICARDIAL	5	1.0	7
7.10085	-25.08350	-77.17632	SAX_RV_EPICARDIAL	5	1.0	7
4.34204	-26.18827	-78.20401	SAX_RV_EPICARDIAL	5	1.0	7
1.05211	-28.39780	-78.54255	SAX_RV_EPICARDIAL	5	1.0	7
-1.70670	-29.50258	-79.57023	SAX_RV_EPICARDIAL	5	1.0	7
-3.93439	-29.50258	-81.28708	SAX_RV_EPICARDIAL	5	1.0	7
-6.69320	-30.60735	-82.31477	SAX_RV_EPICARDIAL	5	1.0	7
16.66103	-5.19767	-89.58115	SAX_RV_SEPTUM	5	1.0	7
15.59878	-7.40720	-88.20283	SAX_RV_SEPTUM	5	1.0	7
15.65039	-9.61674	-85.96610	SAX_RV_SEPTUM	5	1.0	7
14.58814	-11.82628	-84.58778	SAX_RV_SEPTUM	5	1.0	7
13.52590	-14.03581	-83.20947	SAX_RV_SEPTUM	5	1.0	7
13.57750	-16.24535	-80.97273	SAX_RV_SEPTUM	5	1.0	7
13.62911	-18.45488	-78.73600	SAX_RV_SEPTUM	5	1.0	7
14.79455	-20.66442	-75.64084	SAX_RV_SEPTUM	5	1.0	7
14.26343	-21.76919	-74.95168	SAX_RV_SEPTUM	5	1.0	7
20.46698	-25.08348	-66.87525	SAX_LV_EPICARDIAL	5	1.0	7
18.77041	-23.97872	-69.28125	SAX_LV_EPICARDIAL	5	1.0	7
17.07384	-22.87395	-71.68726	SAX_LV_EPICARDIAL	5	1.0	7
22.12704	-0.77859	-89.76250	SAX_LV_EPICARDIAL	5	1.0	7
25.41697	1.43095	-89.42397	SAX_LV_EPICARDIAL	5	1.0	7
27.59306	3.64049	-89.94386	SAX_LV_EPICARDIAL	5	1.0	7
30.35187	4.74526	-88.91617	SAX_LV_EPICARDIAL	5	1.0	7
33.11068	5.85003	-87.88848	SAX_LV_EPICARDIAL	5	1.0	7
35.86949	6.95480	-86.86080	SAX_LV_EPICARDIAL	5	1.0	7
38.09717	6.95480	-85.14395	SAX_LV_EPICARDIAL	5	1.0	7
40.32486	6.95480	-83.42710	SAX_LV_EPICARDIAL	5	1.0	7
42.55255	6.95480	-81.71026	SAX_LV_EPICARDIAL	5	1.0	7
44.78024	6.95481	-79.99341	SAX_LV_EPICARDIAL	5	1.0	7
47.00793	6.95481	-78.27657	SAX_LV_EPICARDIAL	5	1.0	7
48.70450	5.85004	-75.87057	SAX_LV_EPICARDIAL	5	1.0	7
50.40106	4.74528	-73.46456	SAX_LV_EPICARDIAL	5	1.0	7
51.56651	2.53574	-70.36940	SAX_LV_EPICARDIAL	5	1.0	7
52.14923	1.43098	-68.82182	SAX_LV_EPICARDIAL	5	1.0	7
53.31468	-0.77856	-65.72667	SAX_LV_EPICARDIAL	5	1.0	7
53.36628	-2.98809	-63.48993	SAX_LV_EPICARDIAL	5	1.0	7
52.30404	-5.19763	-62.11162	SAX_LV_EPICARDIAL	5	1.0	7
52.35564	-7.40717	-59.87488	SAX_LV_EPICARDIAL	5	1.0	7
51.29340	-9.61670	-58.49657	SAX_LV_EPICARDIAL	5	1.0	7
50.23116	-11.82624	-57.11825	SAX_LV_EPICARDIAL	5	1.0	7
48.05507	-14.03578	-56.59836	SAX_LV_EPICARDIAL	5	1.0	7
45.87899	-16.24532	-56.07847	SAX_LV_EPICARDIAL	5	1.0	7
42.58906	-18.45485	-56.41700	SAX_LV_EPICARDIAL	5	1.0	7
40.41297	-20.66439	-55.89711	SAX_LV_EPICARDIAL	5	1.0	7
37.12304	-22.87393	-56.23564	SAX_LV_EPICARDIAL	5	1.0	7
34.36423	-23.97870	-57.26333	SAX_LV_EPICARDIAL	5	1.0	7
31.60542	-25.08347	-58.29102	SAX_LV_EPICARDIAL	5	1.0	7
29.37773	-25.08347	-60.00787	SAX_LV_EPICARDIAL	5	1.0	7
27.15004	-25.08348	-61.72471	SAX_LV_EPICARDIAL	5	1.0	7
24.92236	-25.08348	-63.44156	SAX_LV_EPICARDIAL	5	1.0	7
22.69467	-25.08348	-65.15841	SAX_LV_EPICARDIAL	5	1.0	7
27.52636	-17.35010	-69.12408	SAX_LV_ENDOCARDIAL	5	1.0	7
25.82979	-16.24534	-71.53008	SAX_LV_ENDOCARDIAL	5	1.0	7
24.66434	-14.03580	-74.62524	SAX_LV_ENDOCARDIAL	5	1.0	7
23.49890	-11.82627	-77.72040	SAX_LV_ENDOCARDIAL	5	1.0	7
24.56114	-9.61673	-79.09871	SAX_LV_ENDOCARDIAL	5	1.0	7
25.62338	-7.40719	-80.47703	SAX_LV_ENDOCARDIAL	5	1.0	7
26.68562	-5.19766	-81.85534	SAX_LV_ENDOCARDIAL	5	1.0	7
28.86171	-2.98812	-82.37523	SAX_LV_ENDOCARDIAL	5	1.0	7
31.62052	-1.88335	-81.34754	SAX_LV_ENDOCARDIAL	5	1.0	7
34.37933	-0.77858	-80.31985	SAX_LV_ENDOCARDIAL	5	1.0	7
36.60702	-0.77858	-78.60301	SAX_LV_ENDOCARDIAL	5	1.0	7
38.83471	-0.77857	-76.88616	SAX_LV_ENDOCARDIAL	5	1.0	7
41.06239	-0.77857	-75.16932	SAX_LV_ENDOCARDIAL	5	1.0	7
42.75896	-1.88334	-72.76331	SAX_LV_ENDOCARDIAL	5	1.0	7
42.81056	-4.09287	-70.52658	SAX_LV_ENDOCARDIAL	5	1.0	7
43.97601	-6.30241	-67.43142	SAX_LV_ENDOCARDIAL	5	1.0	7
42.91377	-8.51194	-66.05310	SAX_LV_ENDOCARDIAL	5	1.0	7
41.85153	-10.72148	-64.67479	SAX_LV_ENDOCARDIAL	5	1.0	7
39.67544	-12.93102	-64.15490	SAX_LV_ENDOCARDIAL	5	1.0	7
36.38551	-15.14056	-64.49343	SAX_LV_ENDOCARDIAL	5	1.0	7
33.09558	-17.35010	-64.83197	SAX_LV_ENDOCARDIAL	5	1.0	7
30.86789	-17.35010	-66.54881	SAX_LV_ENDOCARDIAL	5	1.0	7
28.64020	-17.35010	-68.26566	SAX_LV_ENDOCARDIAL	5	1.0	7
14.26343	-21.76919	-74.95168	RV_INSERT	5	1.0	7
16.66103	-5.19767	-89.58115	RV_INSERT	5	1.0	7
18.62177	-22.77828	-99.03547	SAX_RV_FREEWALL	6	1.0	7
18.57016	-20.56874	-101.27221	SAX_RV_FREEWALL	6	1.0	7
18.51856	-18.35921	-103.50895	SAX_RV_FREEWALL	6	1.0	7
20.21513	-19.46397	-101.10294	SAX_RV_FREEWALL	6	1.0	7
21.91170	-20.56874	-98.69694	SAX_RV_FREEWALL	6	1.0	7
24.13939	-20.56874	-96.98010	SAX_RV_FREEWALL	6	1.0	7
21.96330	-22.77828	-96.46021	SAX_RV_FREEWALL	6	1.0	7
19.73561	-22.77828	-98.17705	SAX_RV_FREEWALL	6	1.0	7
20.69465	-16.14967	-104.02884	SAX_RV_EPICARDIAL	6	1.0	7
22.92234	-16.14967	-102.31199	SAX_RV_EPICARDIAL	6	1.0	7
25.15003	-16.14967	-100.59515	SAX_RV_EPICARDIAL	6	1.0	7
22.92234	-16.14967	-102.31199	SAX_RV_EPICARDIAL	6	1.0	7
19.25609	-26.09258	-95.25116	SAX_RV_EPICARDIAL	6	1.0	7
17.55953	-24.98782	-97.65716	SAX_RV_EPICARDIAL	6	1.0	7
15.33184	-24.98782	-99.37401	SAX_RV_EPICARDIAL	6	1.0	7
14.16639	-22.77828	-102.46916	SAX_RV_EPICARDIAL	6	1.0	7
14.11479	-20.56875	-104.70590	SAX_RV_EPICARDIAL	6	1.0	7
16.29087	-18.35921	-105.22579	SAX_RV_EPICARDIAL	6	1.0	7
18.51856	-18.35921	-103.50895	SAX_RV_EPICARDIAL	6	1.0	7
25.83595	-21.67350	-94.57409	SAX_RV_EPICARDIAL	6	1.0	7
23.12875	-24.98781	-93.36505	SAX_RV_EPICARDIAL	6	1.0	7
20.90106	-24.98781	-95.08189	SAX_RV_EPICARDIAL	6	1.0	7
24.72211	-21.67351	-95.43252	SAX_RV_SEPTUM	6	1.0	7
29.33229	-28.30211	-85.28862	SAX_LV_EPICARDIAL	6	1.0	7
28.16685	-26.09257	-88.38378	SAX_LV_EPICARDIAL	6	1.0	7
27.58412	-24.98781	-89.93135	SAX_LV_EPICARDIAL	6	1.0	7
27.53252	-22.77827	-92.16809	SAX_LV_EPICARDIAL	6	1.0	7
29.65700	-18.35920	-94.92472	SAX_LV_EPICARDIAL	6	1.0	7
31.83309	-16.14966	-95.44461	SAX_LV_EPICARDIAL	6	1.0	7
34.00918	-13.94012	-95.96450	SAX_LV_EPICARDIAL	6	1.0	7
36.18526	-11.73058	-96.48439	SAX_LV_EPICARDIAL	6	1.0	7
38.94407	-10.62581	-95.45670	SAX_LV_EPICARDIAL	6	1.0	7
41.17176	-10.62581	-93.73986	SAX_LV_EPICARDIAL	6	1.0	7
43.93057	-9.52104	-92.71217	SAX_LV_EPICARDIAL	6	1.0	7
45.62714	-10.62581	-90.30616	SAX_LV_EPICARDIAL	6	1.0	7
47.32371	-11.73057	-87.90016	SAX_LV_EPICARDIAL	6	1.0	7
49.02027	-12.83534	-85.49416	SAX_LV_EPICARDIAL	6	1.0	7
49.07188	-15.04488	-83.25742	SAX_LV_EPICARDIAL	6	1.0	7
48.00963	-17.25441	-81.87911	SAX_LV_EPICARDIAL	6	1.0	7
46.94739	-19.46395	-80.50080	SAX_LV_EPICARDIAL	6	1.0	7
45.88515	-21.67348	-79.12248	SAX_LV_EPICARDIAL	6	1.0	7
43.70906	-23.88302	-78.60259	SAX_LV_EPICARDIAL	6	1.0	7
41.53298	-26.09256	-78.08270	SAX_LV_EPICARDIAL	6	1.0	7
38.77417	-27.19733	-79.11039	SAX_LV_EPICARDIAL	6	1.0	7
36.01536	-28.30210	-80.13808	SAX_LV_EPICARDIAL	6	1.0	7
33.78767	-28.30210	-81.85492	SAX_LV_EPICARDIAL	6	1.0	7
31.55998	-28.30211	-83.57177	SAX_LV_EPICARDIAL	6	1.0	7
34.21559	-22.77826	-87.01755	SAX_LV_ENDOCARDIAL	6	1.0	7
33.05014	-20.56873	-90.11271	SAX_LV_ENDOCARDIAL	6	1.0	7
34.11238	-18.35919	-91.49103	SAX_LV_ENDOCARDIAL	6	1.0	7
36.28847	-16.14966	-92.01092	SAX_LV_ENDOCARDIAL	6	1.0	7
39.04728	-15.04489	-90.98323	SAX_LV_ENDOCARDIAL	6	1.0	7
41.27497	-15.04488	-89.26638	SAX_LV_ENDOCARDIAL	6	1.0	7
42.44041	-17.25442	-86.17122	SAX_LV_ENDOCARDIAL	6	1.0	7
41.37817	-19.46395	-84.79291	SAX_LV_ENDOCARDIAL	6	1.0	7
39.20208	-21.67349	-84.27302	SAX_LV_ENDOCARDIAL	6	1.0	7
37.55712	-22.77826	-84.44229	SAX_LV_ENDOCARDIAL	6	1.0	7
35.32943	-22.77826	-86.15913	SAX_LV_ENDOCARDIAL	6	1.0	7
24.72211	-21.67351	-95.43252	RV_INSERT	6	1.0	7
24.13939	-20.56874	-96.98010	RV_INSERT	6	1.0	7
7.95651	20.60010	-29.75619	LAX_LV_ENDOCARDIAL	9	1.0	7
9.81435	18.46692	-32.55231	LAX_LV_ENDOCARDIAL	9	1.0	7
11.61714	16.29858	-33.94370	LAX_LV_ENDOCARDIAL	9	1.0	7
13.41993	14.13025	-35.33508	LAX_LV_ENDOCARDIAL	9	1.0	7
15.22272	11.96191	-36.72647	LAX_LV_ENDOCARDIAL	9	1.0	7
16.97047	9.75843	-36.71312	LAX_LV_ENDOCARDIAL	9	1.0	7
18.71821	7.55494	-36.69978	LAX_LV_ENDOCARDIAL	9	1.0	7
20.46596	5.35145	-36.68643	LAX_LV_ENDOCARDIAL	9	1.0	7
22.21371	3.14797	-36.67309	LAX_LV_ENDOCARDIAL	9	1.0	7
24.01650	0.97963	-38.06447	LAX_LV_ENDOCARDIAL	9	1.0	7
25.81929	-1.18870	-39.45586	LAX_LV_ENDOCARDIAL	9	1.0	7
27.67712	-3.32189	-42.25198	LAX_LV_ENDOCARDIAL	9	1.0	7
28.66109	-4.35333	-45.05477	LAX_LV_ENDOCARDIAL	9	1.0	7
29.64505	-5.38477	-47.85756	LAX_LV_ENDOCARDIAL	9	1.0	7
30.62901	-6.41620	-50.66036	LAX_LV_ENDOCARDIAL	9	1.0	7
32.48685	-8.54939	-53.45648	LAX_LV_ENDOCARDIAL	9	1.0	7
33.47081	-9.58083	-56.25927	LAX_LV_ENDOCARDIAL	9	1.0	7
34.45477	-10.61227	-59.06206	LAX_LV_ENDOCARDIAL	9	1.0	7
35.43873	-11.64371	-61.86485	LAX_LV_ENDOCARDIAL	9	1.0	7
36.42270	-12.67515	-64.66765	LAX_LV_ENDOCARDIAL	9	1.0	7
37.40666	-13.70659	-67.47044	LAX_LV_ENDOCARDIAL	9	1.0	7
38.39062	-14.73803	-70.27323	LAX_LV_ENDOCARDIAL	9	1.0	7
39.37458	-15.76947	-73.07602	LAX_LV_ENDOCARDIAL	9	1.0	7
40.35855	-16.80091	-75.87882	LAX_LV_ENDOCARDIAL	9	1.0	7
40.46864	-16.73060	-78.68828	LAX_LV_ENDOCARDIAL	9	1.0	7
41.45260	-17.76204	-81.49107	LAX_LV_ENDOCARDIAL	9	1.0	7
41.56269	-17.69174	-84.30054	LAX_LV_ENDOCARDIAL	9	1.0	7
41.67278	-17.62143	-87.11000	LAX_LV_ENDOCARDIAL	9	1.0	7
40.90899	-16.44939	-89.92614	LAX_LV_ENDOCARDIAL	9	1.0	7
40.14521	-15.27734	-92.74228	LAX_LV_ENDOCARDIAL	9	1.0	7
38.34242	-13.10900	-91.35089	LAX_LV_ENDOCARDIAL	9	1.0	7
36.59467	-10.90552	-91.36424	LAX_LV_ENDOCARDIAL	9	1.0	7
34.79188	-8.73718	-89.97285	LAX_LV_ENDOCARDIAL	9	1.0	7
32.98909	-6.56885	-88.58147	LAX_LV_ENDOCARDIAL	9	1.0	7
31.18630	-4.40051	-87.19008	LAX_LV_ENDOCARDIAL	9	1.0	7
29.38351	-2.23218	-85.79869	LAX_LV_ENDOCARDIAL	9	1.0	7
27.58072	-0.06384	-84.40730	LAX_LV_ENDOCARDIAL	9	1.0	7
25.77792	2.10449	-83.01592	LAX_LV_ENDOCARDIAL	9	1.0	7
23.97513	4.27283	-81.62453	LAX_LV_ENDOCARDIAL	9	1.0	7
22.17234	6.44116	-80.23314	LAX_LV_ENDOCARDIAL	9	1.0	7
20.31451	8.57435	-77.43702	LAX_LV_ENDOCARDIAL	9	1.0	7
18.51171	10.74268	-76.04564	LAX_LV_ENDOCARDIAL	9	1.0	7
16.76397	12.94617	-76.05898	LAX_LV_ENDOCARDIAL	9	1.0	7
14.96118	15.11450	-74.66760	LAX_LV_ENDOCARDIAL	9	1.0	7
13.21343	17.31799	-74.68094	LAX_LV_ENDOCARDIAL	9	1.0	7
11.41064	19.48632	-73.28956	LAX_LV_ENDOCARDIAL	9	1.0	7
9.66289	21.68981	-73.30290	LAX_LV_ENDOCARDIAL	9	1.0	7
7.86010	23.85815	-71.91151	LAX_LV_ENDOCARDIAL	9	1.0	7
6.05731	26.02648	-70.52013	LAX_LV_ENDOCARDIAL	9	1.0	7
4.25452	28.19482	-69.12874	LAX_LV_ENDOCARDIAL	9	1.0	7
2.45173	30.36315	-67.73735	LAX_LV_ENDOCARDIAL	9	1.0	7
0.64894	32.53149	-66.34597	LAX_LV_ENDOCARDIAL	9	1.0	7
-1.15385	34.69982	-64.95458	LAX_LV_ENDOCARDIAL	9	1.0	7
-2.95664	36.86816	-63.56319	LAX_LV_ENDOCARDIAL	9	1.0	7
18.22281	7.23857	-24.05718	LAX_LV_EPICARDIAL	9	1.0	7
20.02560	5.07024	-25.44857	LAX_LV_EPICARDIAL	9	1.0	7
21.82839	2.90190	-26.83996	LAX_LV_EPICARDIAL	9	1.0	7
23.57614	0.69842	-26.82661	LAX_LV_EPICARDIAL	9	1.0	7
25.37893	-1.46992	-28.21800	LAX_LV_EPICARDIAL	9	1.0	7
27.12668	-3.67340	-28.20465	LAX_LV_EPICARDIAL	9	1.0	7
28.98451	-5.80659	-31.00077	LAX_LV_EPICARDIAL	9	1.0	7
30.84235	-7.93977	-33.79689	LAX_LV_EPICARDIAL	9	1.0	7
32.70019	-10.07295	-36.59301	LAX_LV_EPICARDIAL	9	1.0	7
34.55802	-12.20614	-39.38913	LAX_LV_EPICARDIAL	9	1.0	7
35.54198	-13.23758	-42.19192	LAX_LV_EPICARDIAL	9	1.0	7
37.39982	-15.37076	-44.98804	LAX_LV_EPICARDIAL	9	1.0	7
38.38378	-16.40220	-47.79084	LAX_LV_EPICARDIAL	9	1.0	7
39.36774	-17.43364	-50.59363	LAX_LV_EPICARDIAL	9	1.0	7
40.35171	-18.46508	-53.39642	LAX_LV_EPICARDIAL	9	1.0	7
41.33567	-19.49652	-56.19921	LAX_LV_EPICARDIAL	9	1.0	7
42.31963	-20.52796	-59.00200	LAX_LV_EPICARDIAL	9	1.0	7
42.42972	-20.45765	-61.81147	LAX_LV_EPICARDIAL	9	1.0	7
43.41368	-21.48909	-64.61426	LAX_LV_EPICARDIAL	9	1.0	7
43.52377	-21.41879	-67.42373	LAX_LV_EPICARDIAL	9	1.0	7
44.50774	-22.45023	-70.22652	LAX_LV_EPICARDIAL	9	1.0	7
44.61782	-22.37993	-73.03599	LAX_LV_EPICARDIAL	9	1.0	7
44.72791	-22.30962	-75.84545	LAX_LV_EPICARDIAL	9	1.0	7
45.71188	-23.34106	-78.64824	LAX_LV_EPICARDIAL	9	1.0	7
45.82196	-23.27076	-81.45771	LAX_LV_EPICARDIAL	9	1.0	7
45.05818	-22.09871	-84.27385	LAX_LV_EPICARDIAL	9	1.0	7
45.16827	-22.02841	-87.08331	LAX_LV_EPICARDIAL	9	1.0	7
45.27836	-21.95810	-89.89278	LAX_LV_EPICARDIAL	9	1.0	7
44.51457	-20.78606	-92.70892	LAX_LV_EPICARDIAL	9	1.0	7
43.75079	-19.61401	-95.52505	LAX_LV_EPICARDIAL	9	1.0	7
42.93196	-18.47711	-96.93646	LAX_LV_EPICARDIAL	9	1.0	7
41.23926	-16.23848	-98.35454	LAX_LV_EPICARDIAL	9	1.0	7
39.54656	-13.99984	-99.77262	LAX_LV_EPICARDIAL	9	1.0	7
37.74377	-11.83150	-98.38123	LAX_LV_EPICARDIAL	9	1.0	7
35.99602	-9.62801	-98.39458	LAX_LV_EPICARDIAL	9	1.0	7
34.24827	-7.42453	-98.40792	LAX_LV_EPICARDIAL	9	1.0	7
32.44548	-5.25619	-97.01653	LAX_LV_EPICARDIAL	9	1.0	7
30.69774	-3.05271	-97.02988	LAX_LV_EPICARDIAL	9	1.0	7
28.89494	-0.88437	-95.63849	LAX_LV_EPICARDIAL	9	1.0	7
27.14720	1.31912	-95.65184	LAX_LV_EPICARDIAL	9	1.0	7
25.34441	3.48745	-94.26045	LAX_LV_EPICARDIAL	9	1.0	7
23.59666	5.69094	-94.27380	LAX_LV_EPICARDIAL	9	1.0	7
21.79387	7.85927	-92.88241	LAX_LV_EPICARDIAL	9	1.0	7
19.99108	10.02761	-91.49102	LAX_LV_EPICARDIAL	9	1.0	7
18.24333	12.23109	-91.50437	LAX_LV_EPICARDIAL	9	1.0	7
16.44054	14.39943	-90.11298	LAX_LV_EPICARDIAL	9	1.0	7
14.69279	16.60292	-90.12633	LAX_LV_EPICARDIAL	9	1.0	7
12.89000	18.77125	-88.73494	LAX_LV_EPICARDIAL	9	1.0	7
11.08721	20.93959	-87.34356	LAX_LV_EPICARDIAL	9	1.0	7
9.28442	23.10792	-85.95217	LAX_LV_EPICARDIAL	9	1.0	7
7.53667	25.31141	-85.96551	LAX_LV_EPICARDIAL	9	1.0	7
5.73388	27.47974	-84.57413	LAX_LV_EPICARDIAL	9	1.0	7
3.93109	29.64808	-83.18274	LAX_LV_EPICARDIAL	9	1.0	7
2.12830	31.81641	-81.79135	LAX_LV_EPICARDIAL	9	1.0	7
0.32551	33.98475	-80.39997	LAX_LV_EPICARDIAL	9	1.0	7
-1.47728	36.15308	-79.00858	LAX_LV_EPICARDIAL	9	1.0	7
-3.33512	38.28627	-76.21246	LAX_LV_EPICARDIAL	9	1.0	7
-5.19295	40.41945	-73.41634	LAX_LV_EPICARDIAL	9	1.0	7
-5.30304	40.34915	-70.60688	LAX_LV_EPICARDIAL	9	1.0	7
-5.41313	40.27884	-67.79741	LAX_LV_EPICARDIAL	9	1.0	7
-4.64935	39.10679	-64.98127	LAX_LV_EPICARDIAL	9	1.0	7
7.79138	20.49465	-25.54199	LAX_LV_EPICARDIAL	9	1.0	7
9.48408	18.25601	-24.12391	LAX_LV_EPICARDIAL	9	1.0	7
11.23183	16.05252	-24.11057	LAX_LV_EPICARDIAL	9	1.0	7
12.97957	13.84903	-24.09722	LAX_LV_EPICARDIAL	9	1.0	7
14.72732	11.64555	-24.08388	LAX_LV_EPICARDIAL	9	1.0	7
16.47507	9.44206	-24.07053	LAX_LV_EPICARDIAL	9	1.0	7
5.27985	23.87018	-28.37148	MITRAL_VALVE	9	1.0	7
-3.94061	37.89960	-60.76040	MITRAL_VALVE	9	1.0	7
-22.92236	-10.52196	-11.76496	LAX_RV_FREEWALL	8	1.0	1.0
-22.57824	-13.23886	-13.31020	LAX_RV_FREEWALL	8	1.0	1.0
-21.05327	-14.59731	-15.70118	LAX_RV_FREEWALL	8	1.0	1.0
-19.80722	-17.31421	-18.32532	LAX_RV_FREEWALL	8	1.0	1.0
-18.00334	-17.31421	-20.48314	LAX_RV_FREEWALL	8	1.0	1.0
-16.47837	-18.67266	-22.87411	LAX_RV_FREEWALL	8	1.0	1.0
-14.95340	-20.03111	-25.26509	LAX_RV_FREEWALL	8	1.0	1.0
-13.42843	-21.38956	-27.65607	LAX_RV_FREEWALL	8	1.0	1.0
-11.62455	-21.38956	-29.81389	LAX_RV_FREEWALL	8	1.0	1.0
-10.09958	-22.74801	-32.20487	LAX_RV_FREEWALL	8	1.0	1.0
-8.29570	-22.74801	-34.36269	LAX_RV_FREEWALL	8	1.0	1.0
-6.49182	-22.74802	-36.52050	LAX_RV_FREEWALL	8	1.0	1.0
-4.68794	-22.74802	-38.67832	LAX_RV_FREEWALL	8	1.0	1.0
-2.88406	-22.74802	-40.83614	LAX_RV_FREEWALL	8	1.0	1.0
-1.08018	-22.74802	-42.99396	LAX_RV_FREEWALL	8	1.0	1.0
0.72370	-22.74802	-45.15178	LAX_RV_FREEWALL	8	1.0	1.0
2.52759	-22.74802	-47.30959	LAX_RV_FREEWALL	8	1.0	1.0
4.33147	-22.74803	-49.46741	LAX_RV_FREEWALL	8	1.0	1.0
6.13535	-22.74803	-51.62523	LAX_RV_FREEWALL	8	1.0	1.0
7.93923	-22.74803	-53.78304	LAX_RV_FREEWALL	8	1.0	1.0
-9.45845	-6.44662	-26.17020	LAX_RV_FREEWALL	8	1.0	1.0
-11.26233	-6.44662	-24.01238	LAX_RV_FREEWALL	8	1.0	1.0
-13.06621	-6.44662	-21.85457	LAX_RV_FREEWALL	8	1.0	1.0
-14.87009	-6.44662	-19.69675	LAX_RV_FREEWALL	8	1.0	1.0
-16.67398	-6.44662	-17.53893	LAX_RV_FREEWALL	8	1.0	1.0
-18.19894	-5.08817	-15.14795	LAX_RV_FREEWALL	8	1.0	1.0
-20.00283	-5.08816	-12.99013	LAX_RV_FREEWALL	8	1.0	1.0
-22.36453	-7.80506	-11.29864	LAX_RV_FREEWALL	8	1.0	1.0
-25.56298	-14.59730	-10.30663	LAX_RV_EPICARDIAL	8	1.0	1.0
-24.31692	-17.31420	-12.93077	LAX_RV_EPICARDIAL	8	1.0	1.0
-23.07087	-20.03110	-15.55491	LAX_RV_EPICARDIAL	8	1.0	1.0
-21.54590	-21.38955	-17.94589	LAX_RV_EPICARDIAL	8	1.0	1.0
-20.02093	-22.74800	-20.33687	LAX_RV_EPICARDIAL	8	1.0	1.0
-18.21705	-22.74800	-22.49469	LAX_RV_EPICARDIAL	8	1.0	1.0
-16.69208	-24.10645	-24.88567	LAX_RV_EPICARDIAL	8	1.0	1.0
-15.16711	-25.46490	-27.27665	LAX_RV_EPICARDIAL	8	1.0	1.0
-13.36323	-25.46491	-29.43447	LAX_RV_EPICARDIAL	8	1.0	1.0
-11.83826	-26.82336	-31.82545	LAX_RV_EPICARDIAL	8	1.0	1.0
-10.03438	-26.82336	-33.98326	LAX_RV_EPICARDIAL	8	1.0	1.0
-8.23050	-26.82336	-36.14108	LAX_RV_EPICARDIAL	8	1.0	1.0
-6.42662	-26.82336	-38.29890	LAX_RV_EPICARDIAL	8	1.0	1.0
-4.62274	-26.82336	-40.45672	LAX_RV_EPICARDIAL	8	1.0	1.0
-2.81886	-26.82337	-42.61453	LAX_RV_EPICARDIAL	8	1.0	1.0
-1.01497	-26.82337	-44.77235	LAX_RV_EPICARDIAL	8	1.0	1.0
1.06782	-25.46492	-46.69701	LAX_RV_EPICARDIAL	8	1.0	1.0
2.87170	-25.46492	-48.85483	LAX_RV_EPICARDIAL	8	1.0	1.0
4.67558	-25.46492	-51.01264	LAX_RV_EPICARDIAL	8	1.0	1.0
6.47946	-25.46493	-53.17046	LAX_RV_EPICARDIAL	8	1.0	1.0
8.28334	-25.46493	-55.32828	LAX_RV_EPICARDIAL	8	1.0	1.0
-7.37566	-5.08818	-28.09486	LAX_RV_EPICARDIAL	8	1.0	1.0
-10.14668	-1.01283	-23.07974	LAX_RV_EPICARDIAL	8	1.0	1.0
-12.22947	-2.37127	-21.15508	LAX_RV_EPICARDIAL	8	1.0	1.0
-14.03336	-2.37127	-18.99726	LAX_RV_EPICARDIAL	8	1.0	1.0
-16.11615	-3.72972	-17.07261	LAX_RV_EPICARDIAL	8	1.0	1.0
-18.19894	-5.08817	-15.14795	LAX_RV_EPICARDIAL	8	1.0	1.0
-20.00283	-5.08816	-12.99013	LAX_RV_EPICARDIAL	8	1.0	1.0
-21.80671	-5.08816	-10.83232	LAX_RV_EPICARDIAL	8	1.0	1.0
-23.26647	-7.80506	-10.21973	LAX_RV_EPICARDIAL	8	1.0	1.0
-24.72624	-10.52196	-9.60715	LAX_RV_EPICARDIAL	8	1.0	1.0
-25.28406	-13.23885	-10.07347	LAX_RV_EPICARDIAL	8	1.0	1.0
9.12008	-21.38958	-54.62879	LAX_RV_SEPTUM	8	1.0	1.0
7.59511	-20.03113	-52.23781	LAX_RV_SEPTUM	8	1.0	1.0
6.07015	-18.67268	-49.84683	LAX_RV_SEPTUM	8	1.0	1.0
4.54518	-17.31423	-47.45585	LAX_RV_SEPTUM	8	1.0	1.0
3.02021	-15.95578	-45.06487	LAX_RV_SEPTUM	8	1.0	1.0
1.49524	-14.59733	-42.67390	LAX_RV_SEPTUM	8	1.0	1.0
-0.02973	-13.23888	-40.28292	LAX_RV_SEPTUM	8	1.0	1.0
-1.55470	-11.88043	-37.89194	LAX_RV_SEPTUM	8	1.0	1.0
-2.80075	-9.16353	-35.26780	LAX_RV_SEPTUM	8	1.0	1.0
-4.32572	-7.80508	-32.87682	LAX_RV_SEPTUM	8	1.0	1.0
-5.85069	-6.44663	-30.48584	LAX_RV_SEPTUM	8	1.0	1.0
-7.65457	-6.44663	-28.32802	LAX_RV_SEPTUM	8	1.0	1.0
-7.71977	-2.37128	-26.54962	LAX_LV_EPICARDIAL	8	1.0	1.0
11.54699	-22.74803	-58.09868	LAX_LV_EPICARDIAL	8	1.0	1.0
13.35087	-22.74803	-60.25650	LAX_LV_EPICARDIAL	8	1.0	1.0
14.87584	-24.10648	-62.64748	LAX_LV_EPICARDIAL	8	1.0	1.0
16.67972	-24.10649	-64.80529	LAX_LV_EPICARDIAL	8	1.0	1.0
18.20469	-25.46494	-67.19627	LAX_LV_EPICARDIAL	8	1.0	1.0
20.00857	-25.46494	-69.35409	LAX_LV_EPICARDIAL	8	1.0	1.0
21.53354	-26.82339	-71.74507	LAX_LV_EPICARDIAL	8	1.0	1.0
23.33742	-26.82339	-73.90289	LAX_LV_EPICARDIAL	8	1.0	1.0
25.14130	-26.82339	-76.06071	LAX_LV_EPICARDIAL	8	1.0	1.0
26.94519	-26.82339	-78.21852	LAX_LV_EPICARDIAL	8	1.0	1.0
28.74907	-26.82340	-80.37634	LAX_LV_EPICARDIAL	8	1.0	1.0
30.55295	-26.82340	-82.53416	LAX_LV_EPICARDIAL	8	1.0	1.0
32.35683	-26.82340	-84.69198	LAX_LV_EPICARDIAL	8	1.0	1.0
34.16071	-26.82340	-86.84979	LAX_LV_EPICARDIAL	8	1.0	1.0
36.24350	-25.46495	-88.77445	LAX_LV_EPICARDIAL	8	1.0	1.0
38.32630	-24.10651	-90.69910	LAX_LV_EPICARDIAL	8	1.0	1.0
40.40909	-22.74806	-92.62376	LAX_LV_EPICARDIAL	8	1.0	1.0
42.77080	-20.03116	-94.31525	LAX_LV_EPICARDIAL	8	1.0	1.0
44.23057	-17.31427	-94.92784	LAX_LV_EPICARDIAL	8	1.0	1.0
44.78839	-14.59737	-94.46152	LAX_LV_EPICARDIAL	8	1.0	1.0
45.34622	-11.88047	-93.99519	LAX_LV_EPICARDIAL	8	1.0	1.0
45.90404	-9.16358	-93.52887	LAX_LV_EPICARDIAL	8	1.0	1.0
45.55993	-6.44668	-91.98364	LAX_LV_EPICARDIAL	8	1.0	1.0
45.21581	-3.72978	-90.43840	LAX_LV_EPICARDIAL	8	1.0	1.0
44.87170	-1.01288	-88.89317	LAX_LV_EPICARDIAL	8	1.0	1.0
44.52758	1.70402	-87.34794	LAX_LV_EPICARDIAL	8	1.0	1.0
44.18347	4.42092	-85.80271	LAX_LV_EPICARDIAL	8	1.0	1.0
43.83935	7.13781	-84.25747	LAX_LV_EPICARDIAL	8	1.0	1.0
44.39718	9.85471	-83.79115	LAX_LV_EPICARDIAL	8	1.0	1.0
43.15112	12.57161	-81.16701	LAX_LV_EPICARDIAL	8	1.0	1.0
42.80701	15.28851	-79.62178	LAX_LV_EPICARDIAL	8	1.0	1.0
42.46289	18.00541	-78.07654	LAX_LV_EPICARDIAL	8	1.0	1.0
42.11878	20.72231	-76.53131	LAX_LV_EPICARDIAL	8	1.0	1.0
41.77466	23.43921	-74.98608	LAX_LV_EPICARDIAL	8	1.0	1.0
41.43055	26.15610	-73.44084	LAX_LV_EPICARDIAL	8	1.0	1.0
41.08643	28.87300	-71.89561	LAX_LV_EPICARDIAL	8	1.0	1.0
39.84038	31.58990	-69.27147	LAX_LV_EPICARDIAL	8	1.0	1.0
39.49626	34.30680	-67.72624	LAX_LV_EPICARDIAL	8	1.0	1.0
38.25021	37.02370	-65.10210	LAX_LV_EPICARDIAL	8	1.0	1.0
37.90609	39.74060	-63.55686	LAX_LV_EPICARDIAL	8	1.0	1.0
36.66004	42.45750	-60.93272	LAX_LV_EPICARDIAL	8	1.0	1.0
35.13507	43.81595	-58.54174	LAX_LV_EPICARDIAL	8	1.0	1.0
33.61010	45.17440	-56.15076	LAX_LV_EPICARDIAL	8	1.0	1.0
32.08513	46.53285	-53.75979	LAX_LV_EPICARDIAL	8	1.0	1.0
30.56016	47.89130	-51.36881	LAX_LV_EPICARDIAL	8	1.0	1.0
28.75628	47.89130	-49.21099	LAX_LV_EPICARDIAL	8	1.0	1.0
27.23131	49.24975	-46.82001	LAX_LV_EPICARDIAL	8	1.0	1.0
25.42743	49.24975	-44.66219	LAX_LV_EPICARDIAL	8	1.0	1.0
23.34464	47.89131	-42.73754	LAX_LV_EPICARDIAL	8	1.0	1.0
21.54076	47.89131	-40.57972	LAX_LV_EPICARDIAL	8	1.0	1.0
19.45796	46.53286	-38.65506	LAX_LV_EPICARDIAL	8	1.0	1.0
3.27013	24.79769	-28.35984	LAX_LV_EPICARDIAL	8	1.0	1.0
0.90842	22.08080	-26.66835	LAX_LV_EPICARDIAL	8	1.0	1.0
-0.89546	22.08080	-24.51053	LAX_LV_EPICARDIAL	8	1.0	1.0
-2.69934	22.08080	-22.35271	LAX_LV_EPICARDIAL	8	1.0	1.0
-6.88303	1.70407	-25.85014	LAX_LV_ENDOCARDIAL	8	1.0	1.0
-4.80024	3.06251	-27.77479	LAX_LV_ENDOCARDIAL	8	1.0	1.0
-2.71745	4.42096	-29.69945	LAX_LV_ENDOCARDIAL	8	1.0	1.0
-0.35574	7.13786	-31.39094	LAX_LV_ENDOCARDIAL	8	1.0	1.0
1.44814	7.13786	-33.54876	LAX_LV_ENDOCARDIAL	8	1.0	1.0
3.53094	8.49630	-35.47342	LAX_LV_ENDOCARDIAL	8	1.0	1.0
5.05591	7.13785	-37.86440	LAX_LV_ENDOCARDIAL	8	1.0	1.0
6.58087	5.77940	-40.25538	LAX_LV_ENDOCARDIAL	8	1.0	1.0
8.10584	4.42095	-42.64635	LAX_LV_ENDOCARDIAL	8	1.0	1.0
9.35190	1.70405	-45.27050	LAX_LV_ENDOCARDIAL	8	1.0	1.0
9.97493	0.34560	-46.58257	LAX_LV_ENDOCARDIAL	8	1.0	1.0
11.22098	-2.37130	-49.20671	LAX_LV_ENDOCARDIAL	8	1.0	1.0
12.74595	-3.72975	-51.59769	LAX_LV_ENDOCARDIAL	8	1.0	1.0
13.99201	-6.44665	-54.22183	LAX_LV_ENDOCARDIAL	8	1.0	1.0
15.51697	-7.80510	-56.61281	LAX_LV_ENDOCARDIAL	8	1.0	1.0
17.04194	-9.16355	-59.00379	LAX_LV_ENDOCARDIAL	8	1.0	1.0
18.56691	-10.52200	-61.39477	LAX_LV_ENDOCARDIAL	8	1.0	1.0
20.09188	-11.88045	-63.78575	LAX_LV_ENDOCARDIAL	8	1.0	1.0
21.61685	-13.23890	-66.17673	LAX_LV_ENDOCARDIAL	8	1.0	1.0
23.42073	-13.23890	-68.33454	LAX_LV_ENDOCARDIAL	8	1.0	1.0
24.94570	-14.59735	-70.72552	LAX_LV_ENDOCARDIAL	8	1.0	1.0
26.47067	-15.95580	-73.11650	LAX_LV_ENDOCARDIAL	8	1.0	1.0
27.99563	-17.31425	-75.50748	LAX_LV_ENDOCARDIAL	8	1.0	1.0
29.79952	-17.31425	-77.66530	LAX_LV_ENDOCARDIAL	8	1.0	1.0
31.60340	-17.31426	-79.82312	LAX_LV_ENDOCARDIAL	8	1.0	1.0
33.40728	-17.31426	-81.98093	LAX_LV_ENDOCARDIAL	8	1.0	1.0
34.93225	-18.67271	-84.37191	LAX_LV_ENDOCARDIAL	8	1.0	1.0
36.73613	-18.67271	-86.52973	LAX_LV_ENDOCARDIAL	8	1.0	1.0
38.54001	-18.67271	-88.68755	LAX_LV_ENDOCARDIAL	8	1.0	1.0
40.62280	-17.31426	-90.61220	LAX_LV_ENDOCARDIAL	8	1.0	1.0
41.18063	-14.59737	-90.14588	LAX_LV_ENDOCARDIAL	8	1.0	1.0
40.83651	-11.88047	-88.60065	LAX_LV_ENDOCARDIAL	8	1.0	1.0
39.59046	-9.16357	-85.97651	LAX_LV_ENDOCARDIAL	8	1.0	1.0
38.34440	-6.44667	-83.35237	LAX_LV_ENDOCARDIAL	8	1.0	1.0
37.09835	-3.72977	-80.72822	LAX_LV_ENDOCARDIAL	8	1.0	1.0
36.75423	-1.01287	-79.18299	LAX_LV_ENDOCARDIAL	8	1.0	1.0
35.50818	1.70403	-76.55885	LAX_LV_ENDOCARDIAL	8	1.0	1.0
35.16406	4.42093	-75.01362	LAX_LV_ENDOCARDIAL	8	1.0	1.0
33.91801	7.13782	-72.38948	LAX_LV_ENDOCARDIAL	8	1.0	1.0
32.67195	9.85472	-69.76534	LAX_LV_ENDOCARDIAL	8	1.0	1.0
32.32783	12.57162	-68.22010	LAX_LV_ENDOCARDIAL	8	1.0	1.0
31.08178	15.28852	-65.59596	LAX_LV_ENDOCARDIAL	8	1.0	1.0
30.73766	18.00542	-64.05073	LAX_LV_ENDOCARDIAL	8	1.0	1.0
31.29549	20.72232	-63.58440	LAX_LV_ENDOCARDIAL	8	1.0	1.0
30.95137	23.43922	-62.03917	LAX_LV_ENDOCARDIAL	8	1.0	1.0
31.50920	26.15611	-61.57285	LAX_LV_ENDOCARDIAL	8	1.0	1.0
29.98423	27.51456	-59.18187	LAX_LV_ENDOCARDIAL	8	1.0	1.0
28.73818	30.23146	-56.55773	LAX_LV_ENDOCARDIAL	8	1.0	1.0
27.49212	32.94836	-53.93359	LAX_LV_ENDOCARDIAL	8	1.0	1.0
25.96715	34.30681	-51.54261	LAX_LV_ENDOCARDIAL	8	1.0	1.0
24.72110	37.02371	-48.91847	LAX_LV_ENDOCARDIAL	8	1.0	1.0
22.91722	37.02371	-46.76065	LAX_LV_ENDOCARDIAL	8	1.0	1.0
21.39225	38.38216	-44.36967	LAX_LV_ENDOCARDIAL	8	1.0	1.0
19.86728	39.74061	-41.97869	LAX_LV_ENDOCARDIAL	8	1.0	1.0
18.34231	41.09906	-39.58771	LAX_LV_ENDOCARDIAL	8	1.0	1.0
2.08927	23.43924	-27.51409	LAX_LV_ENDOCARDIAL	8	1.0	1.0
0.00648	22.08080	-25.58944	LAX_LV_ENDOCARDIAL	8	1.0	1.0
-1.79740	22.08080	-23.43162	LAX_LV_ENDOCARDIAL	8	1.0	1.0
-3.88019	20.72235	-21.50696	LAX_LV_ENDOCARDIAL	8	1.0	1.0
-25.56298	-14.59730	-10.30663	LAX_RV_EPICARDIAL	8	1.0	1.0
-24.31692	-17.31420	-12.93077	LAX_RV_EPICARDIAL	8	1.0	1.0
-23.07087	-20.03110	-15.55491	LAX_RV_EPICARDIAL	8	1.0	1.0
-21.54590	-21.38955	-17.94589	LAX_RV_EPICARDIAL	8	1.0	1.0
-20.02093	-22.74800	-20.33687	LAX_RV_EPICARDIAL	8	1.0	1.0
-18.21705	-22.74800	-22.49469	LAX_RV_EPICARDIAL	8	1.0	1.0
-16.69208	-24.10645	-24.88567	LAX_RV_EPICARDIAL	8	1.0	1.0
-15.16711	-25.46490	-27.27665	LAX_RV_EPICARDIAL	8	1.0	1.0
-13.36323	-25.46491	-29.43447	LAX_RV_EPICARDIAL	8	1.0	1.0
-11.83826	-26.82336	-31.82545	LAX_RV_EPICARDIAL	8	1.0	1.0
-10.03438	-26.82336	-33.98326	LAX_RV_EPICARDIAL	8	1.0	1.0
-8.23050	-26.82336	-36.14108	LAX_RV_EPICARDIAL	8	1.0	1.0
-6.42662	-26.82336	-38.29890	LAX_RV_EPICARDIAL	8	1.0	1.0
-4.62274	-26.82336	-40.45672	LAX_RV_EPICARDIAL	8	1.0	1.0
-2.81886	-26.82337	-42.61453	LAX_RV_EPICARDIAL	8	1.0	1.0
-1.01497	-26.82337	-44.77235	LAX_RV_EPICARDIAL	8	1.0	1.0
1.06782	-25.46492	-46.69701	LAX_RV_EPICARDIAL	8	1.0	1.0
2.87170	-25.46492	-48.85483	LAX_RV_EPICARDIAL	8	1.0	1.0
4.67558	-25.46492	-51.01264	LAX_RV_EPICARDIAL	8	1.0	1.0
6.47946	-25.46493	-53.17046	LAX_RV_EPICARDIAL	8	1.0	1.0
8.28334	-25.46493	-55.32828	LAX_RV_EPICARDIAL	8	1.0	1.0
-7.37566	-5.08818	-28.09486	LAX_RV_EPICARDIAL	8	1.0	1.0
-10.14668	-1.01283	-23.07974	LAX_RV_EPICARDIAL	8	1.0	1.0
-12.22947	-2.37127	-21.15508	LAX_RV_EPICARDIAL	8	1.0	1.0
-14.03336	-2.37127	-18.99726	LAX_RV_EPICARDIAL	8	1.0	1.0
-16.11615	-3.72972	-17.07261	LAX_RV_EPICARDIAL	8	1.0	1.0
-18.19894	-5.08817	-15.14795	LAX_RV_EPICARDIAL	8	1.0	1.0
-20.00283	-5.08816	-12.99013	LAX_RV_EPICARDIAL	8	1.0	1.0
-21.80671	-5.08816	-10.83232	LAX_RV_EPICARDIAL	8	1.0	1.0
-23.26647	-7.80506	-10.21973	LAX_RV_EPICARDIAL	8	1.0	1.0
-24.72624	-10.52196	-9.60715	LAX_RV_EPICARDIAL	8	1.0	1.0
-25.28406	-13.23885	-10.07347	LAX_RV_EPICARDIAL	8	1.0	1.0
16.53843	41.09907	-37.42989	MITRAL_VALVE	8	1.0	1.0
3.82795	27.51459	-27.89352	MITRAL_VALVE	8	1.0	1.0
-9.86777	0.34562	-22.84657	AORTA_VALVE	8	1.0	1.0
-5.68408	20.72235	-19.34915	AORTA_VALVE	8	1.0	1.0
-45.96441	2.28764	-74.42574	LAX_RV_FREEWALL	7	1.0	7
-47.14268	0.68635	-76.86197	LAX_RV_FREEWALL	7	1.0	7
-48.32095	-0.91494	-79.29821	LAX_RV_FREEWALL	7	1.0	7
-48.09943	-2.51623	-81.59972	LAX_RV_FREEWALL	7	1.0	7
-46.47814	-4.11752	-83.76650	LAX_RV_FREEWALL	7	1.0	7
-43.45706	-5.71881	-85.79857	LAX_RV_FREEWALL	7	1.0	7
-40.43599	-7.32011	-87.83063	LAX_RV_FREEWALL	7	1.0	7
-37.41491	-8.92140	-89.86269	LAX_RV_FREEWALL	7	1.0	7
-34.50459	-9.72205	-90.74400	LAX_RV_FREEWALL	7	1.0	7
-31.59427	-10.52269	-91.62530	LAX_RV_FREEWALL	7	1.0	7
-28.68395	-11.32334	-92.50661	LAX_RV_FREEWALL	7	1.0	7
-25.77364	-12.12398	-93.38791	LAX_RV_FREEWALL	7	1.0	7
-22.75256	-13.72528	-95.41998	LAX_RV_FREEWALL	7	1.0	7
-19.84224	-14.52592	-96.30128	LAX_RV_FREEWALL	7	1.0	7
-16.93192	-15.32657	-97.18259	LAX_RV_FREEWALL	7	1.0	7
-14.02160	-16.12722	-98.06389	LAX_RV_FREEWALL	7	1.0	7
-11.11128	-16.92786	-98.94520	LAX_RV_FREEWALL	7	1.0	7
-8.20097	-17.72851	-99.82651	LAX_RV_FREEWALL	7	1.0	7
-5.40140	-17.72851	-99.55706	LAX_RV_FREEWALL	7	1.0	7
-2.49108	-18.52916	-100.43836	LAX_RV_FREEWALL	7	1.0	7
0.30848	-18.52916	-100.16891	LAX_RV_FREEWALL	7	1.0	7
3.10804	-18.52916	-99.89946	LAX_RV_FREEWALL	7	1.0	7
6.01836	-19.32980	-100.78077	LAX_RV_FREEWALL	7	1.0	7
8.81792	-19.32980	-100.51132	LAX_RV_FREEWALL	7	1.0	7
11.72824	-20.13045	-101.39263	LAX_RV_FREEWALL	7	1.0	7
14.52780	-20.13045	-101.12318	LAX_RV_FREEWALL	7	1.0	7
17.43812	-20.93110	-102.00448	LAX_RV_FREEWALL	7	1.0	7
20.23769	-20.93110	-101.73504	LAX_RV_FREEWALL	7	1.0	7
22.92649	-20.13045	-100.31483	LAX_RV_FREEWALL	7	1.0	7
-47.47495	3.08829	-73.40971	LAX_RV_EPICARDIAL	7	1.0	7
-50.16375	2.28764	-74.82991	LAX_RV_EPICARDIAL	7	1.0	7
-51.34202	0.68635	-77.26615	LAX_RV_EPICARDIAL	7	1.0	7
-52.52029	-0.91494	-79.70238	LAX_RV_EPICARDIAL	7	1.0	7
-52.29878	-2.51623	-82.00389	LAX_RV_EPICARDIAL	7	1.0	7
-50.67748	-4.11752	-84.17068	LAX_RV_EPICARDIAL	7	1.0	7
-49.05619	-5.71881	-86.33746	LAX_RV_EPICARDIAL	7	1.0	7
-47.43489	-7.32010	-88.50425	LAX_RV_EPICARDIAL	7	1.0	7
-44.52457	-8.12075	-89.38556	LAX_RV_EPICARDIAL	7	1.0	7
-41.50350	-9.72204	-91.41762	LAX_RV_EPICARDIAL	7	1.0	7
-38.59318	-10.52269	-92.29893	LAX_RV_EPICARDIAL	7	1.0	7
-35.68286	-11.32334	-93.18023	LAX_RV_EPICARDIAL	7	1.0	7
-32.66179	-12.92463	-95.21229	LAX_RV_EPICARDIAL	7	1.0	7
-29.75147	-13.72527	-96.09360	LAX_RV_EPICARDIAL	7	1.0	7
-26.84115	-14.52592	-96.97491	LAX_RV_EPICARDIAL	7	1.0	7
-23.93083	-15.32657	-97.85621	LAX_RV_EPICARDIAL	7	1.0	7
-21.02051	-16.12721	-98.73752	LAX_RV_EPICARDIAL	7	1.0	7
-18.11019	-16.92786	-99.61882	LAX_RV_EPICARDIAL	7	1.0	7
-15.19987	-17.72851	-100.50013	LAX_RV_EPICARDIAL	7	1.0	7
-12.28955	-18.52915	-101.38144	LAX_RV_EPICARDIAL	7	1.0	7
-9.37923	-19.32980	-102.26274	LAX_RV_EPICARDIAL	7	1.0	7
-6.57967	-19.32980	-101.99329	LAX_RV_EPICARDIAL	7	1.0	7
-3.66935	-20.13045	-102.87460	LAX_RV_EPICARDIAL	7	1.0	7
-0.75903	-20.93109	-103.75591	LAX_RV_EPICARDIAL	7	1.0	7
2.04053	-20.93109	-103.48646	LAX_RV_EPICARDIAL	7	1.0	7
4.95085	-21.73174	-104.36776	LAX_RV_EPICARDIAL	7	1.0	7
7.75041	-21.73174	-104.09831	LAX_RV_EPICARDIAL	7	1.0	7
10.54997	-21.73174	-103.82886	LAX_RV_EPICARDIAL	7	1.0	7
13.34954	-21.73174	-103.55941	LAX_RV_EPICARDIAL	7	1.0	7
16.25986	-22.53239	-104.44072	LAX_RV_EPICARDIAL	7	1.0	7
19.05942	-22.53239	-104.17127	LAX_RV_EPICARDIAL	7	1.0	7
21.85898	-22.53239	-103.90182	LAX_RV_EPICARDIAL	7	1.0	7
24.54779	-21.73175	-102.48162	LAX_RV_EPICARDIAL	7	1.0	7
27.12584	-20.13046	-99.91066	LAX_RV_EPICARDIAL	7	1.0	7
25.39378	-17.72852	-96.59311	LAX_RV_EPICARDIAL	7	1.0	7
-22.31894	13.49667	-55.89012	LAX_RV_SEPTUM	7	1.0	7
25.50454	-18.52916	-97.74387	LAX_RV_SEPTUM	7	1.0	7
23.99400	-17.72852	-96.72784	LAX_RV_SEPTUM	7	1.0	7
21.08368	-16.92787	-95.84653	LAX_RV_SEPTUM	7	1.0	7
18.06261	-15.32658	-93.81447	LAX_RV_SEPTUM	7	1.0	7
15.15229	-14.52593	-92.93317	LAX_RV_SEPTUM	7	1.0	7
12.13121	-12.92464	-90.90110	LAX_RV_SEPTUM	7	1.0	7
9.22090	-12.12399	-90.01980	LAX_RV_SEPTUM	7	1.0	7
6.19982	-10.52270	-87.98774	LAX_RV_SEPTUM	7	1.0	7
4.57853	-8.92141	-85.82095	LAX_RV_SEPTUM	7	1.0	7
1.55745	-7.32012	-83.78889	LAX_RV_SEPTUM	7	1.0	7
-1.46363	-5.71883	-81.75683	LAX_RV_SEPTUM	7	1.0	7
-3.08492	-4.11753	-79.59004	LAX_RV_SEPTUM	7	1.0	7
-4.70621	-2.51624	-77.42325	LAX_RV_SEPTUM	7	1.0	7
-6.32751	-0.91495	-75.25647	LAX_RV_SEPTUM	7	1.0	7
-7.94880	0.68634	-73.08968	LAX_RV_SEPTUM	7	1.0	7
-10.96988	2.28763	-71.05762	LAX_RV_SEPTUM	7	1.0	7
-12.59117	3.88892	-68.89083	LAX_RV_SEPTUM	7	1.0	7
-14.21247	5.49022	-66.72405	LAX_RV_SEPTUM	7	1.0	7
-15.83376	7.09151	-64.55726	LAX_RV_SEPTUM	7	1.0	7
-17.45506	8.69280	-62.39047	LAX_RV_SEPTUM	7	1.0	7
-19.07635	10.29409	-60.22369	LAX_RV_SEPTUM	7	1.0	7
-20.69764	11.89538	-58.05690	LAX_RV_SEPTUM	7	1.0	7
-19.11640	20.70248	-45.12914	LAX_LV_EPICARDIAL	7	1.0	7
-20.29467	19.10119	-47.56538	LAX_LV_EPICARDIAL	7	1.0	7
-21.47294	17.49990	-50.00161	LAX_LV_EPICARDIAL	7	1.0	7
-21.25143	15.89861	-52.30312	LAX_LV_EPICARDIAL	7	1.0	7
29.59313	-17.72852	-96.18894	LAX_LV_EPICARDIAL	7	1.0	7
32.39269	-17.72852	-95.91949	LAX_LV_EPICARDIAL	7	1.0	7
35.19225	-17.72852	-95.65004	LAX_LV_EPICARDIAL	7	1.0	7
38.10257	-18.52917	-96.53135	LAX_LV_EPICARDIAL	7	1.0	7
40.79138	-17.72852	-95.11114	LAX_LV_EPICARDIAL	7	1.0	7
43.48018	-16.92788	-93.69094	LAX_LV_EPICARDIAL	7	1.0	7
46.16899	-16.12723	-92.27073	LAX_LV_EPICARDIAL	7	1.0	7
47.34726	-14.52594	-89.83450	LAX_LV_EPICARDIAL	7	1.0	7
48.52553	-12.92465	-87.39826	LAX_LV_EPICARDIAL	7	1.0	7
49.70380	-11.32336	-84.96203	LAX_LV_EPICARDIAL	7	1.0	7
49.48228	-9.72207	-82.66052	LAX_LV_EPICARDIAL	7	1.0	7
50.66055	-8.12078	-80.22428	LAX_LV_EPICARDIAL	7	1.0	7
51.83882	-6.51949	-77.78805	LAX_LV_EPICARDIAL	7	1.0	7
51.61731	-4.91820	-75.48653	LAX_LV_EPICARDIAL	7	1.0	7
51.39579	-3.31690	-73.18502	LAX_LV_EPICARDIAL	7	1.0	7
52.57406	-1.71561	-70.74879	LAX_LV_EPICARDIAL	7	1.0	7
52.35255	-0.11432	-68.44728	LAX_LV_EPICARDIAL	7	1.0	7
53.53082	1.48697	-66.01104	LAX_LV_EPICARDIAL	7	1.0	7
53.30930	3.08826	-63.70953	LAX_LV_EPICARDIAL	7	1.0	7
53.08779	4.68955	-61.40802	LAX_LV_EPICARDIAL	7	1.0	7
52.86628	6.29084	-59.10651	LAX_LV_EPICARDIAL	7	1.0	7
51.24498	7.89213	-56.93972	LAX_LV_EPICARDIAL	7	1.0	7
51.02347	9.49342	-54.63821	LAX_LV_EPICARDIAL	7	1.0	7
50.80196	11.09472	-52.33670	LAX_LV_EPICARDIAL	7	1.0	7
49.18066	12.69601	-50.16991	LAX_LV_EPICARDIAL	7	1.0	7
48.95915	14.29730	-47.86840	LAX_LV_EPICARDIAL	7	1.0	7
47.33785	15.89859	-45.70162	LAX_LV_EPICARDIAL	7	1.0	7
45.71656	17.49988	-43.53483	LAX_LV_EPICARDIAL	7	1.0	7
45.49505	19.10117	-41.23332	LAX_LV_EPICARDIAL	7	1.0	7
43.87375	20.70247	-39.06653	LAX_LV_EPICARDIAL	7	1.0	7
42.25246	22.30376	-36.89975	LAX_LV_EPICARDIAL	7	1.0	7
40.63116	23.90505	-34.73296	LAX_LV_EPICARDIAL	7	1.0	7
39.00987	25.50634	-32.56617	LAX_LV_EPICARDIAL	7	1.0	7
35.98879	27.10763	-30.53411	LAX_LV_EPICARDIAL	7	1.0	7
34.36750	28.70892	-28.36733	LAX_LV_EPICARDIAL	7	1.0	7
31.45718	29.50957	-27.48602	LAX_LV_EPICARDIAL	7	1.0	7
28.54686	30.31022	-26.60471	LAX_LV_EPICARDIAL	7	1.0	7
25.63654	31.11086	-25.72341	LAX_LV_EPICARDIAL	7	1.0	7
22.72622	31.91151	-24.84210	LAX_LV_EPICARDIAL	7	1.0	7
19.92666	31.91151	-25.11155	LAX_LV_EPICARDIAL	7	1.0	7
-19.00565	19.90184	-46.27990	LAX_LV_ENDOCARDIAL	7	1.0	7
-17.38435	18.30055	-48.44668	LAX_LV_ENDOCARDIAL	7	1.0	7
-14.36328	16.69925	-50.47875	LAX_LV_ENDOCARDIAL	7	1.0	7
-12.74198	15.09796	-52.64553	LAX_LV_ENDOCARDIAL	7	1.0	7
-11.12069	13.49667	-54.81232	LAX_LV_ENDOCARDIAL	7	1.0	7
-8.09961	11.89538	-56.84438	LAX_LV_ENDOCARDIAL	7	1.0	7
-6.47832	10.29409	-59.01117	LAX_LV_ENDOCARDIAL	7	1.0	7
-3.45724	8.69279	-61.04323	LAX_LV_ENDOCARDIAL	7	1.0	7
-0.43617	7.09150	-63.07529	LAX_LV_ENDOCARDIAL	7	1.0	7
2.58491	5.49021	-65.10735	LAX_LV_ENDOCARDIAL	7	1.0	7
4.20620	3.88892	-67.27414	LAX_LV_ENDOCARDIAL	7	1.0	7
7.22728	2.28763	-69.30620	LAX_LV_ENDOCARDIAL	7	1.0	7
8.84857	0.68634	-71.47299	LAX_LV_ENDOCARDIAL	7	1.0	7
10.46987	-0.91496	-73.63977	LAX_LV_ENDOCARDIAL	7	1.0	7
13.49094	-2.51625	-75.67183	LAX_LV_ENDOCARDIAL	7	1.0	7
15.11224	-4.11754	-77.83862	LAX_LV_ENDOCARDIAL	7	1.0	7
18.13331	-5.71883	-79.87068	LAX_LV_ENDOCARDIAL	7	1.0	7
19.75461	-7.32012	-82.03747	LAX_LV_ENDOCARDIAL	7	1.0	7
22.77568	-8.92142	-84.06953	LAX_LV_ENDOCARDIAL	7	1.0	7
25.79676	-10.52271	-86.10159	LAX_LV_ENDOCARDIAL	7	1.0	7
28.81783	-12.12400	-88.13365	LAX_LV_ENDOCARDIAL	7	1.0	7
31.72815	-12.92465	-89.01496	LAX_LV_ENDOCARDIAL	7	1.0	7
34.74923	-14.52594	-91.04702	LAX_LV_ENDOCARDIAL	7	1.0	7
37.54879	-14.52594	-90.77757	LAX_LV_ENDOCARDIAL	7	1.0	7
40.34835	-14.52594	-90.50812	LAX_LV_ENDOCARDIAL	7	1.0	7
41.52662	-12.92465	-88.07189	LAX_LV_ENDOCARDIAL	7	1.0	7
41.30511	-11.32336	-85.77038	LAX_LV_ENDOCARDIAL	7	1.0	7
41.08359	-9.72207	-83.46886	LAX_LV_ENDOCARDIAL	7	1.0	7
42.26186	-8.12078	-81.03263	LAX_LV_ENDOCARDIAL	7	1.0	7
42.04035	-6.51948	-78.73112	LAX_LV_ENDOCARDIAL	7	1.0	7
41.81884	-4.91819	-76.42961	LAX_LV_ENDOCARDIAL	7	1.0	7
42.99710	-3.31690	-73.99337	LAX_LV_ENDOCARDIAL	7	1.0	7
42.77559	-1.71561	-71.69186	LAX_LV_ENDOCARDIAL	7	1.0	7
42.55408	-0.11432	-69.39035	LAX_LV_ENDOCARDIAL	7	1.0	7
42.33257	1.48697	-67.08884	LAX_LV_ENDOCARDIAL	7	1.0	7
42.11105	3.08826	-64.78733	LAX_LV_ENDOCARDIAL	7	1.0	7
41.88954	4.68955	-62.48582	LAX_LV_ENDOCARDIAL	7	1.0	7
40.26825	6.29085	-60.31903	LAX_LV_ENDOCARDIAL	7	1.0	7
40.04673	7.89214	-58.01752	LAX_LV_ENDOCARDIAL	7	1.0	7
38.42544	9.49343	-55.85073	LAX_LV_ENDOCARDIAL	7	1.0	7
36.80414	11.09472	-53.68395	LAX_LV_ENDOCARDIAL	7	1.0	7
36.58263	12.69601	-51.38244	LAX_LV_ENDOCARDIAL	7	1.0	7
34.96134	14.29730	-49.21565	LAX_LV_ENDOCARDIAL	7	1.0	7
33.34004	15.89859	-47.04886	LAX_LV_ENDOCARDIAL	7	1.0	7
33.11853	17.49989	-44.74735	LAX_LV_ENDOCARDIAL	7	1.0	7
31.49723	19.10118	-42.58057	LAX_LV_ENDOCARDIAL	7	1.0	7
29.87594	20.70247	-40.41378	LAX_LV_ENDOCARDIAL	7	1.0	7
28.25465	22.30376	-38.24699	LAX_LV_ENDOCARDIAL	7	1.0	7
26.63335	23.90505	-36.08021	LAX_LV_ENDOCARDIAL	7	1.0	7
23.61228	25.50634	-34.04815	LAX_LV_ENDOCARDIAL	7	1.0	7
21.99098	27.10764	-31.88136	LAX_LV_ENDOCARDIAL	7	1.0	7
20.36969	28.70893	-29.71457	LAX_LV_ENDOCARDIAL	7	1.0	7
17.34861	30.31022	-27.68251	LAX_LV_ENDOCARDIAL	7	1.0	7
-47.47495	3.08829	-73.40971	LAX_RV_EPICARDIAL	7	1.0	7
-50.16375	2.28764	-74.82991	LAX_RV_EPICARDIAL	7	1.0	7
-51.34202	0.68635	-77.26615	LAX_RV_EPICARDIAL	7	1.0	7
-52.52029	-0.91494	-79.70238	LAX_RV_EPICARDIAL	7	1.0	7
-52.29878	-2.51623	-82.00389	LAX_RV_EPICARDIAL	7	1.0	7
-50.67748	-4.11752	-84.17068	LAX_RV_EPICARDIAL	7	1.0	7
-49.05619	-5.71881	-86.33746	LAX_RV_EPICARDIAL	7	1.0	7
-47.43489	-7.32010	-88.50425	LAX_RV_EPICARDIAL	7	1.0	7
-44.52457	-8.12075	-89.38556	LAX_RV_EPICARDIAL	7	1.0	7
-41.50350	-9.72204	-91.41762	LAX_RV_EPICARDIAL	7	1.0	7
-38.59318	-10.52269	-92.29893	LAX_RV_EPICARDIAL	7	1.0	7
-35.68286	-11.32334	-93.18023	LAX_RV_EPICARDIAL	7	1.0	7
-32.66179	-12.92463	-95.21229	LAX_RV_EPICARDIAL	7	1.0	7
-29.75147	-13.72527	-96.09360	LAX_RV_EPICARDIAL	7	1.0	7
-26.84115	-14.52592	-96.97491	LAX_RV_EPICARDIAL	7	1.0	7
-23.93083	-15.32657	-97.85621	LAX_RV_EPICARDIAL	7	1.0	7
-21.02051	-16.12721	-98.73752	LAX_RV_EPICARDIAL	7	1.0	7
-18.11019	-16.92786	-99.61882	LAX_RV_EPICARDIAL	7	1.0	7
-15.19987	-17.72851	-100.50013	LAX_RV_EPICARDIAL	7	1.0	7
-12.28955	-18.52915	-101.38144	LAX_RV_EPICARDIAL	7	1.0	7
-9.37923	-19.32980	-102.26274	LAX_RV_EPICARDIAL	7	1.0	7
-6.57967	-19.32980	-101.99329	LAX_RV_EPICARDIAL	7	1.0	7
-3.66935	-20.13045	-102.87460	LAX_RV_EPICARDIAL	7	1.0	7
-0.75903	-20.93109	-103.75591	LAX_RV_EPICARDIAL	7	1.0	7
2.04053	-20.93109	-103.48646	LAX_RV_EPICARDIAL	7	1.0	7
4.95085	-21.73174	-104.36776	LAX_RV_EPICARDIAL	7	1.0	7
7.75041	-21.73174	-104.09831	LAX_RV_EPICARDIAL	7	1.0	7
10.54997	-21.73174	-103.82886	LAX_RV_EPICARDIAL	7	1.0	7
13.34954	-21.73174	-103.55941	LAX_RV_EPICARDIAL	7	1.0	7
16.25986	-22.53239	-104.44072	LAX_RV_EPICARDIAL	7	1.0	7
19.05942	-22.53239	-104.17127	LAX_RV_EPICARDIAL	7	1.0	7
21.85898	-22.53239	-103.90182	LAX_RV_EPICARDIAL	7	1.0	7
24.54779	-21.73175	-102.48162	LAX_RV_EPICARDIAL	7	1.0	7
27.12584	-20.13046	-99.91066	LAX_RV_EPICARDIAL	7	1.0	7
25.39378	-17.72852	-96.59311	LAX_RV_EPICARDIAL	7	1.0	7
17.12710	31.91151	-25.38100	MITRAL_VALVE	7	1.0	7
-17.93814	22.30377	-42.69291	MITRAL_VALVE	7	1.0	7
-23.71872	13.49667	-56.02484	TRICUSPID_VALVE	7	1.0	7
-46.18592	3.88893	-72.12423	TRICUSPID_VALVE	7	1.0	7
38.10257	-18.52917	-96.53135	APEX_POINT	7	1.0	7
-10.61073	-18.58987	-3.94819	LAX_RV_FREEWALL	11	1.0	7
-10.23242	-18.57999	-6.73512	LAX_RV_FREEWALL	11	1.0	7
-9.85411	-18.57011	-9.52204	LAX_RV_FREEWALL	11	1.0	7
-9.47580	-18.56023	-12.30896	LAX_RV_FREEWALL	11	1.0	7
-9.01207	-19.95399	-15.08927	LAX_RV_FREEWALL	11	1.0	7
-8.63376	-19.94411	-17.87619	LAX_RV_FREEWALL	11	1.0	7
-8.25545	-19.93423	-20.66311	LAX_RV_FREEWALL	11	1.0	7
-7.79172	-21.32799	-23.44342	LAX_RV_FREEWALL	11	1.0	7
-7.41341	-21.31812	-26.23034	LAX_RV_FREEWALL	11	1.0	7
-7.03509	-21.30824	-29.01726	LAX_RV_FREEWALL	11	1.0	7
-6.57136	-22.70200	-31.79757	LAX_RV_FREEWALL	11	1.0	7
-6.10764	-24.09576	-34.57787	LAX_RV_FREEWALL	11	1.0	7
-5.72932	-24.08588	-37.36479	LAX_RV_FREEWALL	11	1.0	7
-5.35101	-24.07600	-40.15172	LAX_RV_FREEWALL	11	1.0	7
-4.97270	-24.06612	-42.93864	LAX_RV_FREEWALL	11	1.0	7
-4.59439	-24.05624	-45.72556	LAX_RV_FREEWALL	11	1.0	7
-4.21608	-24.04636	-48.51249	LAX_RV_FREEWALL	11	1.0	7
-3.75235	-25.44012	-51.29279	LAX_RV_FREEWALL	11	1.0	7
-3.37404	-25.43024	-54.07971	LAX_RV_FREEWALL	11	1.0	7
-3.08114	-24.01673	-56.87325	LAX_RV_FREEWALL	11	1.0	7
-2.70283	-24.00685	-59.66018	LAX_RV_FREEWALL	11	1.0	7
-2.23910	-25.40061	-62.44048	LAX_RV_FREEWALL	11	1.0	7
-1.86079	-25.39073	-65.22740	LAX_RV_FREEWALL	11	1.0	7
-1.39706	-26.78449	-68.00771	LAX_RV_FREEWALL	11	1.0	7
-1.01875	-26.77461	-70.79463	LAX_RV_FREEWALL	11	1.0	7
-0.72585	-25.36109	-73.58817	LAX_RV_FREEWALL	11	1.0	7
-0.34754	-25.35121	-76.37510	LAX_RV_FREEWALL	11	1.0	7
0.11619	-26.74497	-79.15540	LAX_RV_FREEWALL	11	1.0	7
0.49450	-26.73509	-81.94232	LAX_RV_FREEWALL	11	1.0	7
0.87281	-26.72521	-84.72925	LAX_RV_FREEWALL	11	1.0	7
1.25113	-26.71534	-87.51617	LAX_RV_FREEWALL	11	1.0	7
1.62944	-26.70546	-90.30309	LAX_RV_FREEWALL	11	1.0	7
2.00775	-26.69558	-93.09002	LAX_RV_FREEWALL	11	1.0	7
2.30065	-25.28206	-95.88356	LAX_RV_FREEWALL	11	1.0	7
2.59354	-23.86854	-98.67710	LAX_RV_FREEWALL	11	1.0	7
2.88644	-22.45503	-101.47064	LAX_RV_FREEWALL	11	1.0	7
2.90476	-19.64281	-102.87734	LAX_RV_FREEWALL	11	1.0	7
2.73393	-16.83553	-102.89058	LAX_RV_FREEWALL	11	1.0	7
2.56310	-14.02826	-102.90382	LAX_RV_FREEWALL	11	1.0	7
2.39227	-11.22098	-102.91706	LAX_RV_FREEWALL	11	1.0	7
2.03228	-8.41864	-101.53684	LAX_RV_FREEWALL	11	1.0	7
1.48314	-5.62124	-98.76315	LAX_RV_FREEWALL	11	1.0	7
1.12315	-2.81890	-97.38293	LAX_RV_FREEWALL	11	1.0	7
0.57400	-0.02151	-94.60925	LAX_RV_FREEWALL	11	1.0	7
0.02486	2.77589	-91.83556	LAX_RV_FREEWALL	11	1.0	7
-0.52428	5.57329	-89.06188	LAX_RV_FREEWALL	11	1.0	7
-0.90260	5.56341	-86.27495	LAX_RV_FREEWALL	11	1.0	7
-1.11008	2.74626	-83.47479	LAX_RV_SEPTUM	11	1.0	7
-1.12840	-0.06596	-82.06809	LAX_RV_SEPTUM	11	1.0	7
-1.14672	-2.87818	-80.66139	LAX_RV_SEPTUM	11	1.0	7
-1.16505	-5.69039	-79.25469	LAX_RV_SEPTUM	11	1.0	7
-1.37253	-8.50755	-76.45453	LAX_RV_SEPTUM	11	1.0	7
-1.58001	-11.32471	-73.65437	LAX_RV_SEPTUM	11	1.0	7
-1.95832	-11.33458	-70.86744	LAX_RV_SEPTUM	11	1.0	7
-2.25122	-12.74810	-68.07390	LAX_RV_SEPTUM	11	1.0	7
-2.62953	-12.75798	-65.28698	LAX_RV_SEPTUM	11	1.0	7
-3.00784	-12.76786	-62.50006	LAX_RV_SEPTUM	11	1.0	7
-3.30074	-14.18138	-59.70651	LAX_RV_SEPTUM	11	1.0	7
-3.59363	-15.59489	-56.91297	LAX_RV_SEPTUM	11	1.0	7
-3.97195	-15.60477	-54.12605	LAX_RV_SEPTUM	11	1.0	7
-4.35026	-15.61465	-51.33912	LAX_RV_SEPTUM	11	1.0	7
-4.81399	-14.22089	-48.55882	LAX_RV_SEPTUM	11	1.0	7
-5.27772	-12.82713	-45.77852	LAX_RV_SEPTUM	11	1.0	7
-5.74144	-11.43337	-42.99821	LAX_RV_SEPTUM	11	1.0	7
-6.20517	-10.03961	-40.21791	LAX_RV_SEPTUM	11	1.0	7
-6.58348	-10.04949	-37.43099	LAX_RV_SEPTUM	11	1.0	7
-7.04721	-8.65573	-34.65068	LAX_RV_SEPTUM	11	1.0	7
-7.42552	-8.66561	-31.86376	LAX_RV_SEPTUM	11	1.0	7
-7.88925	-7.27185	-29.08346	LAX_RV_SEPTUM	11	1.0	7
-8.26756	-7.28173	-26.29653	LAX_RV_SEPTUM	11	1.0	7
-8.73129	-5.88797	-23.51623	LAX_RV_SEPTUM	11	1.0	7
-9.19502	-4.49421	-20.73593	LAX_RV_SEPTUM	11	1.0	7
-9.65875	-3.10045	-17.95562	LAX_RV_SEPTUM	11	1.0	7
-10.12248	-1.70669	-15.17532	LAX_RV_SEPTUM	11	1.0	7
-10.52532	-19.99351	-3.94157	LAX_RV_EPICARDIAL	11	1.0	7
-10.06159	-21.38727	-6.72188	LAX_RV_EPICARDIAL	11	1.0	7
-9.68328	-21.37739	-9.50880	LAX_RV_EPICARDIAL	11	1.0	7
-9.21955	-22.77115	-12.28910	LAX_RV_EPICARDIAL	11	1.0	7
-8.84124	-22.76127	-15.07603	LAX_RV_EPICARDIAL	11	1.0	7
-8.37751	-24.15503	-17.85633	LAX_RV_EPICARDIAL	11	1.0	7
-7.99920	-24.14515	-20.64325	LAX_RV_EPICARDIAL	11	1.0	7
-7.53547	-25.53891	-23.42356	LAX_RV_EPICARDIAL	11	1.0	7
-7.15716	-25.52903	-26.21048	LAX_RV_EPICARDIAL	11	1.0	7
-6.69343	-26.92279	-28.99078	LAX_RV_EPICARDIAL	11	1.0	7
-6.31512	-26.91291	-31.77771	LAX_RV_EPICARDIAL	11	1.0	7
-5.85139	-28.30667	-34.55801	LAX_RV_EPICARDIAL	11	1.0	7
-5.47308	-28.29679	-37.34493	LAX_RV_EPICARDIAL	11	1.0	7
-5.09476	-28.28691	-40.13186	LAX_RV_EPICARDIAL	11	1.0	7
-4.63104	-29.68067	-42.91216	LAX_RV_EPICARDIAL	11	1.0	7
-4.25272	-29.67080	-45.69908	LAX_RV_EPICARDIAL	11	1.0	7
-3.87441	-29.66092	-48.48601	LAX_RV_EPICARDIAL	11	1.0	7
-3.58152	-28.24740	-51.27955	LAX_RV_EPICARDIAL	11	1.0	7
-3.28862	-26.83388	-54.07309	LAX_RV_EPICARDIAL	11	1.0	7
-2.91031	-26.82400	-56.86002	LAX_RV_EPICARDIAL	11	1.0	7
-2.44658	-28.21776	-59.64032	LAX_RV_EPICARDIAL	11	1.0	7
-2.06827	-28.20788	-62.42724	LAX_RV_EPICARDIAL	11	1.0	7
-1.60454	-29.60164	-65.20755	LAX_RV_EPICARDIAL	11	1.0	7
-1.14081	-30.99540	-67.98785	LAX_RV_EPICARDIAL	11	1.0	7
-0.84791	-29.58189	-70.78139	LAX_RV_EPICARDIAL	11	1.0	7
-0.46960	-29.57201	-73.56832	LAX_RV_EPICARDIAL	11	1.0	7
-0.09129	-29.56213	-76.35524	LAX_RV_EPICARDIAL	11	1.0	7
0.28702	-29.55225	-79.14216	LAX_RV_EPICARDIAL	11	1.0	7
0.75075	-30.94601	-81.92247	LAX_RV_EPICARDIAL	11	1.0	7
1.12906	-30.93613	-84.70939	LAX_RV_EPICARDIAL	11	1.0	7
1.50737	-30.92625	-87.49631	LAX_RV_EPICARDIAL	11	1.0	7
1.80027	-29.51273	-90.28985	LAX_RV_EPICARDIAL	11	1.0	7
2.17858	-29.50286	-93.07678	LAX_RV_EPICARDIAL	11	1.0	7
2.55690	-29.49298	-95.86370	LAX_RV_EPICARDIAL	11	1.0	7
2.84979	-28.07946	-98.65724	LAX_RV_EPICARDIAL	11	1.0	7
3.14269	-26.66594	-101.45079	LAX_RV_EPICARDIAL	11	1.0	7
3.43558	-25.25242	-104.24433	LAX_RV_EPICARDIAL	11	1.0	7
3.64306	-22.43527	-107.04449	LAX_RV_EPICARDIAL	11	1.0	7
3.47223	-19.62799	-107.05773	LAX_RV_EPICARDIAL	11	1.0	7
3.30140	-16.82071	-107.07097	LAX_RV_EPICARDIAL	11	1.0	7
3.13057	-14.01344	-107.08421	LAX_RV_EPICARDIAL	11	1.0	7
2.95974	-11.20616	-107.09745	LAX_RV_EPICARDIAL	11	1.0	7
2.78891	-8.39888	-107.11068	LAX_RV_EPICARDIAL	11	1.0	7
2.42892	-5.59655	-105.73046	LAX_RV_EPICARDIAL	11	1.0	7
2.06893	-2.79421	-104.35024	LAX_RV_EPICARDIAL	11	1.0	7
1.70894	0.00813	-102.97002	LAX_RV_EPICARDIAL	11	1.0	7
1.15980	2.80553	-100.19633	LAX_RV_EPICARDIAL	11	1.0	7
0.69607	4.19929	-97.41603	LAX_RV_EPICARDIAL	11	1.0	7
0.33608	7.00163	-96.03580	LAX_RV_EPICARDIAL	11	1.0	7
-0.21306	9.79902	-93.26212	LAX_RV_EPICARDIAL	11	1.0	7
-0.67679	11.19278	-90.48182	LAX_RV_EPICARDIAL	11	1.0	7
-1.14052	12.58654	-87.70151	LAX_RV_EPICARDIAL	11	1.0	7
-1.15884	9.77433	-86.29481	LAX_RV_EPICARDIAL	11	1.0	7
-0.98801	6.96705	-86.28157	LAX_RV_EPICARDIAL	11	1.0	7
-10.98905	-18.59975	-1.16127	PULMONARY_VALVE	11	1.0	7
-10.77536	-0.31787	-11.00155	PULMONARY_VALVE	11	1.0	7
