x	y	z	contour type	frameID	weight	time frame
14.94797	12.18911	-22.85561	SAX_LV_EPICARDIAL	2	1.0	6
16.01021	14.39865	-24.23393	SAX_LV_EPICARDIAL	2	1.0	6
18.18630	16.60818	-24.75382	SAX_LV_EPICARDIAL	2	1.0	6
18.13470	18.81772	-26.99055	SAX_LV_EPICARDIAL	2	1.0	6
20.31078	21.02726	-27.51044	SAX_LV_EPICARDIAL	2	1.0	6
21.37302	23.23679	-28.88876	SAX_LV_EPICARDIAL	2	1.0	6
22.43527	25.44633	-30.26707	SAX_LV_EPICARDIAL	2	1.0	6
23.49751	27.65587	-31.64538	SAX_LV_EPICARDIAL	2	1.0	6
24.55975	29.86540	-33.02370	SAX_LV_EPICARDIAL	2	1.0	6
25.62199	32.07494	-34.40201	SAX_LV_EPICARDIAL	2	1.0	6
25.57039	34.28447	-36.63875	SAX_LV_EPICARDIAL	2	1.0	6
25.51879	36.49401	-38.87548	SAX_LV_EPICARDIAL	2	1.0	6
24.35334	38.70354	-41.97064	SAX_LV_EPICARDIAL	2	1.0	6
5.36639	40.91306	-58.80057	SAX_LV_EPICARDIAL	2	1.0	6
3.66982	42.01783	-61.20657	SAX_LV_EPICARDIAL	2	1.0	6
0.91101	40.91306	-62.23426	SAX_LV_EPICARDIAL	2	1.0	6
-1.84780	39.80829	-63.26195	SAX_LV_EPICARDIAL	2	1.0	6
-4.07549	39.80828	-64.97879	SAX_LV_EPICARDIAL	2	1.0	6
-1.31668	40.91305	-63.95110	SAX_LV_EPICARDIAL	2	1.0	6
0.85941	43.12259	-64.47099	SAX_LV_EPICARDIAL	2	1.0	6
3.03549	45.33213	-64.99088	SAX_LV_EPICARDIAL	2	1.0	6
6.32542	47.54167	-64.65235	SAX_LV_EPICARDIAL	2	1.0	6
9.08423	48.64644	-63.62466	SAX_LV_EPICARDIAL	2	1.0	6
11.31192	48.64644	-61.90782	SAX_LV_EPICARDIAL	2	1.0	6
14.07073	49.75121	-60.88013	SAX_LV_EPICARDIAL	2	1.0	6
16.29842	49.75121	-59.16328	SAX_LV_EPICARDIAL	2	1.0	6
18.52611	49.75122	-57.44644	SAX_LV_EPICARDIAL	2	1.0	6
20.75380	49.75122	-55.72959	SAX_LV_EPICARDIAL	2	1.0	6
22.98148	49.75122	-54.01275	SAX_LV_EPICARDIAL	2	1.0	6
24.67805	48.64645	-51.60674	SAX_LV_EPICARDIAL	2	1.0	6
26.90574	48.64646	-49.88990	SAX_LV_EPICARDIAL	2	1.0	6
28.60231	47.54169	-47.48390	SAX_LV_EPICARDIAL	2	1.0	6
30.29888	46.43692	-45.07789	SAX_LV_EPICARDIAL	2	1.0	6
31.46432	44.22739	-41.98273	SAX_LV_EPICARDIAL	2	1.0	6
32.62977	42.01786	-38.88758	SAX_LV_EPICARDIAL	2	1.0	6
32.68137	39.80832	-36.65084	SAX_LV_EPICARDIAL	2	1.0	6
32.73297	37.59878	-34.41410	SAX_LV_EPICARDIAL	2	1.0	6
32.78458	35.38925	-32.17737	SAX_LV_EPICARDIAL	2	1.0	6
31.72233	33.17971	-30.79905	SAX_LV_EPICARDIAL	2	1.0	6
31.77394	30.97018	-28.56232	SAX_LV_EPICARDIAL	2	1.0	6
30.71169	28.76064	-27.18400	SAX_LV_EPICARDIAL	2	1.0	6
29.64945	26.55110	-25.80569	SAX_LV_EPICARDIAL	2	1.0	6
28.58721	24.34157	-24.42738	SAX_LV_EPICARDIAL	2	1.0	6
27.52497	22.13203	-23.04906	SAX_LV_EPICARDIAL	2	1.0	6
26.46273	19.92249	-21.67075	SAX_LV_EPICARDIAL	2	1.0	6
24.28664	17.71296	-21.15086	SAX_LV_EPICARDIAL	2	1.0	6
22.11055	15.50342	-20.63097	SAX_LV_EPICARDIAL	2	1.0	6
18.82062	13.29388	-20.96950	SAX_LV_EPICARDIAL	2	1.0	6
16.06181	12.18911	-21.99719	SAX_LV_EPICARDIAL	2	1.0	6
22.70838	37.59877	-42.13991	SAX_LV_ENDOCARDIAL	2	1.0	6
21.01181	38.70354	-44.54591	SAX_LV_ENDOCARDIAL	2	1.0	6
18.78412	38.70354	-46.26276	SAX_LV_ENDOCARDIAL	2	1.0	6
16.55643	38.70354	-47.97960	SAX_LV_ENDOCARDIAL	2	1.0	6
14.32874	38.70353	-49.69645	SAX_LV_ENDOCARDIAL	2	1.0	6
12.10105	38.70353	-51.41329	SAX_LV_ENDOCARDIAL	2	1.0	6
9.87337	38.70353	-53.13014	SAX_LV_ENDOCARDIAL	2	1.0	6
8.17680	39.80830	-55.53614	SAX_LV_ENDOCARDIAL	2	1.0	6
6.48023	40.91306	-57.94214	SAX_LV_ENDOCARDIAL	2	1.0	6
5.89751	42.01783	-59.48972	SAX_LV_ENDOCARDIAL	2	1.0	6
8.65632	43.12260	-58.46203	SAX_LV_ENDOCARDIAL	2	1.0	6
10.88401	43.12260	-56.74519	SAX_LV_ENDOCARDIAL	2	1.0	6
13.64281	44.22737	-55.71750	SAX_LV_ENDOCARDIAL	2	1.0	6
16.40162	45.33214	-54.68981	SAX_LV_ENDOCARDIAL	2	1.0	6
18.09819	44.22738	-52.28381	SAX_LV_ENDOCARDIAL	2	1.0	6
19.79476	43.12261	-49.87781	SAX_LV_ENDOCARDIAL	2	1.0	6
21.49133	42.01784	-47.47180	SAX_LV_ENDOCARDIAL	2	1.0	6
23.18789	40.91308	-45.06580	SAX_LV_ENDOCARDIAL	2	1.0	6
23.23950	38.70354	-42.82907	SAX_LV_ENDOCARDIAL	2	1.0	6
-27.12903	-27.48640	-44.27949	SAX_RV_FREEWALL	3	1.0	6
-28.82560	-26.38164	-46.68549	SAX_RV_FREEWALL	3	1.0	6
-31.05329	-26.38164	-48.40234	SAX_RV_FREEWALL	3	1.0	6
-33.28098	-26.38164	-50.11918	SAX_RV_FREEWALL	3	1.0	6
-35.50867	-26.38164	-51.83603	SAX_RV_FREEWALL	3	1.0	6
-37.20523	-25.27688	-54.24203	SAX_RV_FREEWALL	3	1.0	6
-39.43292	-25.27688	-55.95888	SAX_RV_FREEWALL	3	1.0	6
-41.12949	-24.17211	-58.36488	SAX_RV_FREEWALL	3	1.0	6
-42.82606	-23.06735	-60.77088	SAX_RV_FREEWALL	3	1.0	6
-44.52262	-21.96258	-63.17688	SAX_RV_FREEWALL	3	1.0	6
-46.21919	-20.85782	-65.58289	SAX_RV_FREEWALL	3	1.0	6
-47.38464	-18.64828	-68.67805	SAX_RV_FREEWALL	3	1.0	6
-48.55008	-16.43875	-71.77321	SAX_RV_FREEWALL	3	1.0	6
-48.60169	-14.22921	-74.00994	SAX_RV_FREEWALL	3	1.0	6
-47.53945	-12.01968	-75.38826	SAX_RV_FREEWALL	3	1.0	6
-47.59105	-9.81014	-77.62499	SAX_RV_FREEWALL	3	1.0	6
-46.52881	-7.60060	-79.00330	SAX_RV_FREEWALL	3	1.0	6
-44.35272	-5.39107	-79.52320	SAX_RV_FREEWALL	3	1.0	6
-42.17663	-3.18153	-80.04309	SAX_RV_FREEWALL	3	1.0	6
-40.00055	-0.97199	-80.56298	SAX_RV_FREEWALL	3	1.0	6
-37.82446	1.23755	-81.08287	SAX_RV_FREEWALL	3	1.0	6
-34.53453	3.44709	-80.74434	SAX_RV_FREEWALL	3	1.0	6
-32.35845	5.65662	-81.26423	SAX_RV_FREEWALL	3	1.0	6
-30.18236	7.86616	-81.78412	SAX_RV_FREEWALL	3	1.0	6
-28.00627	10.07570	-82.30401	SAX_RV_FREEWALL	3	1.0	6
-25.24746	11.18047	-81.27632	SAX_RV_FREEWALL	3	1.0	6
-22.48865	12.28524	-80.24863	SAX_RV_FREEWALL	3	1.0	6
-19.72984	13.39001	-79.22094	SAX_RV_FREEWALL	3	1.0	6
-16.97104	14.49478	-78.19325	SAX_RV_FREEWALL	3	1.0	6
-14.74335	14.49478	-76.47641	SAX_RV_FREEWALL	3	1.0	6
5.49716	-17.54346	-29.02133	SAX_RV_FREEWALL	3	1.0	6
2.73835	-18.64823	-30.04902	SAX_RV_FREEWALL	3	1.0	6
0.51066	-18.64823	-31.76587	SAX_RV_FREEWALL	3	1.0	6
-2.24815	-19.75300	-32.79355	SAX_RV_FREEWALL	3	1.0	6
-5.53808	-21.96254	-33.13209	SAX_RV_FREEWALL	3	1.0	6
-8.29689	-23.06731	-34.15978	SAX_RV_FREEWALL	3	1.0	6
-11.05570	-24.17208	-35.18746	SAX_RV_FREEWALL	3	1.0	6
-13.81450	-25.27685	-36.21515	SAX_RV_FREEWALL	3	1.0	6
-16.04219	-25.27686	-37.93200	SAX_RV_FREEWALL	3	1.0	6
-18.80100	-26.38163	-38.95969	SAX_RV_FREEWALL	3	1.0	6
-21.02869	-26.38163	-40.67653	SAX_RV_FREEWALL	3	1.0	6
-23.78750	-27.48640	-41.70422	SAX_RV_FREEWALL	3	1.0	6
-26.01519	-27.48640	-43.42107	SAX_RV_FREEWALL	3	1.0	6
-31.48121	-31.90548	-43.23971	SAX_RV_EPICARDIAL	3	1.0	6
-33.17777	-30.80071	-45.64571	SAX_RV_EPICARDIAL	3	1.0	6
-35.40546	-30.80071	-47.36256	SAX_RV_EPICARDIAL	3	1.0	6
-37.10203	-29.69595	-49.76856	SAX_RV_EPICARDIAL	3	1.0	6
-39.32972	-29.69595	-51.48541	SAX_RV_EPICARDIAL	3	1.0	6
-41.02628	-28.59118	-53.89141	SAX_RV_EPICARDIAL	3	1.0	6
-43.25397	-28.59119	-55.60825	SAX_RV_EPICARDIAL	3	1.0	6
-44.95054	-27.48642	-58.01426	SAX_RV_EPICARDIAL	3	1.0	6
-46.64711	-26.38166	-60.42026	SAX_RV_EPICARDIAL	3	1.0	6
-48.34368	-25.27689	-62.82626	SAX_RV_EPICARDIAL	3	1.0	6
-49.50912	-23.06735	-65.92142	SAX_RV_EPICARDIAL	3	1.0	6
-50.67457	-20.85782	-69.01658	SAX_RV_EPICARDIAL	3	1.0	6
-52.37114	-19.75305	-71.42258	SAX_RV_EPICARDIAL	3	1.0	6
-52.42274	-17.54352	-73.65932	SAX_RV_EPICARDIAL	3	1.0	6
-51.36050	-15.33398	-75.03763	SAX_RV_EPICARDIAL	3	1.0	6
-51.41210	-13.12445	-77.27437	SAX_RV_EPICARDIAL	3	1.0	6
-50.34986	-10.91491	-78.65268	SAX_RV_EPICARDIAL	3	1.0	6
-49.28762	-8.70537	-80.03099	SAX_RV_EPICARDIAL	3	1.0	6
-48.22537	-6.49584	-81.40931	SAX_RV_EPICARDIAL	3	1.0	6
-47.16313	-4.28630	-82.78762	SAX_RV_EPICARDIAL	3	1.0	6
-46.10089	-2.07676	-84.16593	SAX_RV_EPICARDIAL	3	1.0	6
-42.81096	0.13277	-83.82740	SAX_RV_EPICARDIAL	3	1.0	6
-40.63487	2.34231	-84.34729	SAX_RV_EPICARDIAL	3	1.0	6
-38.45879	4.55185	-84.86718	SAX_RV_EPICARDIAL	3	1.0	6
-36.28270	6.76139	-85.38707	SAX_RV_EPICARDIAL	3	1.0	6
-32.99277	8.97093	-85.04854	SAX_RV_EPICARDIAL	3	1.0	6
-29.70284	11.18047	-84.71001	SAX_RV_EPICARDIAL	3	1.0	6
-26.41291	13.39000	-84.37148	SAX_RV_EPICARDIAL	3	1.0	6
-23.65410	14.49477	-83.34379	SAX_RV_EPICARDIAL	3	1.0	6
-20.36417	16.70431	-83.00526	SAX_RV_EPICARDIAL	3	1.0	6
-17.60536	17.80908	-81.97757	SAX_RV_EPICARDIAL	3	1.0	6
-14.84655	18.91385	-80.94988	SAX_RV_EPICARDIAL	3	1.0	6
-12.61886	18.91386	-79.23303	SAX_RV_EPICARDIAL	3	1.0	6
-9.86005	20.01863	-78.20534	SAX_RV_EPICARDIAL	3	1.0	6
-11.93294	13.39002	-73.21198	SAX_RV_EPICARDIAL	3	1.0	6
8.20437	-14.22916	-30.23038	SAX_RV_EPICARDIAL	3	1.0	6
11.01478	-15.33392	-26.96595	SAX_RV_EPICARDIAL	3	1.0	6
8.83869	-17.54346	-26.44606	SAX_RV_EPICARDIAL	3	1.0	6
6.66261	-19.75300	-25.92617	SAX_RV_EPICARDIAL	3	1.0	6
3.90380	-20.85777	-26.95386	SAX_RV_EPICARDIAL	3	1.0	6
1.14499	-21.96254	-27.98155	SAX_RV_EPICARDIAL	3	1.0	6
-1.61382	-23.06731	-29.00924	SAX_RV_EPICARDIAL	3	1.0	6
-4.90375	-25.27685	-29.34777	SAX_RV_EPICARDIAL	3	1.0	6
-7.66256	-26.38162	-30.37546	SAX_RV_EPICARDIAL	3	1.0	6
-10.42137	-27.48639	-31.40315	SAX_RV_EPICARDIAL	3	1.0	6
-13.18018	-28.59116	-32.43084	SAX_RV_EPICARDIAL	3	1.0	6
-15.93899	-29.69593	-33.45853	SAX_RV_EPICARDIAL	3	1.0	6
-18.16668	-29.69593	-35.17537	SAX_RV_EPICARDIAL	3	1.0	6
-20.92549	-30.80070	-36.20306	SAX_RV_EPICARDIAL	3	1.0	6
-23.15317	-30.80070	-37.91991	SAX_RV_EPICARDIAL	3	1.0	6
-25.38086	-30.80070	-39.63675	SAX_RV_EPICARDIAL	3	1.0	6
-28.13967	-31.90548	-40.66444	SAX_RV_EPICARDIAL	3	1.0	6
-30.36736	-31.90548	-42.38129	SAX_RV_EPICARDIAL	3	1.0	6
-13.04678	13.39002	-74.07040	SAX_RV_SEPTUM	3	1.0	6
-12.46406	12.28525	-72.52282	SAX_RV_SEPTUM	3	1.0	6
-12.41245	10.07571	-70.28609	SAX_RV_SEPTUM	3	1.0	6
-12.36085	7.86618	-68.04935	SAX_RV_SEPTUM	3	1.0	6
-12.30925	5.65664	-65.81262	SAX_RV_SEPTUM	3	1.0	6
-12.25765	3.44711	-63.57588	SAX_RV_SEPTUM	3	1.0	6
-12.20604	1.23757	-61.33914	SAX_RV_SEPTUM	3	1.0	6
-12.15444	-0.97196	-59.10241	SAX_RV_SEPTUM	3	1.0	6
-12.10284	-3.18150	-56.86567	SAX_RV_SEPTUM	3	1.0	6
-10.93739	-5.39103	-53.77051	SAX_RV_SEPTUM	3	1.0	6
-9.77195	-7.60057	-50.67535	SAX_RV_SEPTUM	3	1.0	6
-8.60650	-9.81010	-47.58019	SAX_RV_SEPTUM	3	1.0	6
-6.90993	-10.91487	-45.17419	SAX_RV_SEPTUM	3	1.0	6
-5.21337	-12.01963	-42.76819	SAX_RV_SEPTUM	3	1.0	6
-2.98568	-12.01963	-41.05134	SAX_RV_SEPTUM	3	1.0	6
-1.28911	-13.12440	-38.64534	SAX_RV_SEPTUM	3	1.0	6
0.93858	-13.12439	-36.92849	SAX_RV_SEPTUM	3	1.0	6
3.16627	-13.12439	-35.21165	SAX_RV_SEPTUM	3	1.0	6
5.39396	-13.12439	-33.49480	SAX_RV_SEPTUM	3	1.0	6
7.09052	-14.22916	-31.08880	SAX_RV_SEPTUM	3	1.0	6
7.67325	-15.33392	-29.54122	SAX_RV_SEPTUM	3	1.0	6
-9.22573	16.70432	-74.42103	SAX_LV_EPICARDIAL	3	1.0	6
-8.16349	18.91386	-75.79934	SAX_LV_EPICARDIAL	3	1.0	6
-7.10124	21.12340	-77.17765	SAX_LV_EPICARDIAL	3	1.0	6
-4.92516	23.33294	-77.69755	SAX_LV_EPICARDIAL	3	1.0	6
-2.74907	25.54247	-78.21744	SAX_LV_EPICARDIAL	3	1.0	6
-0.57299	27.75201	-78.73733	SAX_LV_EPICARDIAL	3	1.0	6
2.71694	29.96155	-78.39879	SAX_LV_EPICARDIAL	3	1.0	6
6.00687	32.17109	-78.06026	SAX_LV_EPICARDIAL	3	1.0	6
9.29680	34.38063	-77.72173	SAX_LV_EPICARDIAL	3	1.0	6
12.05561	35.48540	-76.69404	SAX_LV_EPICARDIAL	3	1.0	6
15.34554	37.69494	-76.35551	SAX_LV_EPICARDIAL	3	1.0	6
18.10435	38.79971	-75.32782	SAX_LV_EPICARDIAL	3	1.0	6
20.86316	39.90448	-74.30013	SAX_LV_EPICARDIAL	3	1.0	6
23.09085	39.90448	-72.58329	SAX_LV_EPICARDIAL	3	1.0	6
25.84966	41.00925	-71.55560	SAX_LV_EPICARDIAL	3	1.0	6
28.07735	41.00925	-69.83875	SAX_LV_EPICARDIAL	3	1.0	6
30.30504	41.00925	-68.12191	SAX_LV_EPICARDIAL	3	1.0	6
32.53273	41.00926	-66.40506	SAX_LV_EPICARDIAL	3	1.0	6
34.76041	41.00926	-64.68821	SAX_LV_EPICARDIAL	3	1.0	6
36.98810	41.00926	-62.97137	SAX_LV_EPICARDIAL	3	1.0	6
38.68467	39.90449	-60.56537	SAX_LV_EPICARDIAL	3	1.0	6
40.91236	39.90450	-58.84852	SAX_LV_EPICARDIAL	3	1.0	6
42.60893	38.79973	-56.44252	SAX_LV_EPICARDIAL	3	1.0	6
43.77437	36.59020	-53.34736	SAX_LV_EPICARDIAL	3	1.0	6
45.47094	35.48543	-50.94136	SAX_LV_EPICARDIAL	3	1.0	6
46.63639	33.27590	-47.84620	SAX_LV_EPICARDIAL	3	1.0	6
46.68799	31.06636	-45.60946	SAX_LV_EPICARDIAL	3	1.0	6
46.73959	28.85683	-43.37273	SAX_LV_EPICARDIAL	3	1.0	6
46.79119	26.64729	-41.13599	SAX_LV_EPICARDIAL	3	1.0	6
46.84280	24.43775	-38.89925	SAX_LV_EPICARDIAL	3	1.0	6
46.89440	22.22822	-36.66252	SAX_LV_EPICARDIAL	3	1.0	6
45.83216	20.01868	-35.28420	SAX_LV_EPICARDIAL	3	1.0	6
44.76992	17.80915	-33.90589	SAX_LV_EPICARDIAL	3	1.0	6
44.82152	15.59961	-31.66915	SAX_LV_EPICARDIAL	3	1.0	6
43.75928	13.39007	-30.29084	SAX_LV_EPICARDIAL	3	1.0	6
41.58319	11.18054	-29.77095	SAX_LV_EPICARDIAL	3	1.0	6
40.52095	8.97100	-28.39264	SAX_LV_EPICARDIAL	3	1.0	6
39.45871	6.76146	-27.01432	SAX_LV_EPICARDIAL	3	1.0	6
37.28262	4.55193	-26.49443	SAX_LV_EPICARDIAL	3	1.0	6
36.22038	2.34239	-25.11612	SAX_LV_EPICARDIAL	3	1.0	6
34.04429	0.13285	-24.59623	SAX_LV_EPICARDIAL	3	1.0	6
31.86821	-2.07669	-24.07634	SAX_LV_EPICARDIAL	3	1.0	6
28.57828	-4.28623	-24.41487	SAX_LV_EPICARDIAL	3	1.0	6
26.40219	-6.49576	-23.89498	SAX_LV_EPICARDIAL	3	1.0	6
23.11226	-8.70530	-24.23351	SAX_LV_EPICARDIAL	3	1.0	6
20.35345	-9.81007	-25.26120	SAX_LV_EPICARDIAL	3	1.0	6
17.59464	-10.91484	-26.28889	SAX_LV_EPICARDIAL	3	1.0	6
14.83583	-12.01961	-27.31658	SAX_LV_EPICARDIAL	3	1.0	6
12.07702	-13.12438	-28.34427	SAX_LV_EPICARDIAL	3	1.0	6
9.06020	-3.18148	-40.55564	SAX_LV_ENDOCARDIAL	3	1.0	6
7.36363	-2.07671	-42.96164	SAX_LV_ENDOCARDIAL	3	1.0	6
5.66707	-0.97194	-45.36764	SAX_LV_ENDOCARDIAL	3	1.0	6
3.43938	-0.97195	-47.08449	SAX_LV_ENDOCARDIAL	3	1.0	6
2.27393	1.23759	-50.17965	SAX_LV_ENDOCARDIAL	3	1.0	6
1.10848	3.44712	-53.27481	SAX_LV_ENDOCARDIAL	3	1.0	6
-0.05696	5.65666	-56.36996	SAX_LV_ENDOCARDIAL	3	1.0	6
-1.22241	7.86619	-59.46512	SAX_LV_ENDOCARDIAL	3	1.0	6
-1.27401	10.07573	-61.70186	SAX_LV_ENDOCARDIAL	3	1.0	6
-0.21177	12.28526	-63.08017	SAX_LV_ENDOCARDIAL	3	1.0	6
-0.26337	14.49480	-65.31691	SAX_LV_ENDOCARDIAL	3	1.0	6
0.79887	16.70433	-66.69522	SAX_LV_ENDOCARDIAL	3	1.0	6
1.86111	18.91387	-68.07354	SAX_LV_ENDOCARDIAL	3	1.0	6
2.92335	21.12341	-69.45185	SAX_LV_ENDOCARDIAL	3	1.0	6
5.09944	23.33295	-69.97174	SAX_LV_ENDOCARDIAL	3	1.0	6
7.27553	25.54248	-70.49163	SAX_LV_ENDOCARDIAL	3	1.0	6
10.56546	27.75202	-70.15310	SAX_LV_ENDOCARDIAL	3	1.0	6
13.32427	28.85679	-69.12541	SAX_LV_ENDOCARDIAL	3	1.0	6
16.61420	31.06633	-68.78688	SAX_LV_ENDOCARDIAL	3	1.0	6
19.37300	32.17110	-67.75919	SAX_LV_ENDOCARDIAL	3	1.0	6
21.60069	32.17110	-66.04234	SAX_LV_ENDOCARDIAL	3	1.0	6
24.35950	33.27587	-65.01465	SAX_LV_ENDOCARDIAL	3	1.0	6
26.58719	33.27588	-63.29781	SAX_LV_ENDOCARDIAL	3	1.0	6
28.81488	33.27588	-61.58096	SAX_LV_ENDOCARDIAL	3	1.0	6
31.04257	33.27588	-59.86412	SAX_LV_ENDOCARDIAL	3	1.0	6
33.27026	33.27588	-58.14727	SAX_LV_ENDOCARDIAL	3	1.0	6
34.96682	32.17112	-55.74127	SAX_LV_ENDOCARDIAL	3	1.0	6
36.66339	31.06635	-53.33527	SAX_LV_ENDOCARDIAL	3	1.0	6
37.82884	28.85682	-50.24011	SAX_LV_ENDOCARDIAL	3	1.0	6
38.99428	26.64728	-47.14495	SAX_LV_ENDOCARDIAL	3	1.0	6
39.04589	24.43775	-44.90821	SAX_LV_ENDOCARDIAL	3	1.0	6
39.09749	22.22821	-42.67148	SAX_LV_ENDOCARDIAL	3	1.0	6
39.14909	20.01868	-40.43474	SAX_LV_ENDOCARDIAL	3	1.0	6
38.08685	17.80914	-39.05643	SAX_LV_ENDOCARDIAL	3	1.0	6
37.02461	15.59960	-37.67811	SAX_LV_ENDOCARDIAL	3	1.0	6
35.96237	13.39007	-36.29980	SAX_LV_ENDOCARDIAL	3	1.0	6
33.78628	11.18053	-35.77991	SAX_LV_ENDOCARDIAL	3	1.0	6
32.72404	8.97099	-34.40160	SAX_LV_ENDOCARDIAL	3	1.0	6
30.54795	6.76145	-33.88170	SAX_LV_ENDOCARDIAL	3	1.0	6
29.48571	4.55192	-32.50339	SAX_LV_ENDOCARDIAL	3	1.0	6
27.30962	2.34238	-31.98350	SAX_LV_ENDOCARDIAL	3	1.0	6
25.13354	0.13284	-31.46361	SAX_LV_ENDOCARDIAL	3	1.0	6
21.84361	-2.07670	-31.80214	SAX_LV_ENDOCARDIAL	3	1.0	6
19.61592	-2.07670	-33.51899	SAX_LV_ENDOCARDIAL	3	1.0	6
16.85711	-3.18147	-34.54668	SAX_LV_ENDOCARDIAL	3	1.0	6
14.62942	-3.18147	-36.26352	SAX_LV_ENDOCARDIAL	3	1.0	6
12.40173	-3.18147	-37.98037	SAX_LV_ENDOCARDIAL	3	1.0	6
10.17404	-3.18148	-39.69721	SAX_LV_ENDOCARDIAL	3	1.0	6
7.67325	-15.33392	-29.54122	RV_INSERT	3	1.0	6
-13.04678	13.39002	-74.07040	RV_INSERT	3	1.0	6
-29.93428	-31.80881	-70.58743	SAX_RV_FREEWALL	4	1.0	6
-31.63085	-30.70404	-72.99343	SAX_RV_FREEWALL	4	1.0	6
-33.32742	-29.59928	-75.39943	SAX_RV_FREEWALL	4	1.0	6
-34.49286	-27.38974	-78.49459	SAX_RV_FREEWALL	4	1.0	6
-35.65831	-25.18021	-81.58975	SAX_RV_FREEWALL	4	1.0	6
-35.70991	-22.97067	-83.82649	SAX_RV_FREEWALL	4	1.0	6
-35.76152	-20.76114	-86.06322	SAX_RV_FREEWALL	4	1.0	6
-35.81312	-18.55160	-88.29996	SAX_RV_FREEWALL	4	1.0	6
-34.75088	-16.34206	-89.67827	SAX_RV_FREEWALL	4	1.0	6
-32.57479	-14.13253	-90.19816	SAX_RV_FREEWALL	4	1.0	6
-29.28486	-11.92299	-89.85963	SAX_RV_FREEWALL	4	1.0	6
-27.10877	-9.71345	-90.37952	SAX_RV_FREEWALL	4	1.0	6
-24.93269	-7.50391	-90.89941	SAX_RV_FREEWALL	4	1.0	6
-22.75660	-5.29437	-91.41930	SAX_RV_FREEWALL	4	1.0	6
-19.46667	-3.08484	-91.08077	SAX_RV_FREEWALL	4	1.0	6
-16.17674	-0.87530	-90.74224	SAX_RV_FREEWALL	4	1.0	6
-12.88681	1.33424	-90.40371	SAX_RV_FREEWALL	4	1.0	6
-9.59688	3.54378	-90.06517	SAX_RV_FREEWALL	4	1.0	6
-6.83807	4.64855	-89.03749	SAX_RV_FREEWALL	4	1.0	6
-4.61038	4.64855	-87.32064	SAX_RV_FREEWALL	4	1.0	6
-1.85157	5.75332	-86.29295	SAX_RV_FREEWALL	4	1.0	6
3.85736	-24.07540	-52.23411	SAX_RV_FREEWALL	4	1.0	6
1.62967	-24.07540	-53.95095	SAX_RV_FREEWALL	4	1.0	6
-1.12914	-25.18017	-54.97864	SAX_RV_FREEWALL	4	1.0	6
-3.35683	-25.18018	-56.69549	SAX_RV_FREEWALL	4	1.0	6
-5.58452	-25.18018	-58.41233	SAX_RV_FREEWALL	4	1.0	6
-8.34333	-26.28495	-59.44002	SAX_RV_FREEWALL	4	1.0	6
-11.10214	-27.38972	-60.46771	SAX_RV_FREEWALL	4	1.0	6
-13.86094	-28.49449	-61.49540	SAX_RV_FREEWALL	4	1.0	6
-16.61975	-29.59926	-62.52309	SAX_RV_FREEWALL	4	1.0	6
-19.37856	-30.70403	-63.55078	SAX_RV_FREEWALL	4	1.0	6
-21.60625	-30.70403	-65.26762	SAX_RV_FREEWALL	4	1.0	6
-24.36506	-31.80880	-66.29531	SAX_RV_FREEWALL	4	1.0	6
-26.59275	-31.80880	-68.01216	SAX_RV_FREEWALL	4	1.0	6
-28.82044	-31.80881	-69.72900	SAX_RV_FREEWALL	4	1.0	6
-33.75533	-35.12312	-70.23680	SAX_RV_EPICARDIAL	4	1.0	6
-35.45190	-34.01835	-72.64281	SAX_RV_EPICARDIAL	4	1.0	6
-37.14847	-32.91358	-75.04881	SAX_RV_EPICARDIAL	4	1.0	6
-38.31392	-30.70405	-78.14397	SAX_RV_EPICARDIAL	4	1.0	6
-38.36552	-28.49451	-80.38070	SAX_RV_EPICARDIAL	4	1.0	6
-39.53096	-26.28498	-83.47586	SAX_RV_EPICARDIAL	4	1.0	6
-39.58257	-24.07544	-85.71260	SAX_RV_EPICARDIAL	4	1.0	6
-39.63417	-21.86591	-87.94933	SAX_RV_EPICARDIAL	4	1.0	6
-38.57193	-19.65637	-89.32765	SAX_RV_EPICARDIAL	4	1.0	6
-37.50968	-17.44683	-90.70596	SAX_RV_EPICARDIAL	4	1.0	6
-36.44744	-15.23730	-92.08428	SAX_RV_EPICARDIAL	4	1.0	6
-34.27136	-13.02776	-92.60417	SAX_RV_EPICARDIAL	4	1.0	6
-32.09527	-10.81822	-93.12406	SAX_RV_EPICARDIAL	4	1.0	6
-29.91918	-8.60869	-93.64395	SAX_RV_EPICARDIAL	4	1.0	6
-27.74310	-6.39915	-94.16384	SAX_RV_EPICARDIAL	4	1.0	6
-25.56701	-4.18961	-94.68373	SAX_RV_EPICARDIAL	4	1.0	6
-23.39093	-1.98007	-95.20362	SAX_RV_EPICARDIAL	4	1.0	6
-20.10100	0.22947	-94.86509	SAX_RV_EPICARDIAL	4	1.0	6
-16.81107	2.43901	-94.52655	SAX_RV_EPICARDIAL	4	1.0	6
-14.05226	3.54378	-93.49887	SAX_RV_EPICARDIAL	4	1.0	6
-10.76233	5.75331	-93.16033	SAX_RV_EPICARDIAL	4	1.0	6
-8.00352	6.85809	-92.13264	SAX_RV_EPICARDIAL	4	1.0	6
-5.24471	7.96286	-91.10496	SAX_RV_EPICARDIAL	4	1.0	6
-2.48590	9.06763	-90.07727	SAX_RV_EPICARDIAL	4	1.0	6
0.27291	10.17240	-89.04958	SAX_RV_EPICARDIAL	4	1.0	6
2.50060	10.17240	-87.33273	SAX_RV_EPICARDIAL	4	1.0	6
2.02108	6.85810	-84.40684	SAX_RV_EPICARDIAL	4	1.0	6
8.26113	-21.86586	-51.03715	SAX_RV_EPICARDIAL	4	1.0	6
7.78161	-25.18016	-48.11126	SAX_RV_EPICARDIAL	4	1.0	6
5.02280	-26.28493	-49.13895	SAX_RV_EPICARDIAL	4	1.0	6
2.26400	-27.38971	-50.16664	SAX_RV_EPICARDIAL	4	1.0	6
0.03631	-27.38971	-51.88348	SAX_RV_EPICARDIAL	4	1.0	6
-2.19138	-27.38971	-53.60033	SAX_RV_EPICARDIAL	4	1.0	6
-4.41907	-27.38971	-55.31718	SAX_RV_EPICARDIAL	4	1.0	6
-7.17788	-28.49448	-56.34486	SAX_RV_EPICARDIAL	4	1.0	6
-9.93669	-29.59925	-57.37255	SAX_RV_EPICARDIAL	4	1.0	6
-13.22662	-31.80879	-57.71109	SAX_RV_EPICARDIAL	4	1.0	6
-15.98543	-32.91356	-58.73877	SAX_RV_EPICARDIAL	4	1.0	6
-18.74424	-34.01833	-59.76646	SAX_RV_EPICARDIAL	4	1.0	6
-20.97193	-34.01833	-61.48331	SAX_RV_EPICARDIAL	4	1.0	6
-23.73074	-35.12311	-62.51100	SAX_RV_EPICARDIAL	4	1.0	6
-25.95842	-35.12311	-64.22784	SAX_RV_EPICARDIAL	4	1.0	6
-28.18611	-35.12311	-65.94469	SAX_RV_EPICARDIAL	4	1.0	6
-30.41380	-35.12311	-67.66153	SAX_RV_EPICARDIAL	4	1.0	6
-32.64149	-35.12311	-69.37838	SAX_RV_EPICARDIAL	4	1.0	6
0.90724	6.85809	-85.26526	SAX_RV_SEPTUM	4	1.0	6
1.48996	5.75333	-83.71768	SAX_RV_SEPTUM	4	1.0	6
0.42772	3.54379	-82.33937	SAX_RV_SEPTUM	4	1.0	6
-0.63452	1.33425	-80.96106	SAX_RV_SEPTUM	4	1.0	6
-1.69677	-0.87528	-79.58274	SAX_RV_SEPTUM	4	1.0	6
-1.64516	-3.08482	-77.34601	SAX_RV_SEPTUM	4	1.0	6
-1.59356	-5.29435	-75.10927	SAX_RV_SEPTUM	4	1.0	6
-2.65580	-7.50389	-73.73096	SAX_RV_SEPTUM	4	1.0	6
-2.60420	-9.71343	-71.49422	SAX_RV_SEPTUM	4	1.0	6
-1.43875	-11.92296	-68.39906	SAX_RV_SEPTUM	4	1.0	6
-0.27331	-14.13249	-65.30390	SAX_RV_SEPTUM	4	1.0	6
0.89214	-16.34203	-62.20874	SAX_RV_SEPTUM	4	1.0	6
2.58871	-17.44679	-59.80274	SAX_RV_SEPTUM	4	1.0	6
3.75415	-19.65633	-56.70758	SAX_RV_SEPTUM	4	1.0	6
5.98184	-19.65633	-54.99074	SAX_RV_SEPTUM	4	1.0	6
7.67841	-20.76109	-52.58473	SAX_RV_SEPTUM	4	1.0	6
6.61617	-22.97063	-51.20642	SAX_RV_SEPTUM	4	1.0	6
12.71651	-21.86586	-47.60346	SAX_LV_EPICARDIAL	4	1.0	6
11.01994	-20.76109	-50.00946	SAX_LV_EPICARDIAL	4	1.0	6
4.72829	10.17240	-85.61589	SAX_LV_EPICARDIAL	4	1.0	6
6.90437	12.38194	-86.13578	SAX_LV_EPICARDIAL	4	1.0	6
9.08046	14.59148	-86.65567	SAX_LV_EPICARDIAL	4	1.0	6
12.37039	16.80102	-86.31714	SAX_LV_EPICARDIAL	4	1.0	6
15.66032	19.01055	-85.97860	SAX_LV_EPICARDIAL	4	1.0	6
18.95025	21.22009	-85.64007	SAX_LV_EPICARDIAL	4	1.0	6
21.12634	23.42963	-86.15996	SAX_LV_EPICARDIAL	4	1.0	6
23.88515	24.53440	-85.13227	SAX_LV_EPICARDIAL	4	1.0	6
26.64396	25.63917	-84.10458	SAX_LV_EPICARDIAL	4	1.0	6
29.40277	26.74394	-83.07689	SAX_LV_EPICARDIAL	4	1.0	6
32.16157	27.84871	-82.04921	SAX_LV_EPICARDIAL	4	1.0	6
34.38926	27.84871	-80.33236	SAX_LV_EPICARDIAL	4	1.0	6
36.61695	27.84872	-78.61551	SAX_LV_EPICARDIAL	4	1.0	6
38.84464	27.84872	-76.89867	SAX_LV_EPICARDIAL	4	1.0	6
41.07233	27.84872	-75.18182	SAX_LV_EPICARDIAL	4	1.0	6
43.30002	27.84872	-73.46498	SAX_LV_EPICARDIAL	4	1.0	6
44.99658	26.74396	-71.05898	SAX_LV_EPICARDIAL	4	1.0	6
46.69315	25.63919	-68.65297	SAX_LV_EPICARDIAL	4	1.0	6
48.38972	24.53443	-66.24697	SAX_LV_EPICARDIAL	4	1.0	6
50.08629	23.42966	-63.84097	SAX_LV_EPICARDIAL	4	1.0	6
51.25173	21.22012	-60.74581	SAX_LV_EPICARDIAL	4	1.0	6
52.41718	19.01059	-57.65065	SAX_LV_EPICARDIAL	4	1.0	6
52.46878	16.80105	-55.41391	SAX_LV_EPICARDIAL	4	1.0	6
52.52038	14.59152	-53.17718	SAX_LV_EPICARDIAL	4	1.0	6
52.57199	12.38198	-50.94044	SAX_LV_EPICARDIAL	4	1.0	6
52.62359	10.17245	-48.70371	SAX_LV_EPICARDIAL	4	1.0	6
51.56135	7.96291	-47.32539	SAX_LV_EPICARDIAL	4	1.0	6
50.49911	5.75338	-45.94708	SAX_LV_EPICARDIAL	4	1.0	6
49.43686	3.54384	-44.56877	SAX_LV_EPICARDIAL	4	1.0	6
48.37462	1.33430	-43.19045	SAX_LV_EPICARDIAL	4	1.0	6
47.31238	-0.87523	-41.81214	SAX_LV_EPICARDIAL	4	1.0	6
45.13629	-3.08477	-41.29225	SAX_LV_EPICARDIAL	4	1.0	6
44.07405	-5.29431	-39.91393	SAX_LV_EPICARDIAL	4	1.0	6
41.89797	-7.50385	-39.39404	SAX_LV_EPICARDIAL	4	1.0	6
39.72188	-9.71338	-38.87415	SAX_LV_EPICARDIAL	4	1.0	6
37.54579	-11.92292	-38.35426	SAX_LV_EPICARDIAL	4	1.0	6
35.36971	-14.13246	-37.83437	SAX_LV_EPICARDIAL	4	1.0	6
32.07978	-16.34200	-38.17290	SAX_LV_EPICARDIAL	4	1.0	6
29.32097	-17.44677	-39.20059	SAX_LV_EPICARDIAL	4	1.0	6
26.56216	-18.55154	-40.22828	SAX_LV_EPICARDIAL	4	1.0	6
23.80335	-19.65631	-41.25597	SAX_LV_EPICARDIAL	4	1.0	6
21.04454	-20.76108	-42.28366	SAX_LV_EPICARDIAL	4	1.0	6
18.81685	-20.76108	-44.00051	SAX_LV_EPICARDIAL	4	1.0	6
16.05804	-21.86585	-45.02819	SAX_LV_EPICARDIAL	4	1.0	6
13.83035	-21.86585	-46.74504	SAX_LV_EPICARDIAL	4	1.0	6
19.19317	-13.02771	-51.39987	SAX_LV_ENDOCARDIAL	4	1.0	6
17.49660	-11.92294	-53.80587	SAX_LV_ENDOCARDIAL	4	1.0	6
15.26891	-11.92294	-55.52272	SAX_LV_ENDOCARDIAL	4	1.0	6
13.57234	-10.81818	-57.92872	SAX_LV_ENDOCARDIAL	4	1.0	6
11.87577	-9.71341	-60.33472	SAX_LV_ENDOCARDIAL	4	1.0	6
10.71033	-7.50388	-63.42988	SAX_LV_ENDOCARDIAL	4	1.0	6
10.12760	-6.39911	-64.97746	SAX_LV_ENDOCARDIAL	4	1.0	6
8.96216	-4.18958	-68.07262	SAX_LV_ENDOCARDIAL	4	1.0	6
8.91056	-1.98004	-70.30936	SAX_LV_ENDOCARDIAL	4	1.0	6
8.85895	0.22950	-72.54609	SAX_LV_ENDOCARDIAL	4	1.0	6
8.80735	2.43903	-74.78283	SAX_LV_ENDOCARDIAL	4	1.0	6
9.86959	4.64857	-76.16114	SAX_LV_ENDOCARDIAL	4	1.0	6
10.93183	6.85810	-77.53946	SAX_LV_ENDOCARDIAL	4	1.0	6
13.10792	9.06764	-78.05935	SAX_LV_ENDOCARDIAL	4	1.0	6
14.17016	11.27718	-79.43766	SAX_LV_ENDOCARDIAL	4	1.0	6
16.34625	13.48672	-79.95755	SAX_LV_ENDOCARDIAL	4	1.0	6
18.52233	15.69625	-80.47744	SAX_LV_ENDOCARDIAL	4	1.0	6
21.81227	17.90579	-80.13891	SAX_LV_ENDOCARDIAL	4	1.0	6
24.57107	19.01056	-79.11122	SAX_LV_ENDOCARDIAL	4	1.0	6
27.32988	20.11533	-78.08353	SAX_LV_ENDOCARDIAL	4	1.0	6
29.55757	20.11534	-76.36669	SAX_LV_ENDOCARDIAL	4	1.0	6
31.78526	20.11534	-74.64984	SAX_LV_ENDOCARDIAL	4	1.0	6
34.54407	21.22011	-73.62215	SAX_LV_ENDOCARDIAL	4	1.0	6
36.24064	20.11534	-71.21615	SAX_LV_ENDOCARDIAL	4	1.0	6
38.46833	20.11534	-69.49930	SAX_LV_ENDOCARDIAL	4	1.0	6
40.69601	20.11535	-67.78246	SAX_LV_ENDOCARDIAL	4	1.0	6
42.39258	19.01058	-65.37646	SAX_LV_ENDOCARDIAL	4	1.0	6
43.55803	16.80105	-62.28130	SAX_LV_ENDOCARDIAL	4	1.0	6
44.72348	14.59151	-59.18614	SAX_LV_ENDOCARDIAL	4	1.0	6
44.77508	12.38198	-56.94940	SAX_LV_ENDOCARDIAL	4	1.0	6
44.82668	10.17244	-54.71267	SAX_LV_ENDOCARDIAL	4	1.0	6
44.87828	7.96291	-52.47593	SAX_LV_ENDOCARDIAL	4	1.0	6
43.81604	5.75337	-51.09762	SAX_LV_ENDOCARDIAL	4	1.0	6
42.75380	3.54383	-49.71930	SAX_LV_ENDOCARDIAL	4	1.0	6
41.69156	1.33430	-48.34099	SAX_LV_ENDOCARDIAL	4	1.0	6
39.51547	-0.87524	-47.82110	SAX_LV_ENDOCARDIAL	4	1.0	6
37.33938	-3.08478	-47.30121	SAX_LV_ENDOCARDIAL	4	1.0	6
35.16330	-5.29432	-46.78132	SAX_LV_ENDOCARDIAL	4	1.0	6
31.87337	-7.50386	-47.11985	SAX_LV_ENDOCARDIAL	4	1.0	6
29.69728	-9.71339	-46.59996	SAX_LV_ENDOCARDIAL	4	1.0	6
26.93847	-10.81816	-47.62765	SAX_LV_ENDOCARDIAL	4	1.0	6
24.17966	-11.92293	-48.65534	SAX_LV_ENDOCARDIAL	4	1.0	6
21.42085	-13.02771	-49.68302	SAX_LV_ENDOCARDIAL	4	1.0	6
0.90724	6.85809	-85.26526	RV_INSERT	4	1.0	6
6.61617	-22.97063	-51.20642	RV_INSERT	4	1.0	6
-5.68256	-26.18828	-85.92982	SAX_RV_FREEWALL	5	1.0	6
-7.37913	-25.08351	-88.33582	SAX_RV_FREEWALL	5	1.0	6
-9.07569	-23.97874	-90.74182	SAX_RV_FREEWALL	5	1.0	6
-8.01345	-21.76921	-92.12014	SAX_RV_FREEWALL	5	1.0	6
-6.95121	-19.55967	-93.49845	SAX_RV_FREEWALL	5	1.0	6
-4.77512	-17.35013	-94.01834	SAX_RV_FREEWALL	5	1.0	6
-2.59904	-15.14060	-94.53823	SAX_RV_FREEWALL	5	1.0	6
0.69089	-12.93106	-94.19970	SAX_RV_FREEWALL	5	1.0	6
3.98082	-10.72152	-93.86117	SAX_RV_FREEWALL	5	1.0	6
7.27075	-8.51198	-93.52263	SAX_RV_FREEWALL	5	1.0	6
10.56068	-6.30244	-93.18410	SAX_RV_FREEWALL	5	1.0	6
13.31949	-5.19767	-92.15641	SAX_RV_FREEWALL	5	1.0	6
10.92190	-21.76919	-77.52695	SAX_RV_FREEWALL	5	1.0	6
8.69421	-21.76919	-79.24379	SAX_RV_FREEWALL	5	1.0	6
5.93540	-22.87396	-80.27148	SAX_RV_FREEWALL	5	1.0	6
3.17659	-23.97873	-81.29917	SAX_RV_FREEWALL	5	1.0	6
0.41778	-25.08350	-82.32686	SAX_RV_FREEWALL	5	1.0	6
-2.34103	-26.18827	-83.35455	SAX_RV_FREEWALL	5	1.0	6
-4.56871	-26.18828	-85.07140	SAX_RV_FREEWALL	5	1.0	6
-14.49011	-30.60736	-88.32373	SAX_RV_EPICARDIAL	5	1.0	6
-16.18668	-29.50259	-90.72973	SAX_RV_EPICARDIAL	5	1.0	6
-16.23828	-27.29305	-92.96647	SAX_RV_EPICARDIAL	5	1.0	6
-15.17604	-25.08352	-94.34478	SAX_RV_EPICARDIAL	5	1.0	6
-14.11379	-22.87398	-95.72309	SAX_RV_EPICARDIAL	5	1.0	6
-11.93771	-20.66444	-96.24298	SAX_RV_EPICARDIAL	5	1.0	6
-9.76162	-18.45491	-96.76288	SAX_RV_EPICARDIAL	5	1.0	6
-7.58554	-16.24537	-97.28277	SAX_RV_EPICARDIAL	5	1.0	6
-5.40945	-14.03583	-97.80266	SAX_RV_EPICARDIAL	5	1.0	6
-2.11952	-11.82629	-97.46412	SAX_RV_EPICARDIAL	5	1.0	6
1.17041	-9.61675	-97.12559	SAX_RV_EPICARDIAL	5	1.0	6
4.46034	-7.40721	-96.78706	SAX_RV_EPICARDIAL	5	1.0	6
7.21915	-6.30244	-95.75937	SAX_RV_EPICARDIAL	5	1.0	6
10.50908	-4.09290	-95.42084	SAX_RV_EPICARDIAL	5	1.0	6
13.26789	-2.98813	-94.39315	SAX_RV_EPICARDIAL	5	1.0	6
16.02670	-1.88336	-93.36546	SAX_RV_EPICARDIAL	5	1.0	6
18.25439	-1.88336	-91.64862	SAX_RV_EPICARDIAL	5	1.0	6
15.37728	-21.76918	-74.09326	SAX_RV_EPICARDIAL	5	1.0	6
16.54272	-23.97872	-70.99810	SAX_RV_EPICARDIAL	5	1.0	6
13.78391	-25.08349	-72.02579	SAX_RV_EPICARDIAL	5	1.0	6
11.55623	-25.08349	-73.74263	SAX_RV_EPICARDIAL	5	1.0	6
9.32854	-25.08349	-75.45948	SAX_RV_EPICARDIAL	5	1.0	6
7.10085	-25.08350	-77.17632	SAX_RV_EPICARDIAL	5	1.0	6
4.34204	-26.18827	-78.20401	SAX_RV_EPICARDIAL	5	1.0	6
1.05211	-28.39780	-78.54255	SAX_RV_EPICARDIAL	5	1.0	6
-1.70670	-29.50258	-79.57023	SAX_RV_EPICARDIAL	5	1.0	6
-4.46551	-30.60735	-80.59792	SAX_RV_EPICARDIAL	5	1.0	6
-6.69320	-30.60735	-82.31477	SAX_RV_EPICARDIAL	5	1.0	6
-8.92089	-30.60735	-84.03161	SAX_RV_EPICARDIAL	5	1.0	6
-11.14858	-30.60735	-85.74846	SAX_RV_EPICARDIAL	5	1.0	6
-13.37626	-30.60735	-87.46531	SAX_RV_EPICARDIAL	5	1.0	6
15.54718	-5.19767	-90.43957	SAX_RV_SEPTUM	5	1.0	6
16.12990	-6.30243	-88.89199	SAX_RV_SEPTUM	5	1.0	6
15.06766	-8.51197	-87.51368	SAX_RV_SEPTUM	5	1.0	6
15.11926	-10.72151	-85.27694	SAX_RV_SEPTUM	5	1.0	6
14.05702	-12.93104	-83.89863	SAX_RV_SEPTUM	5	1.0	6
14.10863	-15.14058	-81.66189	SAX_RV_SEPTUM	5	1.0	6
14.16023	-17.35011	-79.42515	SAX_RV_SEPTUM	5	1.0	6
14.21183	-19.55965	-77.18842	SAX_RV_SEPTUM	5	1.0	6
15.37728	-21.76918	-74.09326	SAX_RV_SEPTUM	5	1.0	6
13.14959	-21.76919	-75.81010	SAX_RV_SEPTUM	5	1.0	6
20.46698	-25.08348	-66.87525	SAX_LV_EPICARDIAL	5	1.0	6
18.77041	-23.97872	-69.28125	SAX_LV_EPICARDIAL	5	1.0	6
19.95096	-2.98813	-89.24261	SAX_LV_EPICARDIAL	5	1.0	6
22.12704	-0.77859	-89.76250	SAX_LV_EPICARDIAL	5	1.0	6
24.30313	1.43095	-90.28239	SAX_LV_EPICARDIAL	5	1.0	6
27.59306	3.64049	-89.94386	SAX_LV_EPICARDIAL	5	1.0	6
30.35187	4.74526	-88.91617	SAX_LV_EPICARDIAL	5	1.0	6
33.11068	5.85003	-87.88848	SAX_LV_EPICARDIAL	5	1.0	6
35.86949	6.95480	-86.86080	SAX_LV_EPICARDIAL	5	1.0	6
38.62830	8.05957	-85.83311	SAX_LV_EPICARDIAL	5	1.0	6
40.85598	8.05957	-84.11626	SAX_LV_EPICARDIAL	5	1.0	6
43.08367	8.05957	-82.39942	SAX_LV_EPICARDIAL	5	1.0	6
45.31136	8.05957	-80.68257	SAX_LV_EPICARDIAL	5	1.0	6
47.00793	6.95481	-78.27657	SAX_LV_EPICARDIAL	5	1.0	6
48.70450	5.85004	-75.87057	SAX_LV_EPICARDIAL	5	1.0	6
50.40106	4.74528	-73.46456	SAX_LV_EPICARDIAL	5	1.0	6
52.09763	3.64051	-71.05856	SAX_LV_EPICARDIAL	5	1.0	6
53.26308	1.43098	-67.96340	SAX_LV_EPICARDIAL	5	1.0	6
53.31468	-0.77856	-65.72667	SAX_LV_EPICARDIAL	5	1.0	6
53.36628	-2.98809	-63.48993	SAX_LV_EPICARDIAL	5	1.0	6
53.41788	-5.19763	-61.25319	SAX_LV_EPICARDIAL	5	1.0	6
52.35564	-7.40717	-59.87488	SAX_LV_EPICARDIAL	5	1.0	6
51.29340	-9.61670	-58.49657	SAX_LV_EPICARDIAL	5	1.0	6
50.23116	-11.82624	-57.11825	SAX_LV_EPICARDIAL	5	1.0	6
48.05507	-14.03578	-56.59836	SAX_LV_EPICARDIAL	5	1.0	6
45.87899	-16.24532	-56.07847	SAX_LV_EPICARDIAL	5	1.0	6
43.70290	-18.45485	-55.55858	SAX_LV_EPICARDIAL	5	1.0	6
40.41297	-20.66439	-55.89711	SAX_LV_EPICARDIAL	5	1.0	6
37.12304	-22.87393	-56.23564	SAX_LV_EPICARDIAL	5	1.0	6
34.36423	-23.97870	-57.26333	SAX_LV_EPICARDIAL	5	1.0	6
31.60542	-25.08347	-58.29102	SAX_LV_EPICARDIAL	5	1.0	6
29.37773	-25.08347	-60.00787	SAX_LV_EPICARDIAL	5	1.0	6
27.15004	-25.08348	-61.72471	SAX_LV_EPICARDIAL	5	1.0	6
24.92236	-25.08348	-63.44156	SAX_LV_EPICARDIAL	5	1.0	6
22.69467	-25.08348	-65.15841	SAX_LV_EPICARDIAL	5	1.0	6
29.22293	-18.45487	-66.71808	SAX_LV_ENDOCARDIAL	5	1.0	6
27.52636	-17.35010	-69.12408	SAX_LV_ENDOCARDIAL	5	1.0	6
25.82979	-16.24534	-71.53008	SAX_LV_ENDOCARDIAL	5	1.0	6
24.13322	-15.14057	-73.93608	SAX_LV_ENDOCARDIAL	5	1.0	6
24.08162	-12.93103	-76.17282	SAX_LV_ENDOCARDIAL	5	1.0	6
24.03002	-10.72150	-78.40956	SAX_LV_ENDOCARDIAL	5	1.0	6
23.97842	-8.51196	-80.64629	SAX_LV_ENDOCARDIAL	5	1.0	6
25.04066	-6.30243	-82.02461	SAX_LV_ENDOCARDIAL	5	1.0	6
27.21674	-4.09289	-82.54450	SAX_LV_ENDOCARDIAL	5	1.0	6
29.39283	-1.88335	-83.06439	SAX_LV_ENDOCARDIAL	5	1.0	6
32.15164	-0.77858	-82.03670	SAX_LV_ENDOCARDIAL	5	1.0	6
34.91045	0.32619	-81.00901	SAX_LV_ENDOCARDIAL	5	1.0	6
37.13814	0.32619	-79.29216	SAX_LV_ENDOCARDIAL	5	1.0	6
39.36583	0.32619	-77.57532	SAX_LV_ENDOCARDIAL	5	1.0	6
41.59351	0.32620	-75.85847	SAX_LV_ENDOCARDIAL	5	1.0	6
43.29008	-0.77857	-73.45247	SAX_LV_ENDOCARDIAL	5	1.0	6
44.45553	-2.98810	-70.35731	SAX_LV_ENDOCARDIAL	5	1.0	6
44.50713	-5.19764	-68.12058	SAX_LV_ENDOCARDIAL	5	1.0	6
44.55873	-7.40717	-65.88384	SAX_LV_ENDOCARDIAL	5	1.0	6
43.49649	-9.61671	-64.50553	SAX_LV_ENDOCARDIAL	5	1.0	6
41.32041	-11.82625	-63.98563	SAX_LV_ENDOCARDIAL	5	1.0	6
39.14432	-14.03579	-63.46574	SAX_LV_ENDOCARDIAL	5	1.0	6
35.85439	-16.24533	-63.80428	SAX_LV_ENDOCARDIAL	5	1.0	6
33.09558	-17.35010	-64.83197	SAX_LV_ENDOCARDIAL	5	1.0	6
30.33677	-18.45487	-65.85965	SAX_LV_ENDOCARDIAL	5	1.0	6
15.37728	-21.76918	-74.09326	RV_INSERT	5	1.0	6
15.54718	-5.19767	-90.43957	RV_INSERT	5	1.0	6
16.97680	-23.88305	-99.20474	SAX_RV_FREEWALL	6	1.0	6
16.92520	-21.67351	-101.44148	SAX_RV_FREEWALL	6	1.0	6
16.87360	-19.46398	-103.67821	SAX_RV_FREEWALL	6	1.0	6
19.04968	-17.25444	-104.19810	SAX_RV_FREEWALL	6	1.0	6
21.27737	-17.25444	-102.48126	SAX_RV_FREEWALL	6	1.0	6
23.50506	-17.25444	-100.76441	SAX_RV_FREEWALL	6	1.0	6
21.43218	-23.88304	-95.77105	SAX_RV_FREEWALL	6	1.0	6
19.20449	-23.88305	-97.48789	SAX_RV_FREEWALL	6	1.0	6
14.80072	-26.09259	-98.68485	SAX_RV_EPICARDIAL	6	1.0	6
13.63527	-23.88305	-101.78001	SAX_RV_EPICARDIAL	6	1.0	6
12.46982	-21.67352	-104.87517	SAX_RV_EPICARDIAL	6	1.0	6
13.53206	-19.46398	-106.25348	SAX_RV_EPICARDIAL	6	1.0	6
16.82200	-17.25444	-105.91495	SAX_RV_EPICARDIAL	6	1.0	6
20.11193	-15.04490	-105.57642	SAX_RV_EPICARDIAL	6	1.0	6
22.33961	-15.04490	-103.85957	SAX_RV_EPICARDIAL	6	1.0	6
24.56730	-15.04490	-102.14272	SAX_RV_EPICARDIAL	6	1.0	6
25.73275	-17.25443	-99.04757	SAX_RV_EPICARDIAL	6	1.0	6
24.77371	-23.88304	-93.19578	SAX_RV_EPICARDIAL	6	1.0	6
23.12875	-24.98781	-93.36505	SAX_RV_EPICARDIAL	6	1.0	6
20.36994	-26.09258	-94.39273	SAX_RV_EPICARDIAL	6	1.0	6
18.14225	-26.09258	-96.10958	SAX_RV_EPICARDIAL	6	1.0	6
15.91456	-26.09259	-97.82643	SAX_RV_EPICARDIAL	6	1.0	6
23.50506	-17.25444	-100.76441	SAX_RV_EPICARDIAL	6	1.0	6
25.73275	-17.25443	-99.04757	SAX_RV_EPICARDIAL	6	1.0	6
25.20163	-18.35920	-98.35841	SAX_RV_SEPTUM	6	1.0	6
25.25323	-20.56874	-96.12167	SAX_RV_SEPTUM	6	1.0	6
24.19099	-22.77827	-94.74336	SAX_RV_SEPTUM	6	1.0	6
32.14270	-29.40687	-82.02419	SAX_LV_EPICARDIAL	6	1.0	6
30.44614	-28.30211	-84.43019	SAX_LV_EPICARDIAL	6	1.0	6
28.74957	-27.19734	-86.83620	SAX_LV_EPICARDIAL	6	1.0	6
27.05300	-26.09257	-89.24220	SAX_LV_EPICARDIAL	6	1.0	6
29.07428	-17.25443	-96.47230	SAX_LV_EPICARDIAL	6	1.0	6
31.25037	-15.04489	-96.99219	SAX_LV_EPICARDIAL	6	1.0	6
33.42645	-12.83536	-97.51208	SAX_LV_EPICARDIAL	6	1.0	6
36.71638	-10.62582	-97.17355	SAX_LV_EPICARDIAL	6	1.0	6
39.47519	-9.52105	-96.14586	SAX_LV_EPICARDIAL	6	1.0	6
41.70288	-9.52104	-94.42901	SAX_LV_EPICARDIAL	6	1.0	6
43.93057	-9.52104	-92.71217	SAX_LV_EPICARDIAL	6	1.0	6
46.15826	-9.52104	-90.99532	SAX_LV_EPICARDIAL	6	1.0	6
47.85483	-10.62581	-88.58932	SAX_LV_EPICARDIAL	6	1.0	6
49.02027	-12.83534	-85.49416	SAX_LV_EPICARDIAL	6	1.0	6
49.07188	-15.04488	-83.25742	SAX_LV_EPICARDIAL	6	1.0	6
48.00963	-17.25441	-81.87911	SAX_LV_EPICARDIAL	6	1.0	6
48.06124	-19.46395	-79.64237	SAX_LV_EPICARDIAL	6	1.0	6
45.88515	-21.67348	-79.12248	SAX_LV_EPICARDIAL	6	1.0	6
43.70906	-23.88302	-78.60259	SAX_LV_EPICARDIAL	6	1.0	6
41.53298	-26.09256	-78.08270	SAX_LV_EPICARDIAL	6	1.0	6
38.24305	-28.30210	-78.42123	SAX_LV_EPICARDIAL	6	1.0	6
36.01536	-28.30210	-80.13808	SAX_LV_EPICARDIAL	6	1.0	6
33.25655	-29.40687	-81.16577	SAX_LV_EPICARDIAL	6	1.0	6
34.79831	-23.88303	-85.46997	SAX_LV_ENDOCARDIAL	6	1.0	6
33.10174	-22.77827	-87.87598	SAX_LV_ENDOCARDIAL	6	1.0	6
33.05014	-20.56873	-90.11271	SAX_LV_ENDOCARDIAL	6	1.0	6
34.11238	-18.35919	-91.49103	SAX_LV_ENDOCARDIAL	6	1.0	6
35.17462	-16.14966	-92.86934	SAX_LV_ENDOCARDIAL	6	1.0	6
38.46455	-13.94012	-92.53081	SAX_LV_ENDOCARDIAL	6	1.0	6
40.69224	-13.94012	-90.81396	SAX_LV_ENDOCARDIAL	6	1.0	6
42.38881	-15.04488	-88.40796	SAX_LV_ENDOCARDIAL	6	1.0	6
42.44041	-17.25442	-86.17122	SAX_LV_ENDOCARDIAL	6	1.0	6
42.49201	-19.46395	-83.93449	SAX_LV_ENDOCARDIAL	6	1.0	6
40.31593	-21.67349	-83.41460	SAX_LV_ENDOCARDIAL	6	1.0	6
37.02600	-23.88303	-83.75313	SAX_LV_ENDOCARDIAL	6	1.0	6
24.19099	-22.77827	-94.74336	RV_INSERT	6	1.0	6
25.20163	-18.35920	-98.35841	RV_INSERT	6	1.0	6
6.09868	22.73329	-26.96007	LAX_LV_ENDOCARDIAL	9	1.0	6
7.90147	20.56495	-28.35146	LAX_LV_ENDOCARDIAL	9	1.0	6
9.75930	18.43177	-31.14758	LAX_LV_ENDOCARDIAL	9	1.0	6
11.56209	16.26343	-32.53896	LAX_LV_ENDOCARDIAL	9	1.0	6
13.36488	14.09510	-33.93035	LAX_LV_ENDOCARDIAL	9	1.0	6
15.11263	11.89161	-33.91700	LAX_LV_ENDOCARDIAL	9	1.0	6
16.91542	9.72328	-35.30839	LAX_LV_ENDOCARDIAL	9	1.0	6
18.66317	7.51979	-35.29504	LAX_LV_ENDOCARDIAL	9	1.0	6
20.41092	5.31630	-35.28170	LAX_LV_ENDOCARDIAL	9	1.0	6
22.15866	3.11282	-35.26835	LAX_LV_ENDOCARDIAL	9	1.0	6
23.96145	0.94448	-36.65974	LAX_LV_ENDOCARDIAL	9	1.0	6
25.76424	-1.22385	-38.05113	LAX_LV_ENDOCARDIAL	9	1.0	6
27.62208	-3.35704	-40.84725	LAX_LV_ENDOCARDIAL	9	1.0	6
28.60604	-4.38848	-43.65004	LAX_LV_ENDOCARDIAL	9	1.0	6
29.59001	-5.41992	-46.45283	LAX_LV_ENDOCARDIAL	9	1.0	6
31.44784	-7.55310	-49.24895	LAX_LV_ENDOCARDIAL	9	1.0	6
32.43180	-8.58454	-52.05174	LAX_LV_ENDOCARDIAL	9	1.0	6
33.41577	-9.61598	-54.85454	LAX_LV_ENDOCARDIAL	9	1.0	6
34.39973	-10.64742	-57.65733	LAX_LV_ENDOCARDIAL	9	1.0	6
35.38369	-11.67886	-60.46012	LAX_LV_ENDOCARDIAL	9	1.0	6
36.36765	-12.71030	-63.26291	LAX_LV_ENDOCARDIAL	9	1.0	6
37.35162	-13.74174	-66.06571	LAX_LV_ENDOCARDIAL	9	1.0	6
38.33558	-14.77318	-68.86850	LAX_LV_ENDOCARDIAL	9	1.0	6
39.31954	-15.80462	-71.67129	LAX_LV_ENDOCARDIAL	9	1.0	6
40.30350	-16.83606	-74.47408	LAX_LV_ENDOCARDIAL	9	1.0	6
40.41359	-16.76575	-77.28355	LAX_LV_ENDOCARDIAL	9	1.0	6
41.39755	-17.79719	-80.08634	LAX_LV_ENDOCARDIAL	9	1.0	6
41.50764	-17.72689	-82.89581	LAX_LV_ENDOCARDIAL	9	1.0	6
41.61773	-17.65659	-85.70527	LAX_LV_ENDOCARDIAL	9	1.0	6
41.72782	-17.58628	-88.51474	LAX_LV_ENDOCARDIAL	9	1.0	6
41.83791	-17.51598	-91.32420	LAX_LV_ENDOCARDIAL	9	1.0	6
40.14521	-15.27734	-92.74228	LAX_LV_ENDOCARDIAL	9	1.0	6
38.39746	-13.07385	-92.75563	LAX_LV_ENDOCARDIAL	9	1.0	6
36.64972	-10.87037	-92.76897	LAX_LV_ENDOCARDIAL	9	1.0	6
34.84692	-8.70203	-91.37758	LAX_LV_ENDOCARDIAL	9	1.0	6
33.04413	-6.53370	-89.98620	LAX_LV_ENDOCARDIAL	9	1.0	6
31.24134	-4.36536	-88.59481	LAX_LV_ENDOCARDIAL	9	1.0	6
29.43855	-2.19703	-87.20342	LAX_LV_ENDOCARDIAL	9	1.0	6
27.63576	-0.02869	-85.81204	LAX_LV_ENDOCARDIAL	9	1.0	6
25.83297	2.13964	-84.42065	LAX_LV_ENDOCARDIAL	9	1.0	6
24.03018	4.30798	-83.02926	LAX_LV_ENDOCARDIAL	9	1.0	6
22.17234	6.44116	-80.23314	LAX_LV_ENDOCARDIAL	9	1.0	6
20.36955	8.60950	-78.84176	LAX_LV_ENDOCARDIAL	9	1.0	6
18.56676	10.77783	-77.45037	LAX_LV_ENDOCARDIAL	9	1.0	6
16.76397	12.94617	-76.05898	LAX_LV_ENDOCARDIAL	9	1.0	6
15.01622	15.14965	-76.07233	LAX_LV_ENDOCARDIAL	9	1.0	6
13.21343	17.31799	-74.68094	LAX_LV_ENDOCARDIAL	9	1.0	6
11.46568	19.52148	-74.69429	LAX_LV_ENDOCARDIAL	9	1.0	6
9.71794	21.72496	-74.70763	LAX_LV_ENDOCARDIAL	9	1.0	6
7.91515	23.89330	-73.31625	LAX_LV_ENDOCARDIAL	9	1.0	6
6.11236	26.06163	-71.92486	LAX_LV_ENDOCARDIAL	9	1.0	6
4.25452	28.19482	-69.12874	LAX_LV_ENDOCARDIAL	9	1.0	6
2.45173	30.36315	-67.73735	LAX_LV_ENDOCARDIAL	9	1.0	6
0.64894	32.53149	-66.34597	LAX_LV_ENDOCARDIAL	9	1.0	6
-1.15385	34.69982	-64.95458	LAX_LV_ENDOCARDIAL	9	1.0	6
-2.95664	36.86816	-63.56319	LAX_LV_ENDOCARDIAL	9	1.0	6
-4.75944	39.03649	-62.17181	LAX_LV_ENDOCARDIAL	9	1.0	6
17.29389	8.30517	-22.65912	LAX_LV_EPICARDIAL	9	1.0	6
19.09669	6.13683	-24.05051	LAX_LV_EPICARDIAL	9	1.0	6
20.84443	3.93334	-24.03716	LAX_LV_EPICARDIAL	9	1.0	6
22.64722	1.76501	-25.42855	LAX_LV_EPICARDIAL	9	1.0	6
24.45001	-0.40333	-26.81994	LAX_LV_EPICARDIAL	9	1.0	6
26.19776	-2.60681	-26.80659	LAX_LV_EPICARDIAL	9	1.0	6
28.00055	-4.77515	-28.19798	LAX_LV_EPICARDIAL	9	1.0	6
29.85839	-6.90833	-30.99410	LAX_LV_EPICARDIAL	9	1.0	6
31.71622	-9.04151	-33.79022	LAX_LV_EPICARDIAL	9	1.0	6
33.57406	-11.17470	-36.58634	LAX_LV_EPICARDIAL	9	1.0	6
34.55802	-12.20614	-39.38913	LAX_LV_EPICARDIAL	9	1.0	6
35.54198	-13.23758	-42.19192	LAX_LV_EPICARDIAL	9	1.0	6
37.39982	-15.37076	-44.98804	LAX_LV_EPICARDIAL	9	1.0	6
38.38378	-16.40220	-47.79084	LAX_LV_EPICARDIAL	9	1.0	6
39.36774	-17.43364	-50.59363	LAX_LV_EPICARDIAL	9	1.0	6
40.35171	-18.46508	-53.39642	LAX_LV_EPICARDIAL	9	1.0	6
41.33567	-19.49652	-56.19921	LAX_LV_EPICARDIAL	9	1.0	6
42.31963	-20.52796	-59.00200	LAX_LV_EPICARDIAL	9	1.0	6
42.42972	-20.45765	-61.81147	LAX_LV_EPICARDIAL	9	1.0	6
43.41368	-21.48909	-64.61426	LAX_LV_EPICARDIAL	9	1.0	6
43.52377	-21.41879	-67.42373	LAX_LV_EPICARDIAL	9	1.0	6
44.50774	-22.45023	-70.22652	LAX_LV_EPICARDIAL	9	1.0	6
44.61782	-22.37993	-73.03599	LAX_LV_EPICARDIAL	9	1.0	6
45.60179	-23.41137	-75.83878	LAX_LV_EPICARDIAL	9	1.0	6
45.71188	-23.34106	-78.64824	LAX_LV_EPICARDIAL	9	1.0	6
45.82196	-23.27076	-81.45771	LAX_LV_EPICARDIAL	9	1.0	6
45.93205	-23.20045	-84.26717	LAX_LV_EPICARDIAL	9	1.0	6
45.16827	-22.02841	-87.08331	LAX_LV_EPICARDIAL	9	1.0	6
45.27836	-21.95810	-89.89278	LAX_LV_EPICARDIAL	9	1.0	6
44.51457	-20.78606	-92.70892	LAX_LV_EPICARDIAL	9	1.0	6
44.62466	-20.71575	-95.51838	LAX_LV_EPICARDIAL	9	1.0	6
42.98701	-18.44196	-98.34119	LAX_LV_EPICARDIAL	9	1.0	6
41.29430	-16.20332	-99.75927	LAX_LV_EPICARDIAL	9	1.0	6
39.54656	-13.99984	-99.77262	LAX_LV_EPICARDIAL	9	1.0	6
37.79881	-11.79635	-99.78596	LAX_LV_EPICARDIAL	9	1.0	6
36.05106	-9.59286	-99.79931	LAX_LV_EPICARDIAL	9	1.0	6
34.24827	-7.42453	-98.40792	LAX_LV_EPICARDIAL	9	1.0	6
32.50053	-5.22104	-98.42127	LAX_LV_EPICARDIAL	9	1.0	6
30.69774	-3.05271	-97.02988	LAX_LV_EPICARDIAL	9	1.0	6
28.94999	-0.84922	-97.04323	LAX_LV_EPICARDIAL	9	1.0	6
27.14720	1.31912	-95.65184	LAX_LV_EPICARDIAL	9	1.0	6
25.34441	3.48745	-94.26045	LAX_LV_EPICARDIAL	9	1.0	6
23.59666	5.69094	-94.27380	LAX_LV_EPICARDIAL	9	1.0	6
21.79387	7.85927	-92.88241	LAX_LV_EPICARDIAL	9	1.0	6
20.04612	10.06276	-92.89576	LAX_LV_EPICARDIAL	9	1.0	6
18.24333	12.23109	-91.50437	LAX_LV_EPICARDIAL	9	1.0	6
16.49559	14.43458	-91.51772	LAX_LV_EPICARDIAL	9	1.0	6
14.69279	16.60292	-90.12633	LAX_LV_EPICARDIAL	9	1.0	6
12.89000	18.77125	-88.73494	LAX_LV_EPICARDIAL	9	1.0	6
11.08721	20.93959	-87.34356	LAX_LV_EPICARDIAL	9	1.0	6
9.33947	23.14307	-87.35690	LAX_LV_EPICARDIAL	9	1.0	6
7.53667	25.31141	-85.96551	LAX_LV_EPICARDIAL	9	1.0	6
5.73388	27.47974	-84.57413	LAX_LV_EPICARDIAL	9	1.0	6
3.93109	29.64808	-83.18274	LAX_LV_EPICARDIAL	9	1.0	6
2.12830	31.81641	-81.79135	LAX_LV_EPICARDIAL	9	1.0	6
0.32551	33.98475	-80.39997	LAX_LV_EPICARDIAL	9	1.0	6
-1.47728	36.15308	-79.00858	LAX_LV_EPICARDIAL	9	1.0	6
-3.33512	38.28627	-76.21246	LAX_LV_EPICARDIAL	9	1.0	6
-5.19295	40.41945	-73.41634	LAX_LV_EPICARDIAL	9	1.0	6
-6.17692	41.45089	-70.61355	LAX_LV_EPICARDIAL	9	1.0	6
-6.28700	41.38059	-67.80408	LAX_LV_EPICARDIAL	9	1.0	6
-6.39709	41.31028	-64.99462	LAX_LV_EPICARDIAL	9	1.0	6
-4.75944	39.03649	-62.17181	LAX_LV_EPICARDIAL	9	1.0	6
5.98859	22.66298	-24.15060	LAX_LV_EPICARDIAL	9	1.0	6
7.68129	20.42434	-22.73253	LAX_LV_EPICARDIAL	9	1.0	6
9.42904	18.22086	-22.71918	LAX_LV_EPICARDIAL	9	1.0	6
11.17678	16.01737	-22.70583	LAX_LV_EPICARDIAL	9	1.0	6
12.92453	13.81388	-22.69249	LAX_LV_EPICARDIAL	9	1.0	6
14.67228	11.61040	-22.67914	LAX_LV_EPICARDIAL	9	1.0	6
16.42002	9.40691	-22.66580	LAX_LV_EPICARDIAL	9	1.0	6
4.35093	24.93677	-26.97342	MITRAL_VALVE	9	1.0	6
-3.99565	37.86444	-59.35567	MITRAL_VALVE	9	1.0	6
-25.34927	-9.16351	-8.29508	LAX_RV_FREEWALL	8	1.0	1.0
-25.00515	-11.88041	-9.84031	LAX_RV_FREEWALL	8	1.0	1.0
-23.75910	-14.59730	-12.46445	LAX_RV_FREEWALL	8	1.0	1.0
-22.23413	-15.95575	-14.85543	LAX_RV_FREEWALL	8	1.0	1.0
-20.70916	-17.31421	-17.24641	LAX_RV_FREEWALL	8	1.0	1.0
-19.18419	-18.67266	-19.63739	LAX_RV_FREEWALL	8	1.0	1.0
-17.65922	-20.03111	-22.02837	LAX_RV_FREEWALL	8	1.0	1.0
-15.85534	-20.03111	-24.18618	LAX_RV_FREEWALL	8	1.0	1.0
-14.33037	-21.38956	-26.57716	LAX_RV_FREEWALL	8	1.0	1.0
-12.80540	-22.74801	-28.96814	LAX_RV_FREEWALL	8	1.0	1.0
-11.00152	-22.74801	-31.12596	LAX_RV_FREEWALL	8	1.0	1.0
-9.19764	-22.74801	-33.28378	LAX_RV_FREEWALL	8	1.0	1.0
-7.67267	-24.10646	-35.67476	LAX_RV_FREEWALL	8	1.0	1.0
-5.58988	-22.74802	-37.59941	LAX_RV_FREEWALL	8	1.0	1.0
-3.78600	-22.74802	-39.75723	LAX_RV_FREEWALL	8	1.0	1.0
-1.98212	-22.74802	-41.91505	LAX_RV_FREEWALL	8	1.0	1.0
-0.17824	-22.74802	-44.07287	LAX_RV_FREEWALL	8	1.0	1.0
1.62565	-22.74802	-46.23068	LAX_RV_FREEWALL	8	1.0	1.0
3.42953	-22.74802	-48.38850	LAX_RV_FREEWALL	8	1.0	1.0
5.23341	-22.74803	-50.54632	LAX_RV_FREEWALL	8	1.0	1.0
7.03729	-22.74803	-52.70414	LAX_RV_FREEWALL	8	1.0	1.0
8.84117	-22.74803	-54.86195	LAX_RV_FREEWALL	8	1.0	1.0
-10.08148	-5.08817	-24.85813	LAX_RV_FREEWALL	8	1.0	1.0
-11.88536	-5.08817	-22.70031	LAX_RV_FREEWALL	8	1.0	1.0
-13.68924	-5.08817	-20.54250	LAX_RV_FREEWALL	8	1.0	1.0
-15.49312	-5.08817	-18.38468	LAX_RV_FREEWALL	8	1.0	1.0
-17.01809	-3.72972	-15.99370	LAX_RV_FREEWALL	8	1.0	1.0
-18.82197	-3.72972	-13.83588	LAX_RV_FREEWALL	8	1.0	1.0
-20.62585	-3.72972	-11.67806	LAX_RV_FREEWALL	8	1.0	1.0
-22.70865	-5.08816	-9.75341	LAX_RV_FREEWALL	8	1.0	1.0
-25.07035	-7.80506	-8.06191	LAX_RV_FREEWALL	8	1.0	1.0
-27.15315	-9.16350	-6.13726	LAX_RV_EPICARDIAL	8	1.0	1.0
-26.80903	-11.88040	-7.68249	LAX_RV_EPICARDIAL	8	1.0	1.0
-26.46492	-14.59730	-9.22772	LAX_RV_EPICARDIAL	8	1.0	1.0
-25.21886	-17.31420	-11.85187	LAX_RV_EPICARDIAL	8	1.0	1.0
-23.97281	-20.03110	-14.47601	LAX_RV_EPICARDIAL	8	1.0	1.0
-22.44784	-21.38955	-16.86699	LAX_RV_EPICARDIAL	8	1.0	1.0
-20.92287	-22.74800	-19.25796	LAX_RV_EPICARDIAL	8	1.0	1.0
-19.39790	-24.10645	-21.64894	LAX_RV_EPICARDIAL	8	1.0	1.0
-17.59402	-24.10645	-23.80676	LAX_RV_EPICARDIAL	8	1.0	1.0
-16.06905	-25.46490	-26.19774	LAX_RV_EPICARDIAL	8	1.0	1.0
-14.54408	-26.82335	-28.58872	LAX_RV_EPICARDIAL	8	1.0	1.0
-12.74020	-26.82336	-30.74654	LAX_RV_EPICARDIAL	8	1.0	1.0
-10.93632	-26.82336	-32.90436	LAX_RV_EPICARDIAL	8	1.0	1.0
-9.13244	-26.82336	-35.06217	LAX_RV_EPICARDIAL	8	1.0	1.0
-7.32856	-26.82336	-37.21999	LAX_RV_EPICARDIAL	8	1.0	1.0
-5.52468	-26.82336	-39.37781	LAX_RV_EPICARDIAL	8	1.0	1.0
-3.72080	-26.82336	-41.53563	LAX_RV_EPICARDIAL	8	1.0	1.0
-1.91691	-26.82337	-43.69344	LAX_RV_EPICARDIAL	8	1.0	1.0
-0.11303	-26.82337	-45.85126	LAX_RV_EPICARDIAL	8	1.0	1.0
1.69085	-26.82337	-48.00908	LAX_RV_EPICARDIAL	8	1.0	1.0
3.77364	-25.46492	-49.93373	LAX_RV_EPICARDIAL	8	1.0	1.0
5.57752	-25.46492	-52.09155	LAX_RV_EPICARDIAL	8	1.0	1.0
7.38140	-25.46493	-54.24937	LAX_RV_EPICARDIAL	8	1.0	1.0
9.18529	-25.46493	-56.40719	LAX_RV_EPICARDIAL	8	1.0	1.0
-7.99868	-3.72973	-26.78279	LAX_RV_EPICARDIAL	8	1.0	1.0
-12.85250	-1.01282	-19.84301	LAX_RV_EPICARDIAL	8	1.0	1.0
-14.65638	-1.01282	-17.68519	LAX_RV_EPICARDIAL	8	1.0	1.0
-16.46027	-1.01282	-15.52738	LAX_RV_EPICARDIAL	8	1.0	1.0
-18.26415	-1.01282	-13.36956	LAX_RV_EPICARDIAL	8	1.0	1.0
-20.34694	-2.37127	-11.44490	LAX_RV_EPICARDIAL	8	1.0	1.0
-25.07035	-7.80506	-8.06191	LAX_RV_EPICARDIAL	8	1.0	1.0
-26.87424	-7.80506	-5.90410	LAX_RV_EPICARDIAL	8	1.0	1.0
8.21814	-21.38958	-53.54988	LAX_RV_SEPTUM	8	1.0	1.0
6.97209	-18.67268	-50.92574	LAX_RV_SEPTUM	8	1.0	1.0
5.16821	-18.67268	-48.76792	LAX_RV_SEPTUM	8	1.0	1.0
3.64324	-17.31423	-46.37694	LAX_RV_SEPTUM	8	1.0	1.0
2.11827	-15.95578	-43.98597	LAX_RV_SEPTUM	8	1.0	1.0
0.87221	-13.23888	-41.36182	LAX_RV_SEPTUM	8	1.0	1.0
-0.65276	-11.88043	-38.97085	LAX_RV_SEPTUM	8	1.0	1.0
-2.17772	-10.52198	-36.57987	LAX_RV_SEPTUM	8	1.0	1.0
-3.70269	-9.16353	-34.18889	LAX_RV_SEPTUM	8	1.0	1.0
-4.94875	-6.44663	-31.56475	LAX_RV_SEPTUM	8	1.0	1.0
-6.47372	-5.08818	-29.17377	LAX_RV_SEPTUM	8	1.0	1.0
-8.27760	-5.08818	-27.01595	LAX_RV_SEPTUM	8	1.0	1.0
-9.86777	0.34562	-22.84657	LAX_LV_EPICARDIAL	8	1.0	1.0
-8.34280	-1.01283	-25.23755	LAX_LV_EPICARDIAL	8	1.0	1.0
10.92396	-21.38958	-56.78661	LAX_LV_EPICARDIAL	8	1.0	1.0
12.44893	-22.74803	-59.17759	LAX_LV_EPICARDIAL	8	1.0	1.0
13.97390	-24.10648	-61.56857	LAX_LV_EPICARDIAL	8	1.0	1.0
15.77778	-24.10649	-63.72639	LAX_LV_EPICARDIAL	8	1.0	1.0
17.30275	-25.46494	-66.11737	LAX_LV_EPICARDIAL	8	1.0	1.0
19.10663	-25.46494	-68.27518	LAX_LV_EPICARDIAL	8	1.0	1.0
20.63160	-26.82339	-70.66616	LAX_LV_EPICARDIAL	8	1.0	1.0
22.43548	-26.82339	-72.82398	LAX_LV_EPICARDIAL	8	1.0	1.0
24.23936	-26.82339	-74.98180	LAX_LV_EPICARDIAL	8	1.0	1.0
26.04324	-26.82339	-77.13961	LAX_LV_EPICARDIAL	8	1.0	1.0
27.84713	-26.82340	-79.29743	LAX_LV_EPICARDIAL	8	1.0	1.0
29.65101	-26.82340	-81.45525	LAX_LV_EPICARDIAL	8	1.0	1.0
31.45489	-26.82340	-83.61307	LAX_LV_EPICARDIAL	8	1.0	1.0
33.25877	-26.82340	-85.77088	LAX_LV_EPICARDIAL	8	1.0	1.0
35.06265	-26.82340	-87.92870	LAX_LV_EPICARDIAL	8	1.0	1.0
37.14544	-25.46496	-89.85336	LAX_LV_EPICARDIAL	8	1.0	1.0
39.22824	-24.10651	-91.77801	LAX_LV_EPICARDIAL	8	1.0	1.0
41.58995	-21.38961	-93.46951	LAX_LV_EPICARDIAL	8	1.0	1.0
43.95165	-18.67272	-95.16100	LAX_LV_EPICARDIAL	8	1.0	1.0
44.50948	-15.95582	-94.69468	LAX_LV_EPICARDIAL	8	1.0	1.0
45.96924	-13.23892	-95.30726	LAX_LV_EPICARDIAL	8	1.0	1.0
45.62513	-10.52202	-93.76203	LAX_LV_EPICARDIAL	8	1.0	1.0
46.18296	-7.80513	-93.29571	LAX_LV_EPICARDIAL	8	1.0	1.0
45.83884	-5.08823	-91.75047	LAX_LV_EPICARDIAL	8	1.0	1.0
45.49473	-2.37133	-90.20524	LAX_LV_EPICARDIAL	8	1.0	1.0
45.15061	0.34557	-88.66001	LAX_LV_EPICARDIAL	8	1.0	1.0
44.80650	3.06247	-87.11478	LAX_LV_EPICARDIAL	8	1.0	1.0
44.46238	5.77937	-85.56954	LAX_LV_EPICARDIAL	8	1.0	1.0
44.11827	8.49626	-84.02431	LAX_LV_EPICARDIAL	8	1.0	1.0
43.77415	11.21316	-82.47908	LAX_LV_EPICARDIAL	8	1.0	1.0
43.43004	13.93006	-80.93385	LAX_LV_EPICARDIAL	8	1.0	1.0
43.08592	16.64696	-79.38861	LAX_LV_EPICARDIAL	8	1.0	1.0
42.74181	19.36386	-77.84338	LAX_LV_EPICARDIAL	8	1.0	1.0
42.39769	22.08076	-76.29815	LAX_LV_EPICARDIAL	8	1.0	1.0
42.05358	24.79765	-74.75292	LAX_LV_EPICARDIAL	8	1.0	1.0
41.70946	27.51455	-73.20768	LAX_LV_EPICARDIAL	8	1.0	1.0
41.36535	30.23145	-71.66245	LAX_LV_EPICARDIAL	8	1.0	1.0
40.11929	32.94835	-69.03831	LAX_LV_EPICARDIAL	8	1.0	1.0
39.77517	35.66525	-67.49308	LAX_LV_EPICARDIAL	8	1.0	1.0
38.52912	38.38215	-64.86894	LAX_LV_EPICARDIAL	8	1.0	1.0
37.28306	41.09905	-62.24479	LAX_LV_EPICARDIAL	8	1.0	1.0
35.75809	42.45750	-59.85382	LAX_LV_EPICARDIAL	8	1.0	1.0
34.51204	45.17440	-57.22967	LAX_LV_EPICARDIAL	8	1.0	1.0
32.98707	46.53285	-54.83869	LAX_LV_EPICARDIAL	8	1.0	1.0
31.46210	47.89130	-52.44771	LAX_LV_EPICARDIAL	8	1.0	1.0
29.93713	49.24975	-50.05674	LAX_LV_EPICARDIAL	8	1.0	1.0
28.13325	49.24975	-47.89892	LAX_LV_EPICARDIAL	8	1.0	1.0
26.60828	50.60820	-45.50794	LAX_LV_EPICARDIAL	8	1.0	1.0
24.80440	50.60820	-43.35012	LAX_LV_EPICARDIAL	8	1.0	1.0
22.72161	49.24975	-41.42547	LAX_LV_EPICARDIAL	8	1.0	1.0
20.91773	49.24976	-39.26765	LAX_LV_EPICARDIAL	8	1.0	1.0
18.83493	47.89131	-37.34299	LAX_LV_EPICARDIAL	8	1.0	1.0
2.36819	24.79769	-27.28093	LAX_LV_EPICARDIAL	8	1.0	1.0
0.00648	22.08080	-25.58944	LAX_LV_EPICARDIAL	8	1.0	1.0
-1.79740	22.08080	-23.43162	LAX_LV_EPICARDIAL	8	1.0	1.0
-3.60128	22.08080	-21.27380	LAX_LV_EPICARDIAL	8	1.0	1.0
-7.50606	3.06252	-24.53807	LAX_LV_ENDOCARDIAL	8	1.0	1.0
-5.42327	4.42096	-26.46272	LAX_LV_ENDOCARDIAL	8	1.0	1.0
-3.34047	5.77941	-28.38738	LAX_LV_ENDOCARDIAL	8	1.0	1.0
-1.25768	7.13786	-30.31204	LAX_LV_ENDOCARDIAL	8	1.0	1.0
0.54620	7.13786	-32.46985	LAX_LV_ENDOCARDIAL	8	1.0	1.0
2.62900	8.49630	-34.39451	LAX_LV_ENDOCARDIAL	8	1.0	1.0
4.15396	7.13785	-36.78549	LAX_LV_ENDOCARDIAL	8	1.0	1.0
5.67893	5.77940	-39.17647	LAX_LV_ENDOCARDIAL	8	1.0	1.0
7.20390	4.42095	-41.56745	LAX_LV_ENDOCARDIAL	8	1.0	1.0
7.54802	1.70405	-43.11268	LAX_LV_ENDOCARDIAL	8	1.0	1.0
8.79407	-1.01285	-45.73682	LAX_LV_ENDOCARDIAL	8	1.0	1.0
10.31904	-2.37130	-48.12780	LAX_LV_ENDOCARDIAL	8	1.0	1.0
11.56510	-5.08820	-50.75194	LAX_LV_ENDOCARDIAL	8	1.0	1.0
13.09006	-6.44665	-53.14292	LAX_LV_ENDOCARDIAL	8	1.0	1.0
14.61503	-7.80510	-55.53390	LAX_LV_ENDOCARDIAL	8	1.0	1.0
16.14000	-9.16355	-57.92488	LAX_LV_ENDOCARDIAL	8	1.0	1.0
17.38606	-11.88045	-60.54902	LAX_LV_ENDOCARDIAL	8	1.0	1.0
19.18994	-11.88045	-62.70684	LAX_LV_ENDOCARDIAL	8	1.0	1.0
20.71491	-13.23890	-65.09782	LAX_LV_ENDOCARDIAL	8	1.0	1.0
22.23988	-14.59735	-67.48880	LAX_LV_ENDOCARDIAL	8	1.0	1.0
23.76484	-15.95580	-69.87978	LAX_LV_ENDOCARDIAL	8	1.0	1.0
25.56873	-15.95580	-72.03759	LAX_LV_ENDOCARDIAL	8	1.0	1.0
27.09369	-17.31425	-74.42857	LAX_LV_ENDOCARDIAL	8	1.0	1.0
28.89757	-17.31425	-76.58639	LAX_LV_ENDOCARDIAL	8	1.0	1.0
30.42254	-18.67270	-78.97737	LAX_LV_ENDOCARDIAL	8	1.0	1.0
32.22642	-18.67271	-81.13519	LAX_LV_ENDOCARDIAL	8	1.0	1.0
34.03031	-18.67271	-83.29300	LAX_LV_ENDOCARDIAL	8	1.0	1.0
35.55527	-20.03116	-85.68398	LAX_LV_ENDOCARDIAL	8	1.0	1.0
37.35916	-20.03116	-87.84180	LAX_LV_ENDOCARDIAL	8	1.0	1.0
39.16304	-20.03116	-89.99962	LAX_LV_ENDOCARDIAL	8	1.0	1.0
41.52474	-17.31427	-91.69111	LAX_LV_ENDOCARDIAL	8	1.0	1.0
42.08257	-14.59737	-91.22479	LAX_LV_ENDOCARDIAL	8	1.0	1.0
41.73845	-11.88047	-89.67956	LAX_LV_ENDOCARDIAL	8	1.0	1.0
40.49240	-9.16357	-87.05542	LAX_LV_ENDOCARDIAL	8	1.0	1.0
39.24634	-6.44667	-84.43127	LAX_LV_ENDOCARDIAL	8	1.0	1.0
38.00029	-3.72977	-81.80713	LAX_LV_ENDOCARDIAL	8	1.0	1.0
37.65617	-1.01287	-80.26190	LAX_LV_ENDOCARDIAL	8	1.0	1.0
37.31206	1.70403	-78.71667	LAX_LV_ENDOCARDIAL	8	1.0	1.0
36.06600	4.42092	-76.09253	LAX_LV_ENDOCARDIAL	8	1.0	1.0
34.81995	7.13782	-73.46839	LAX_LV_ENDOCARDIAL	8	1.0	1.0
33.57389	9.85472	-70.84424	LAX_LV_ENDOCARDIAL	8	1.0	1.0
33.22978	12.57162	-69.29901	LAX_LV_ENDOCARDIAL	8	1.0	1.0
32.88566	15.28852	-67.75378	LAX_LV_ENDOCARDIAL	8	1.0	1.0
31.63960	18.00542	-65.12964	LAX_LV_ENDOCARDIAL	8	1.0	1.0
32.19743	20.72232	-64.66331	LAX_LV_ENDOCARDIAL	8	1.0	1.0
32.75526	23.43921	-64.19699	LAX_LV_ENDOCARDIAL	8	1.0	1.0
31.50920	26.15611	-61.57285	LAX_LV_ENDOCARDIAL	8	1.0	1.0
32.06703	28.87301	-61.10653	LAX_LV_ENDOCARDIAL	8	1.0	1.0
30.54206	30.23146	-58.71555	LAX_LV_ENDOCARDIAL	8	1.0	1.0
29.01709	31.58991	-56.32457	LAX_LV_ENDOCARDIAL	8	1.0	1.0
27.77103	34.30681	-53.70043	LAX_LV_ENDOCARDIAL	8	1.0	1.0
26.52498	37.02371	-51.07628	LAX_LV_ENDOCARDIAL	8	1.0	1.0
25.00001	38.38216	-48.68530	LAX_LV_ENDOCARDIAL	8	1.0	1.0
23.47504	39.74061	-46.29432	LAX_LV_ENDOCARDIAL	8	1.0	1.0
21.95007	41.09906	-43.90335	LAX_LV_ENDOCARDIAL	8	1.0	1.0
20.14619	41.09906	-41.74553	LAX_LV_ENDOCARDIAL	8	1.0	1.0
18.62122	42.45751	-39.35455	LAX_LV_ENDOCARDIAL	8	1.0	1.0
1.18733	23.43924	-26.43518	LAX_LV_ENDOCARDIAL	8	1.0	1.0
-0.89546	22.08080	-24.51053	LAX_LV_ENDOCARDIAL	8	1.0	1.0
-2.69934	22.08080	-22.35271	LAX_LV_ENDOCARDIAL	8	1.0	1.0
-4.50322	22.08080	-20.19489	LAX_LV_ENDOCARDIAL	8	1.0	1.0
-27.15315	-9.16350	-6.13726	LAX_RV_EPICARDIAL	8	1.0	1.0
-26.80903	-11.88040	-7.68249	LAX_RV_EPICARDIAL	8	1.0	1.0
-26.46492	-14.59730	-9.22772	LAX_RV_EPICARDIAL	8	1.0	1.0
-25.21886	-17.31420	-11.85187	LAX_RV_EPICARDIAL	8	1.0	1.0
-23.97281	-20.03110	-14.47601	LAX_RV_EPICARDIAL	8	1.0	1.0
-22.44784	-21.38955	-16.86699	LAX_RV_EPICARDIAL	8	1.0	1.0
-20.92287	-22.74800	-19.25796	LAX_RV_EPICARDIAL	8	1.0	1.0
-19.39790	-24.10645	-21.64894	LAX_RV_EPICARDIAL	8	1.0	1.0
-17.59402	-24.10645	-23.80676	LAX_RV_EPICARDIAL	8	1.0	1.0
-16.06905	-25.46490	-26.19774	LAX_RV_EPICARDIAL	8	1.0	1.0
-14.54408	-26.82335	-28.58872	LAX_RV_EPICARDIAL	8	1.0	1.0
-12.74020	-26.82336	-30.74654	LAX_RV_EPICARDIAL	8	1.0	1.0
-10.93632	-26.82336	-32.90436	LAX_RV_EPICARDIAL	8	1.0	1.0
-9.13244	-26.82336	-35.06217	LAX_RV_EPICARDIAL	8	1.0	1.0
-7.32856	-26.82336	-37.21999	LAX_RV_EPICARDIAL	8	1.0	1.0
-5.52468	-26.82336	-39.37781	LAX_RV_EPICARDIAL	8	1.0	1.0
-3.72080	-26.82336	-41.53563	LAX_RV_EPICARDIAL	8	1.0	1.0
-1.91691	-26.82337	-43.69344	LAX_RV_EPICARDIAL	8	1.0	1.0
-0.11303	-26.82337	-45.85126	LAX_RV_EPICARDIAL	8	1.0	1.0
1.69085	-26.82337	-48.00908	LAX_RV_EPICARDIAL	8	1.0	1.0
3.77364	-25.46492	-49.93373	LAX_RV_EPICARDIAL	8	1.0	1.0
5.57752	-25.46492	-52.09155	LAX_RV_EPICARDIAL	8	1.0	1.0
7.38140	-25.46493	-54.24937	LAX_RV_EPICARDIAL	8	1.0	1.0
9.18529	-25.46493	-56.40719	LAX_RV_EPICARDIAL	8	1.0	1.0
-7.99868	-3.72973	-26.78279	LAX_RV_EPICARDIAL	8	1.0	1.0
-12.85250	-1.01282	-19.84301	LAX_RV_EPICARDIAL	8	1.0	1.0
-14.65638	-1.01282	-17.68519	LAX_RV_EPICARDIAL	8	1.0	1.0
-16.46027	-1.01282	-15.52738	LAX_RV_EPICARDIAL	8	1.0	1.0
-18.26415	-1.01282	-13.36956	LAX_RV_EPICARDIAL	8	1.0	1.0
-20.34694	-2.37127	-11.44490	LAX_RV_EPICARDIAL	8	1.0	1.0
-25.07035	-7.80506	-8.06191	LAX_RV_EPICARDIAL	8	1.0	1.0
-26.87424	-7.80506	-5.90410	LAX_RV_EPICARDIAL	8	1.0	1.0
16.81734	42.45752	-37.19673	MITRAL_VALVE	8	1.0	1.0
2.92601	27.51459	-26.81461	MITRAL_VALVE	8	1.0	1.0
-10.21188	3.06252	-21.30134	AORTA_VALVE	8	1.0	1.0
-6.30710	22.08080	-18.03708	AORTA_VALVE	8	1.0	1.0
-48.87473	3.08829	-73.54443	LAX_RV_FREEWALL	7	1.0	6
-51.45278	1.48700	-76.11539	LAX_RV_FREEWALL	7	1.0	6
-51.23127	-0.11429	-78.41690	LAX_RV_FREEWALL	7	1.0	6
-51.00975	-1.71558	-80.71841	LAX_RV_FREEWALL	7	1.0	6
-49.38846	-3.31688	-82.88520	LAX_RV_FREEWALL	7	1.0	6
-47.76716	-4.91817	-85.05198	LAX_RV_FREEWALL	7	1.0	6
-44.85684	-5.71881	-85.93329	LAX_RV_FREEWALL	7	1.0	6
-41.83577	-7.32011	-87.96535	LAX_RV_FREEWALL	7	1.0	6
-38.81469	-8.92140	-89.99741	LAX_RV_FREEWALL	7	1.0	6
-35.90437	-9.72204	-90.87872	LAX_RV_FREEWALL	7	1.0	6
-32.99406	-10.52269	-91.76003	LAX_RV_FREEWALL	7	1.0	6
-29.97298	-12.12398	-93.79209	LAX_RV_FREEWALL	7	1.0	6
-27.06266	-12.92463	-94.67339	LAX_RV_FREEWALL	7	1.0	6
-24.15234	-13.72528	-95.55470	LAX_RV_FREEWALL	7	1.0	6
-21.24202	-14.52592	-96.43601	LAX_RV_FREEWALL	7	1.0	6
-18.33170	-15.32657	-97.31731	LAX_RV_FREEWALL	7	1.0	6
-15.42138	-16.12722	-98.19862	LAX_RV_FREEWALL	7	1.0	6
-12.51107	-16.92786	-99.07993	LAX_RV_FREEWALL	7	1.0	6
-9.60075	-17.72851	-99.96123	LAX_RV_FREEWALL	7	1.0	6
-6.69043	-18.52915	-100.84254	LAX_RV_FREEWALL	7	1.0	6
-3.89086	-18.52916	-100.57309	LAX_RV_FREEWALL	7	1.0	6
-1.09130	-18.52916	-100.30364	LAX_RV_FREEWALL	7	1.0	6
1.81902	-19.32980	-101.18494	LAX_RV_FREEWALL	7	1.0	6
4.61858	-19.32980	-100.91550	LAX_RV_FREEWALL	7	1.0	6
7.52890	-20.13045	-101.79680	LAX_RV_FREEWALL	7	1.0	6
10.32846	-20.13045	-101.52735	LAX_RV_FREEWALL	7	1.0	6
13.12802	-20.13045	-101.25790	LAX_RV_FREEWALL	7	1.0	6
16.03834	-20.93110	-102.13921	LAX_RV_FREEWALL	7	1.0	6
18.83790	-20.93110	-101.86976	LAX_RV_FREEWALL	7	1.0	6
21.63747	-20.93110	-101.60031	LAX_RV_FREEWALL	7	1.0	6
24.32627	-20.13045	-100.18011	LAX_RV_FREEWALL	7	1.0	6
-50.38527	3.88893	-72.52840	LAX_RV_EPICARDIAL	7	1.0	6
-53.07407	3.08829	-73.94860	LAX_RV_EPICARDIAL	7	1.0	6
-54.25234	1.48700	-76.38484	LAX_RV_EPICARDIAL	7	1.0	6
-55.43061	-0.11429	-78.82108	LAX_RV_EPICARDIAL	7	1.0	6
-53.80931	-1.71558	-80.98786	LAX_RV_EPICARDIAL	7	1.0	6
-53.58780	-3.31687	-83.28937	LAX_RV_EPICARDIAL	7	1.0	6
-51.96651	-4.91817	-85.45616	LAX_RV_EPICARDIAL	7	1.0	6
-50.34521	-6.51946	-87.62295	LAX_RV_EPICARDIAL	7	1.0	6
-47.32414	-8.12075	-89.65501	LAX_RV_EPICARDIAL	7	1.0	6
-44.30306	-9.72204	-91.68707	LAX_RV_EPICARDIAL	7	1.0	6
-41.39274	-10.52269	-92.56837	LAX_RV_EPICARDIAL	7	1.0	6
-38.48242	-11.32334	-93.44968	LAX_RV_EPICARDIAL	7	1.0	6
-35.46135	-12.92463	-95.48174	LAX_RV_EPICARDIAL	7	1.0	6
-32.55103	-13.72527	-96.36305	LAX_RV_EPICARDIAL	7	1.0	6
-29.64071	-14.52592	-97.24435	LAX_RV_EPICARDIAL	7	1.0	6
-26.73039	-15.32657	-98.12566	LAX_RV_EPICARDIAL	7	1.0	6
-23.82007	-16.12721	-99.00697	LAX_RV_EPICARDIAL	7	1.0	6
-20.90975	-16.92786	-99.88827	LAX_RV_EPICARDIAL	7	1.0	6
-17.99943	-17.72851	-100.76958	LAX_RV_EPICARDIAL	7	1.0	6
-15.08911	-18.52915	-101.65089	LAX_RV_EPICARDIAL	7	1.0	6
-12.17880	-19.32980	-102.53219	LAX_RV_EPICARDIAL	7	1.0	6
-9.37923	-19.32980	-102.26274	LAX_RV_EPICARDIAL	7	1.0	6
-6.46891	-20.13045	-103.14405	LAX_RV_EPICARDIAL	7	1.0	6
-3.66935	-20.13045	-102.87460	LAX_RV_EPICARDIAL	7	1.0	6
-0.75903	-20.93109	-103.75591	LAX_RV_EPICARDIAL	7	1.0	6
2.15129	-21.73174	-104.63721	LAX_RV_EPICARDIAL	7	1.0	6
4.95085	-21.73174	-104.36776	LAX_RV_EPICARDIAL	7	1.0	6
7.75041	-21.73174	-104.09831	LAX_RV_EPICARDIAL	7	1.0	6
10.54997	-21.73174	-103.82886	LAX_RV_EPICARDIAL	7	1.0	6
13.46029	-22.53239	-104.71017	LAX_RV_EPICARDIAL	7	1.0	6
16.25986	-22.53239	-104.44072	LAX_RV_EPICARDIAL	7	1.0	6
19.05942	-22.53239	-104.17127	LAX_RV_EPICARDIAL	7	1.0	6
21.85898	-22.53239	-103.90182	LAX_RV_EPICARDIAL	7	1.0	6
24.65854	-22.53239	-103.63237	LAX_RV_EPICARDIAL	7	1.0	6
25.83681	-20.93110	-101.19614	LAX_RV_EPICARDIAL	7	1.0	6
28.41486	-19.32981	-98.62518	LAX_RV_EPICARDIAL	7	1.0	6
25.50454	-18.52916	-97.74387	LAX_RV_SEPTUM	7	1.0	6
22.48347	-16.92787	-95.71181	LAX_RV_SEPTUM	7	1.0	6
19.57315	-16.12723	-94.83050	LAX_RV_SEPTUM	7	1.0	6
16.66283	-15.32658	-93.94920	LAX_RV_SEPTUM	7	1.0	6
13.64175	-13.72529	-91.91713	LAX_RV_SEPTUM	7	1.0	6
10.73143	-12.92464	-91.03583	LAX_RV_SEPTUM	7	1.0	6
7.71036	-11.32335	-89.00377	LAX_RV_SEPTUM	7	1.0	6
4.68928	-9.72206	-86.97171	LAX_RV_SEPTUM	7	1.0	6
3.06799	-8.12076	-84.80492	LAX_RV_SEPTUM	7	1.0	6
0.04691	-6.51947	-82.77286	LAX_RV_SEPTUM	7	1.0	6
-2.97416	-4.91818	-80.74080	LAX_RV_SEPTUM	7	1.0	6
-4.59546	-3.31689	-78.57401	LAX_RV_SEPTUM	7	1.0	6
-6.21675	-1.71560	-76.40722	LAX_RV_SEPTUM	7	1.0	6
-7.83805	-0.11431	-74.24044	LAX_RV_SEPTUM	7	1.0	6
-9.45934	1.48699	-72.07365	LAX_RV_SEPTUM	7	1.0	6
-11.08064	3.08828	-69.90686	LAX_RV_SEPTUM	7	1.0	6
-12.70193	4.68957	-67.74008	LAX_RV_SEPTUM	7	1.0	6
-15.72300	6.29086	-65.70802	LAX_RV_SEPTUM	7	1.0	6
-17.34430	7.89215	-63.54123	LAX_RV_SEPTUM	7	1.0	6
-18.96559	9.49344	-61.37444	LAX_RV_SEPTUM	7	1.0	6
-20.58689	11.09474	-59.20766	LAX_RV_SEPTUM	7	1.0	6
-20.80840	12.69603	-56.90615	LAX_RV_SEPTUM	7	1.0	6
-20.40543	19.90184	-46.41462	LAX_LV_EPICARDIAL	7	1.0	6
-21.58370	18.30055	-48.85086	LAX_LV_EPICARDIAL	7	1.0	6
-21.36218	16.69926	-51.15237	LAX_LV_EPICARDIAL	7	1.0	6
-21.14067	15.09796	-53.45388	LAX_LV_EPICARDIAL	7	1.0	6
28.19335	-17.72852	-96.32367	LAX_LV_EPICARDIAL	7	1.0	6
30.99291	-17.72852	-96.05422	LAX_LV_EPICARDIAL	7	1.0	6
33.90323	-18.52917	-96.93552	LAX_LV_EPICARDIAL	7	1.0	6
36.70279	-18.52917	-96.66607	LAX_LV_EPICARDIAL	7	1.0	6
39.50235	-18.52917	-96.39662	LAX_LV_EPICARDIAL	7	1.0	6
42.19116	-17.72852	-94.97642	LAX_LV_EPICARDIAL	7	1.0	6
44.87997	-16.92788	-93.55621	LAX_LV_EPICARDIAL	7	1.0	6
47.45802	-15.32659	-90.98525	LAX_LV_EPICARDIAL	7	1.0	6
48.63628	-13.72530	-88.54902	LAX_LV_EPICARDIAL	7	1.0	6
49.81455	-12.12401	-86.11278	LAX_LV_EPICARDIAL	7	1.0	6
50.99282	-10.52271	-83.67655	LAX_LV_EPICARDIAL	7	1.0	6
50.77131	-8.92142	-81.37504	LAX_LV_EPICARDIAL	7	1.0	6
51.94957	-7.32013	-78.93880	LAX_LV_EPICARDIAL	7	1.0	6
51.72806	-5.71884	-76.63729	LAX_LV_EPICARDIAL	7	1.0	6
52.90633	-4.11755	-74.20105	LAX_LV_EPICARDIAL	7	1.0	6
52.68482	-2.51626	-71.89954	LAX_LV_EPICARDIAL	7	1.0	6
53.86309	-0.91497	-69.46331	LAX_LV_EPICARDIAL	7	1.0	6
53.64157	0.68632	-67.16180	LAX_LV_EPICARDIAL	7	1.0	6
53.42006	2.28761	-64.86029	LAX_LV_EPICARDIAL	7	1.0	6
53.19855	3.88891	-62.55877	LAX_LV_EPICARDIAL	7	1.0	6
52.97703	5.49020	-60.25726	LAX_LV_EPICARDIAL	7	1.0	6
52.75552	7.09149	-57.95575	LAX_LV_EPICARDIAL	7	1.0	6
52.53401	8.69278	-55.65424	LAX_LV_EPICARDIAL	7	1.0	6
50.91271	10.29407	-53.48746	LAX_LV_EPICARDIAL	7	1.0	6
50.69120	11.89536	-51.18594	LAX_LV_EPICARDIAL	7	1.0	6
49.06991	13.49665	-49.01916	LAX_LV_EPICARDIAL	7	1.0	6
48.84839	15.09794	-46.71765	LAX_LV_EPICARDIAL	7	1.0	6
47.22710	16.69924	-44.55086	LAX_LV_EPICARDIAL	7	1.0	6
47.00558	18.30053	-42.24935	LAX_LV_EPICARDIAL	7	1.0	6
45.38429	19.90182	-40.08256	LAX_LV_EPICARDIAL	7	1.0	6
43.76300	21.50311	-37.91578	LAX_LV_EPICARDIAL	7	1.0	6
42.14170	23.10440	-35.74899	LAX_LV_EPICARDIAL	7	1.0	6
40.52041	24.70569	-33.58221	LAX_LV_EPICARDIAL	7	1.0	6
38.89911	26.30699	-31.41542	LAX_LV_EPICARDIAL	7	1.0	6
37.27782	27.90828	-29.24863	LAX_LV_EPICARDIAL	7	1.0	6
34.25674	29.50957	-27.21657	LAX_LV_EPICARDIAL	7	1.0	6
31.23567	31.11086	-25.18451	LAX_LV_EPICARDIAL	7	1.0	6
28.32535	31.91151	-24.30320	LAX_LV_EPICARDIAL	7	1.0	6
25.41503	32.71215	-23.42190	LAX_LV_EPICARDIAL	7	1.0	6
22.61547	32.71216	-23.69135	LAX_LV_EPICARDIAL	7	1.0	6
19.70515	33.51280	-22.81004	LAX_LV_EPICARDIAL	7	1.0	6
-19.11640	20.70248	-45.12914	LAX_LV_ENDOCARDIAL	7	1.0	6
-17.49511	19.10119	-47.29593	LAX_LV_ENDOCARDIAL	7	1.0	6
-15.87382	17.49990	-49.46272	LAX_LV_ENDOCARDIAL	7	1.0	6
-14.25252	15.89861	-51.62950	LAX_LV_ENDOCARDIAL	7	1.0	6
-12.63123	14.29732	-53.79629	LAX_LV_ENDOCARDIAL	7	1.0	6
-9.61015	12.69602	-55.82835	LAX_LV_ENDOCARDIAL	7	1.0	6
-7.98886	11.09473	-57.99514	LAX_LV_ENDOCARDIAL	7	1.0	6
-4.96778	9.49344	-60.02720	LAX_LV_ENDOCARDIAL	7	1.0	6
-1.94671	7.89215	-62.05926	LAX_LV_ENDOCARDIAL	7	1.0	6
-0.32541	6.29086	-64.22605	LAX_LV_ENDOCARDIAL	7	1.0	6
2.69566	4.68957	-66.25811	LAX_LV_ENDOCARDIAL	7	1.0	6
4.31696	3.08827	-68.42489	LAX_LV_ENDOCARDIAL	7	1.0	6
7.33803	1.48698	-70.45695	LAX_LV_ENDOCARDIAL	7	1.0	6
8.95933	-0.11431	-72.62374	LAX_LV_ENDOCARDIAL	7	1.0	6
10.58062	-1.71560	-74.79053	LAX_LV_ENDOCARDIAL	7	1.0	6
13.60170	-3.31689	-76.82259	LAX_LV_ENDOCARDIAL	7	1.0	6
15.22299	-4.91819	-78.98938	LAX_LV_ENDOCARDIAL	7	1.0	6
18.24407	-6.51948	-81.02144	LAX_LV_ENDOCARDIAL	7	1.0	6
21.26514	-8.12077	-83.05350	LAX_LV_ENDOCARDIAL	7	1.0	6
24.28622	-9.72206	-85.08556	LAX_LV_ENDOCARDIAL	7	1.0	6
27.30730	-11.32335	-87.11762	LAX_LV_ENDOCARDIAL	7	1.0	6
30.32837	-12.92465	-89.14968	LAX_LV_ENDOCARDIAL	7	1.0	6
33.34945	-14.52594	-91.18174	LAX_LV_ENDOCARDIAL	7	1.0	6
36.25977	-15.32658	-92.06305	LAX_LV_ENDOCARDIAL	7	1.0	6
39.05933	-15.32659	-91.79360	LAX_LV_ENDOCARDIAL	7	1.0	6
41.74813	-14.52594	-90.37340	LAX_LV_ENDOCARDIAL	7	1.0	6
42.92640	-12.92465	-87.93716	LAX_LV_ENDOCARDIAL	7	1.0	6
42.70489	-11.32336	-85.63565	LAX_LV_ENDOCARDIAL	7	1.0	6
42.48338	-9.72207	-83.33414	LAX_LV_ENDOCARDIAL	7	1.0	6
43.66164	-8.12078	-80.89790	LAX_LV_ENDOCARDIAL	7	1.0	6
43.44013	-6.51948	-78.59639	LAX_LV_ENDOCARDIAL	7	1.0	6
43.21862	-4.91819	-76.29488	LAX_LV_ENDOCARDIAL	7	1.0	6
44.39689	-3.31690	-73.85865	LAX_LV_ENDOCARDIAL	7	1.0	6
44.17537	-1.71561	-71.55714	LAX_LV_ENDOCARDIAL	7	1.0	6
43.95386	-0.11432	-69.25562	LAX_LV_ENDOCARDIAL	7	1.0	6
45.13213	1.48697	-66.81939	LAX_LV_ENDOCARDIAL	7	1.0	6
43.51083	3.08826	-64.65260	LAX_LV_ENDOCARDIAL	7	1.0	6
43.28932	4.68955	-62.35109	LAX_LV_ENDOCARDIAL	7	1.0	6
41.66803	6.29085	-60.18431	LAX_LV_ENDOCARDIAL	7	1.0	6
41.44651	7.89214	-57.88279	LAX_LV_ENDOCARDIAL	7	1.0	6
39.82522	9.49343	-55.71601	LAX_LV_ENDOCARDIAL	7	1.0	6
39.60371	11.09472	-53.41450	LAX_LV_ENDOCARDIAL	7	1.0	6
37.98241	12.69601	-51.24771	LAX_LV_ENDOCARDIAL	7	1.0	6
36.36112	14.29730	-49.08092	LAX_LV_ENDOCARDIAL	7	1.0	6
34.73982	15.89859	-46.91414	LAX_LV_ENDOCARDIAL	7	1.0	6
34.51831	17.49989	-44.61263	LAX_LV_ENDOCARDIAL	7	1.0	6
32.89702	19.10118	-42.44584	LAX_LV_ENDOCARDIAL	7	1.0	6
31.27572	20.70247	-40.27906	LAX_LV_ENDOCARDIAL	7	1.0	6
29.65443	22.30376	-38.11227	LAX_LV_ENDOCARDIAL	7	1.0	6
28.03313	23.90505	-35.94548	LAX_LV_ENDOCARDIAL	7	1.0	6
26.41184	25.50634	-33.77870	LAX_LV_ENDOCARDIAL	7	1.0	6
23.39076	27.10764	-31.74663	LAX_LV_ENDOCARDIAL	7	1.0	6
21.76947	28.70893	-29.57985	LAX_LV_ENDOCARDIAL	7	1.0	6
18.74839	30.31022	-27.54779	LAX_LV_ENDOCARDIAL	7	1.0	6
17.12710	31.91151	-25.38100	LAX_LV_ENDOCARDIAL	7	1.0	6
-50.38527	3.88893	-72.52840	LAX_RV_EPICARDIAL	7	1.0	6
-53.07407	3.08829	-73.94860	LAX_RV_EPICARDIAL	7	1.0	6
-54.25234	1.48700	-76.38484	LAX_RV_EPICARDIAL	7	1.0	6
-55.43061	-0.11429	-78.82108	LAX_RV_EPICARDIAL	7	1.0	6
-53.80931	-1.71558	-80.98786	LAX_RV_EPICARDIAL	7	1.0	6
-53.58780	-3.31687	-83.28937	LAX_RV_EPICARDIAL	7	1.0	6
-51.96651	-4.91817	-85.45616	LAX_RV_EPICARDIAL	7	1.0	6
-50.34521	-6.51946	-87.62295	LAX_RV_EPICARDIAL	7	1.0	6
-47.32414	-8.12075	-89.65501	LAX_RV_EPICARDIAL	7	1.0	6
-44.30306	-9.72204	-91.68707	LAX_RV_EPICARDIAL	7	1.0	6
-41.39274	-10.52269	-92.56837	LAX_RV_EPICARDIAL	7	1.0	6
-38.48242	-11.32334	-93.44968	LAX_RV_EPICARDIAL	7	1.0	6
-35.46135	-12.92463	-95.48174	LAX_RV_EPICARDIAL	7	1.0	6
-32.55103	-13.72527	-96.36305	LAX_RV_EPICARDIAL	7	1.0	6
-29.64071	-14.52592	-97.24435	LAX_RV_EPICARDIAL	7	1.0	6
-26.73039	-15.32657	-98.12566	LAX_RV_EPICARDIAL	7	1.0	6
-23.82007	-16.12721	-99.00697	LAX_RV_EPICARDIAL	7	1.0	6
-20.90975	-16.92786	-99.88827	LAX_RV_EPICARDIAL	7	1.0	6
-17.99943	-17.72851	-100.76958	LAX_RV_EPICARDIAL	7	1.0	6
-15.08911	-18.52915	-101.65089	LAX_RV_EPICARDIAL	7	1.0	6
-12.17880	-19.32980	-102.53219	LAX_RV_EPICARDIAL	7	1.0	6
-9.37923	-19.32980	-102.26274	LAX_RV_EPICARDIAL	7	1.0	6
-6.46891	-20.13045	-103.14405	LAX_RV_EPICARDIAL	7	1.0	6
-3.66935	-20.13045	-102.87460	LAX_RV_EPICARDIAL	7	1.0	6
-0.75903	-20.93109	-103.75591	LAX_RV_EPICARDIAL	7	1.0	6
2.15129	-21.73174	-104.63721	LAX_RV_EPICARDIAL	7	1.0	6
4.95085	-21.73174	-104.36776	LAX_RV_EPICARDIAL	7	1.0	6
7.75041	-21.73174	-104.09831	LAX_RV_EPICARDIAL	7	1.0	6
10.54997	-21.73174	-103.82886	LAX_RV_EPICARDIAL	7	1.0	6
13.46029	-22.53239	-104.71017	LAX_RV_EPICARDIAL	7	1.0	6
16.25986	-22.53239	-104.44072	LAX_RV_EPICARDIAL	7	1.0	6
19.05942	-22.53239	-104.17127	LAX_RV_EPICARDIAL	7	1.0	6
21.85898	-22.53239	-103.90182	LAX_RV_EPICARDIAL	7	1.0	6
24.65854	-22.53239	-103.63237	LAX_RV_EPICARDIAL	7	1.0	6
25.83681	-20.93110	-101.19614	LAX_RV_EPICARDIAL	7	1.0	6
28.41486	-19.32981	-98.62518	LAX_RV_EPICARDIAL	7	1.0	6
14.21678	32.71216	-24.49969	MITRAL_VALVE	7	1.0	6
-18.04889	23.10442	-41.54215	MITRAL_VALVE	7	1.0	6
-49.09624	4.68958	-71.24292	TRICUSPID_VALVE	7	1.0	6
-22.42970	14.29732	-54.73936	TRICUSPID_VALVE	7	1.0	6
39.50235	-18.52917	-96.39662	APEX_POINT	7	1.0	6
-10.61073	-18.58987	-3.94819	LAX_RV_FREEWALL	11	1.0	6
-10.23242	-18.57999	-6.73512	LAX_RV_FREEWALL	11	1.0	6
-9.85411	-18.57011	-9.52204	LAX_RV_FREEWALL	11	1.0	6
-9.39038	-19.96387	-12.30234	LAX_RV_FREEWALL	11	1.0	6
-9.01207	-19.95399	-15.08927	LAX_RV_FREEWALL	11	1.0	6
-8.63376	-19.94411	-17.87619	LAX_RV_FREEWALL	11	1.0	6
-8.17003	-21.33787	-20.65649	LAX_RV_FREEWALL	11	1.0	6
-7.79172	-21.32799	-23.44342	LAX_RV_FREEWALL	11	1.0	6
-7.41341	-21.31812	-26.23034	LAX_RV_FREEWALL	11	1.0	6
-6.94968	-22.71188	-29.01064	LAX_RV_FREEWALL	11	1.0	6
-6.57136	-22.70200	-31.79757	LAX_RV_FREEWALL	11	1.0	6
-6.10764	-24.09576	-34.57787	LAX_RV_FREEWALL	11	1.0	6
-5.72932	-24.08588	-37.36479	LAX_RV_FREEWALL	11	1.0	6
-5.35101	-24.07600	-40.15172	LAX_RV_FREEWALL	11	1.0	6
-4.97270	-24.06612	-42.93864	LAX_RV_FREEWALL	11	1.0	6
-4.59439	-24.05624	-45.72556	LAX_RV_FREEWALL	11	1.0	6
-4.13066	-25.45000	-48.50587	LAX_RV_FREEWALL	11	1.0	6
-3.75235	-25.44012	-51.29279	LAX_RV_FREEWALL	11	1.0	6
-3.37404	-25.43024	-54.07971	LAX_RV_FREEWALL	11	1.0	6
-2.99572	-25.42036	-56.86664	LAX_RV_FREEWALL	11	1.0	6
-2.70283	-24.00685	-59.66018	LAX_RV_FREEWALL	11	1.0	6
-2.23910	-25.40061	-62.44048	LAX_RV_FREEWALL	11	1.0	6
-1.77537	-26.79437	-65.22079	LAX_RV_FREEWALL	11	1.0	6
-1.39706	-26.78449	-68.00771	LAX_RV_FREEWALL	11	1.0	6
-1.01875	-26.77461	-70.79463	LAX_RV_FREEWALL	11	1.0	6
-0.64043	-26.76473	-73.58155	LAX_RV_FREEWALL	11	1.0	6
-0.34754	-25.35121	-76.37510	LAX_RV_FREEWALL	11	1.0	6
0.11619	-26.74497	-79.15540	LAX_RV_FREEWALL	11	1.0	6
0.49450	-26.73509	-81.94232	LAX_RV_FREEWALL	11	1.0	6
0.87281	-26.72521	-84.72925	LAX_RV_FREEWALL	11	1.0	6
1.25113	-26.71534	-87.51617	LAX_RV_FREEWALL	11	1.0	6
1.62944	-26.70546	-90.30309	LAX_RV_FREEWALL	11	1.0	6
2.00775	-26.69558	-93.09002	LAX_RV_FREEWALL	11	1.0	6
2.30065	-25.28206	-95.88356	LAX_RV_FREEWALL	11	1.0	6
2.67896	-25.27218	-98.67048	LAX_RV_FREEWALL	11	1.0	6
2.88644	-22.45503	-101.47064	LAX_RV_FREEWALL	11	1.0	6
2.90476	-19.64281	-102.87734	LAX_RV_FREEWALL	11	1.0	6
2.92309	-16.83059	-104.28404	LAX_RV_FREEWALL	11	1.0	6
2.75226	-14.02332	-104.29728	LAX_RV_FREEWALL	11	1.0	6
2.39227	-11.22098	-102.91706	LAX_RV_FREEWALL	11	1.0	6
2.03228	-8.41864	-101.53684	LAX_RV_FREEWALL	11	1.0	6
1.67229	-5.61630	-100.15661	LAX_RV_FREEWALL	11	1.0	6
1.12315	-2.81890	-97.38293	LAX_RV_FREEWALL	11	1.0	6
0.57400	-0.02151	-94.60925	LAX_RV_FREEWALL	11	1.0	6
0.02486	2.77589	-91.83556	LAX_RV_FREEWALL	11	1.0	6
-0.33513	5.57823	-90.45534	LAX_RV_FREEWALL	11	1.0	6
-0.79886	6.97199	-87.67504	LAX_RV_FREEWALL	11	1.0	6
-0.90260	5.56341	-86.27495	LAX_RV_FREEWALL	11	1.0	6
-1.11008	2.74626	-83.47479	LAX_RV_SEPTUM	11	1.0	6
-1.12840	-0.06596	-82.06809	LAX_RV_SEPTUM	11	1.0	6
-1.14672	-2.87818	-80.66139	LAX_RV_SEPTUM	11	1.0	6
-1.16505	-5.69039	-79.25469	LAX_RV_SEPTUM	11	1.0	6
-1.18337	-8.50261	-77.84799	LAX_RV_SEPTUM	11	1.0	6
-1.39085	-11.31977	-75.04783	LAX_RV_SEPTUM	11	1.0	6
-1.76917	-11.32964	-72.26091	LAX_RV_SEPTUM	11	1.0	6
-2.06206	-12.74316	-69.46736	LAX_RV_SEPTUM	11	1.0	6
-2.44037	-12.75304	-66.68044	LAX_RV_SEPTUM	11	1.0	6
-2.81869	-12.76292	-63.89352	LAX_RV_SEPTUM	11	1.0	6
-3.11158	-14.17644	-61.09997	LAX_RV_SEPTUM	11	1.0	6
-3.48989	-14.18632	-58.31305	LAX_RV_SEPTUM	11	1.0	6
-3.78279	-15.59983	-55.51951	LAX_RV_SEPTUM	11	1.0	6
-4.16110	-15.60971	-52.73259	LAX_RV_SEPTUM	11	1.0	6
-4.62483	-14.21595	-49.95228	LAX_RV_SEPTUM	11	1.0	6
-5.00314	-14.22583	-47.16536	LAX_RV_SEPTUM	11	1.0	6
-5.46687	-12.83207	-44.38506	LAX_RV_SEPTUM	11	1.0	6
-5.93060	-11.43831	-41.60475	LAX_RV_SEPTUM	11	1.0	6
-6.39433	-10.04455	-38.82445	LAX_RV_SEPTUM	11	1.0	6
-6.85806	-8.65079	-36.04414	LAX_RV_SEPTUM	11	1.0	6
-7.32178	-7.25703	-33.26384	LAX_RV_SEPTUM	11	1.0	6
-7.70010	-7.26691	-30.47692	LAX_RV_SEPTUM	11	1.0	6
-8.16382	-5.87315	-27.69661	LAX_RV_SEPTUM	11	1.0	6
-8.54214	-5.88303	-24.90969	LAX_RV_SEPTUM	11	1.0	6
-9.00586	-4.48927	-22.12939	LAX_RV_SEPTUM	11	1.0	6
-9.46959	-3.09551	-19.34908	LAX_RV_SEPTUM	11	1.0	6
-10.33616	-19.98857	-5.33503	LAX_RV_EPICARDIAL	11	1.0	6
-9.87243	-21.38233	-8.11534	LAX_RV_EPICARDIAL	11	1.0	6
-9.40871	-22.77609	-10.89564	LAX_RV_EPICARDIAL	11	1.0	6
-8.94498	-24.16985	-13.67595	LAX_RV_EPICARDIAL	11	1.0	6
-8.56667	-24.15997	-16.46287	LAX_RV_EPICARDIAL	11	1.0	6
-8.18835	-24.15009	-19.24979	LAX_RV_EPICARDIAL	11	1.0	6
-7.72463	-25.54385	-22.03010	LAX_RV_EPICARDIAL	11	1.0	6
-7.34631	-25.53397	-24.81702	LAX_RV_EPICARDIAL	11	1.0	6
-6.88259	-26.92773	-27.59732	LAX_RV_EPICARDIAL	11	1.0	6
-6.50427	-26.91785	-30.38425	LAX_RV_EPICARDIAL	11	1.0	6
-6.04055	-28.31161	-33.16455	LAX_RV_EPICARDIAL	11	1.0	6
-5.66223	-28.30173	-35.95147	LAX_RV_EPICARDIAL	11	1.0	6
-5.28392	-28.29185	-38.73840	LAX_RV_EPICARDIAL	11	1.0	6
-4.90561	-28.28197	-41.52532	LAX_RV_EPICARDIAL	11	1.0	6
-4.44188	-29.67573	-44.30562	LAX_RV_EPICARDIAL	11	1.0	6
-4.06357	-29.66586	-47.09255	LAX_RV_EPICARDIAL	11	1.0	6
-3.77067	-28.25234	-49.88609	LAX_RV_EPICARDIAL	11	1.0	6
-3.47778	-26.83882	-52.67963	LAX_RV_EPICARDIAL	11	1.0	6
-3.09946	-26.82894	-55.46655	LAX_RV_EPICARDIAL	11	1.0	6
-2.72115	-26.81906	-58.25348	LAX_RV_EPICARDIAL	11	1.0	6
-2.25742	-28.21282	-61.03378	LAX_RV_EPICARDIAL	11	1.0	6
-1.79370	-29.60658	-63.81408	LAX_RV_EPICARDIAL	11	1.0	6
-1.41538	-29.59670	-66.60101	LAX_RV_EPICARDIAL	11	1.0	6
-0.95165	-30.99046	-69.38131	LAX_RV_EPICARDIAL	11	1.0	6
-0.65876	-29.57695	-72.17485	LAX_RV_EPICARDIAL	11	1.0	6
-0.28045	-29.56707	-74.96178	LAX_RV_EPICARDIAL	11	1.0	6
0.09787	-29.55719	-77.74870	LAX_RV_EPICARDIAL	11	1.0	6
0.47618	-29.54731	-80.53562	LAX_RV_EPICARDIAL	11	1.0	6
0.93991	-30.94107	-83.31593	LAX_RV_EPICARDIAL	11	1.0	6
1.31822	-30.93119	-86.10285	LAX_RV_EPICARDIAL	11	1.0	6
1.61111	-29.51767	-88.89639	LAX_RV_EPICARDIAL	11	1.0	6
1.98943	-29.50780	-91.68332	LAX_RV_EPICARDIAL	11	1.0	6
2.36774	-29.49792	-94.47024	LAX_RV_EPICARDIAL	11	1.0	6
2.66064	-28.08440	-97.26378	LAX_RV_EPICARDIAL	11	1.0	6
3.03895	-28.07452	-100.05070	LAX_RV_EPICARDIAL	11	1.0	6
3.33184	-26.66100	-102.84425	LAX_RV_EPICARDIAL	11	1.0	6
3.53932	-23.84385	-105.64441	LAX_RV_EPICARDIAL	11	1.0	6
3.64306	-22.43527	-107.04449	LAX_RV_EPICARDIAL	11	1.0	6
3.66139	-19.62305	-108.45119	LAX_RV_EPICARDIAL	11	1.0	6
3.49056	-16.81578	-108.46443	LAX_RV_EPICARDIAL	11	1.0	6
3.31972	-14.00850	-108.47767	LAX_RV_EPICARDIAL	11	1.0	6
3.14889	-11.20122	-108.49091	LAX_RV_EPICARDIAL	11	1.0	6
2.78891	-8.39888	-107.11068	LAX_RV_EPICARDIAL	11	1.0	6
2.42892	-5.59655	-105.73046	LAX_RV_EPICARDIAL	11	1.0	6
2.25809	-2.78927	-105.74370	LAX_RV_EPICARDIAL	11	1.0	6
1.89810	0.01307	-104.36348	LAX_RV_EPICARDIAL	11	1.0	6
1.34895	2.81047	-101.58979	LAX_RV_EPICARDIAL	11	1.0	6
0.88523	4.20423	-98.80949	LAX_RV_EPICARDIAL	11	1.0	6
0.33608	7.00163	-96.03580	LAX_RV_EPICARDIAL	11	1.0	6
-0.21306	9.79902	-93.26212	LAX_RV_EPICARDIAL	11	1.0	6
-0.76221	12.59642	-90.48844	LAX_RV_EPICARDIAL	11	1.0	6
-1.14052	12.58654	-87.70151	LAX_RV_EPICARDIAL	11	1.0	6
-1.15884	9.77433	-86.29481	LAX_RV_EPICARDIAL	11	1.0	6
-0.98801	6.96705	-86.28157	LAX_RV_EPICARDIAL	11	1.0	6
-10.29331	1.10059	-15.18856	PULMONARY_VALVE	11	1.0	6
-11.34903	-15.79741	0.21895	PULMONARY_VALVE	11	1.0	6
