x	y	z	contour type	frameID	weight	time frame
-41.08405	-20.95398	-33.08413	SAX_RV_FREEWALL	2	1.0	16
-42.78062	-19.84921	-35.49013	SAX_RV_FREEWALL	2	1.0	16
-45.00831	-19.84922	-37.20698	SAX_RV_FREEWALL	2	1.0	16
-47.23599	-19.84922	-38.92383	SAX_RV_FREEWALL	2	1.0	16
-49.46368	-19.84922	-40.64067	SAX_RV_FREEWALL	2	1.0	16
-51.69137	-19.84922	-42.35752	SAX_RV_FREEWALL	2	1.0	16
-53.38794	-18.74446	-44.76352	SAX_RV_FREEWALL	2	1.0	16
-55.61563	-18.74446	-46.48037	SAX_RV_FREEWALL	2	1.0	16
-57.84332	-18.74446	-48.19721	SAX_RV_FREEWALL	2	1.0	16
-60.07100	-18.74446	-49.91406	SAX_RV_FREEWALL	2	1.0	16
-61.23645	-16.53493	-53.00922	SAX_RV_FREEWALL	2	1.0	16
-62.93302	-15.43016	-55.41522	SAX_RV_FREEWALL	2	1.0	16
-64.62959	-14.32540	-57.82122	SAX_RV_FREEWALL	2	1.0	16
-66.32615	-13.22063	-60.22722	SAX_RV_FREEWALL	2	1.0	16
-68.02272	-12.11586	-62.63322	SAX_RV_FREEWALL	2	1.0	16
-68.07432	-9.90633	-64.86996	SAX_RV_FREEWALL	2	1.0	16
-68.12592	-7.69679	-67.10670	SAX_RV_FREEWALL	2	1.0	16
-68.17753	-5.48726	-69.34343	SAX_RV_FREEWALL	2	1.0	16
-67.11529	-3.27772	-70.72175	SAX_RV_FREEWALL	2	1.0	16
-64.93920	-1.06818	-71.24164	SAX_RV_FREEWALL	2	1.0	16
-63.87696	1.14135	-72.61995	SAX_RV_FREEWALL	2	1.0	16
-61.70087	3.35089	-73.13984	SAX_RV_FREEWALL	2	1.0	16
-59.52479	5.56043	-73.65973	SAX_RV_FREEWALL	2	1.0	16
-57.34870	7.76997	-74.17962	SAX_RV_FREEWALL	2	1.0	16
-55.17261	9.97950	-74.69951	SAX_RV_FREEWALL	2	1.0	16
-51.88268	12.18904	-74.36098	SAX_RV_FREEWALL	2	1.0	16
-49.70660	14.39858	-74.88087	SAX_RV_FREEWALL	2	1.0	16
-46.41667	16.60812	-74.54234	SAX_RV_FREEWALL	2	1.0	16
-43.12674	18.81766	-74.20381	SAX_RV_FREEWALL	2	1.0	16
-40.36793	19.92243	-73.17612	SAX_RV_FREEWALL	2	1.0	16
-37.60912	21.02720	-72.14843	SAX_RV_FREEWALL	2	1.0	16
-34.85031	22.13197	-71.12074	SAX_RV_FREEWALL	2	1.0	16
-32.09150	23.23674	-70.09305	SAX_RV_FREEWALL	2	1.0	16
-30.39493	22.13197	-67.68705	SAX_RV_FREEWALL	2	1.0	16
-28.16724	22.13198	-65.97020	SAX_RV_FREEWALL	2	1.0	16
-26.47068	21.02721	-63.56420	SAX_RV_FREEWALL	2	1.0	16
-11.26827	-9.90627	-21.09040	SAX_RV_FREEWALL	2	1.0	16
-11.21667	-12.11581	-18.85366	SAX_RV_FREEWALL	2	1.0	16
-11.16506	-14.32534	-16.61693	SAX_RV_FREEWALL	2	1.0	16
-11.11346	-16.53488	-14.38019	SAX_RV_FREEWALL	2	1.0	16
-11.64458	-17.63965	-13.69103	SAX_RV_FREEWALL	2	1.0	16
-12.17570	-18.74442	-13.00188	SAX_RV_FREEWALL	2	1.0	16
-14.93451	-19.84919	-14.02956	SAX_RV_FREEWALL	2	1.0	16
-17.16220	-19.84919	-15.74641	SAX_RV_FREEWALL	2	1.0	16
-19.92101	-20.95396	-16.77410	SAX_RV_FREEWALL	2	1.0	16
-22.14870	-20.95396	-18.49094	SAX_RV_FREEWALL	2	1.0	16
-24.37639	-20.95396	-20.20779	SAX_RV_FREEWALL	2	1.0	16
-26.60407	-20.95397	-21.92464	SAX_RV_FREEWALL	2	1.0	16
-28.83176	-20.95397	-23.64148	SAX_RV_FREEWALL	2	1.0	16
-31.05945	-20.95397	-25.35833	SAX_RV_FREEWALL	2	1.0	16
-33.28714	-20.95397	-27.07517	SAX_RV_FREEWALL	2	1.0	16
-35.51483	-20.95397	-28.79202	SAX_RV_FREEWALL	2	1.0	16
-37.74252	-20.95398	-30.50886	SAX_RV_FREEWALL	2	1.0	16
-39.97021	-20.95398	-32.22571	SAX_RV_FREEWALL	2	1.0	16
-33.76666	-24.26828	-24.14928	SAX_RV_EPICARDIAL	2	1.0	16
-35.46323	-23.16351	-26.55528	SAX_RV_EPICARDIAL	2	1.0	16
-37.69091	-23.16351	-28.27213	SAX_RV_EPICARDIAL	2	1.0	16
-39.91860	-23.16351	-29.98897	SAX_RV_EPICARDIAL	2	1.0	16
-42.14629	-23.16352	-31.70582	SAX_RV_EPICARDIAL	2	1.0	16
-44.37398	-23.16352	-33.42266	SAX_RV_EPICARDIAL	2	1.0	16
-46.60167	-23.16352	-35.13951	SAX_RV_EPICARDIAL	2	1.0	16
-48.82936	-23.16352	-36.85636	SAX_RV_EPICARDIAL	2	1.0	16
-50.52592	-22.05876	-39.26236	SAX_RV_EPICARDIAL	2	1.0	16
-52.75361	-22.05876	-40.97920	SAX_RV_EPICARDIAL	2	1.0	16
-54.98130	-22.05876	-42.69605	SAX_RV_EPICARDIAL	2	1.0	16
-57.20899	-22.05876	-44.41289	SAX_RV_EPICARDIAL	2	1.0	16
-58.90556	-20.95400	-46.81890	SAX_RV_EPICARDIAL	2	1.0	16
-61.13325	-20.95400	-48.53574	SAX_RV_EPICARDIAL	2	1.0	16
-63.36093	-20.95400	-50.25259	SAX_RV_EPICARDIAL	2	1.0	16
-64.52638	-18.74447	-53.34775	SAX_RV_EPICARDIAL	2	1.0	16
-66.22295	-17.63970	-55.75375	SAX_RV_EPICARDIAL	2	1.0	16
-67.38839	-15.43017	-58.84891	SAX_RV_EPICARDIAL	2	1.0	16
-69.08496	-14.32540	-61.25491	SAX_RV_EPICARDIAL	2	1.0	16
-70.25041	-12.11587	-64.35007	SAX_RV_EPICARDIAL	2	1.0	16
-70.30201	-9.90633	-66.58681	SAX_RV_EPICARDIAL	2	1.0	16
-70.35361	-7.69680	-68.82354	SAX_RV_EPICARDIAL	2	1.0	16
-69.29137	-5.48726	-70.20186	SAX_RV_EPICARDIAL	2	1.0	16
-69.34297	-3.27772	-72.43859	SAX_RV_EPICARDIAL	2	1.0	16
-67.16689	-1.06819	-72.95848	SAX_RV_EPICARDIAL	2	1.0	16
-64.99080	1.14135	-73.47837	SAX_RV_EPICARDIAL	2	1.0	16
-63.92856	3.35089	-74.85669	SAX_RV_EPICARDIAL	2	1.0	16
-61.75247	5.56043	-75.37658	SAX_RV_EPICARDIAL	2	1.0	16
-59.57639	7.76996	-75.89647	SAX_RV_EPICARDIAL	2	1.0	16
-57.40030	9.97950	-76.41636	SAX_RV_EPICARDIAL	2	1.0	16
-55.22422	12.18904	-76.93625	SAX_RV_EPICARDIAL	2	1.0	16
-53.04813	14.39858	-77.45614	SAX_RV_EPICARDIAL	2	1.0	16
-49.75820	16.60812	-77.11761	SAX_RV_EPICARDIAL	2	1.0	16
-46.46827	18.81765	-76.77908	SAX_RV_EPICARDIAL	2	1.0	16
-43.17834	21.02719	-76.44054	SAX_RV_EPICARDIAL	2	1.0	16
-40.41953	22.13196	-75.41285	SAX_RV_EPICARDIAL	2	1.0	16
-37.66072	23.23673	-74.38517	SAX_RV_EPICARDIAL	2	1.0	16
-34.90191	24.34150	-73.35748	SAX_RV_EPICARDIAL	2	1.0	16
-32.14310	25.44627	-72.32979	SAX_RV_EPICARDIAL	2	1.0	16
-30.44653	24.34151	-69.92379	SAX_RV_EPICARDIAL	2	1.0	16
-28.21884	24.34151	-68.20694	SAX_RV_EPICARDIAL	2	1.0	16
-25.46004	25.44628	-67.17925	SAX_RV_EPICARDIAL	2	1.0	16
-23.76347	24.34152	-64.77325	SAX_RV_EPICARDIAL	2	1.0	16
-10.47913	-19.84918	-10.59587	SAX_RV_EPICARDIAL	2	1.0	16
-8.25145	-19.84918	-8.87903	SAX_RV_EPICARDIAL	2	1.0	16
-5.49264	-18.74441	-7.85134	SAX_RV_EPICARDIAL	2	1.0	16
-2.73383	-17.63964	-6.82365	SAX_RV_EPICARDIAL	2	1.0	16
0.02498	-16.53487	-5.79596	SAX_RV_EPICARDIAL	2	1.0	16
3.31491	-14.32533	-5.45743	SAX_RV_EPICARDIAL	2	1.0	16
6.07372	-13.22056	-4.42974	SAX_RV_EPICARDIAL	2	1.0	16
9.36365	-11.01102	-4.09121	SAX_RV_EPICARDIAL	2	1.0	16
8.83253	-12.11579	-3.40205	SAX_RV_EPICARDIAL	2	1.0	16
5.54260	-14.32533	-3.74058	SAX_RV_EPICARDIAL	2	1.0	16
2.78379	-15.43010	-4.76827	SAX_RV_EPICARDIAL	2	1.0	16
0.02498	-16.53487	-5.79596	SAX_RV_EPICARDIAL	2	1.0	16
-2.73383	-17.63964	-6.82365	SAX_RV_EPICARDIAL	2	1.0	16
-5.49264	-18.74441	-7.85134	SAX_RV_EPICARDIAL	2	1.0	16
-8.25145	-19.84918	-8.87903	SAX_RV_EPICARDIAL	2	1.0	16
-11.01026	-20.95395	-9.90672	SAX_RV_EPICARDIAL	2	1.0	16
-13.23794	-20.95395	-11.62356	SAX_RV_EPICARDIAL	2	1.0	16
-15.46563	-20.95395	-13.34041	SAX_RV_EPICARDIAL	2	1.0	16
-18.22444	-22.05872	-14.36810	SAX_RV_EPICARDIAL	2	1.0	16
-20.45213	-22.05873	-16.08494	SAX_RV_EPICARDIAL	2	1.0	16
-23.21094	-23.16350	-17.11263	SAX_RV_EPICARDIAL	2	1.0	16
-25.43863	-23.16350	-18.82948	SAX_RV_EPICARDIAL	2	1.0	16
-28.19744	-24.26827	-19.85717	SAX_RV_EPICARDIAL	2	1.0	16
-30.42513	-24.26827	-21.57401	SAX_RV_EPICARDIAL	2	1.0	16
-32.65281	-24.26827	-23.29086	SAX_RV_EPICARDIAL	2	1.0	16
-24.77411	19.92244	-61.15820	SAX_RV_SEPTUM	2	1.0	16
-25.83635	17.71291	-59.77989	SAX_RV_SEPTUM	2	1.0	16
-25.78475	15.50337	-57.54315	SAX_RV_SEPTUM	2	1.0	16
-25.73314	13.29384	-55.30641	SAX_RV_SEPTUM	2	1.0	16
-25.68154	11.08430	-53.06968	SAX_RV_SEPTUM	2	1.0	16
-25.62994	8.87476	-50.83294	SAX_RV_SEPTUM	2	1.0	16
-25.57834	6.66523	-48.59620	SAX_RV_SEPTUM	2	1.0	16
-24.41289	4.45570	-45.50105	SAX_RV_SEPTUM	2	1.0	16
-23.24744	2.24616	-42.40589	SAX_RV_SEPTUM	2	1.0	16
-23.19584	0.03663	-40.16915	SAX_RV_SEPTUM	2	1.0	16
-22.03040	-2.17291	-37.07399	SAX_RV_SEPTUM	2	1.0	16
-20.86495	-4.38244	-33.97883	SAX_RV_SEPTUM	2	1.0	16
-19.69950	-6.59198	-30.88367	SAX_RV_SEPTUM	2	1.0	16
-17.47181	-6.59198	-29.16683	SAX_RV_SEPTUM	2	1.0	16
-15.24413	-6.59197	-27.44998	SAX_RV_SEPTUM	2	1.0	16
-13.01644	-6.59197	-25.73314	SAX_RV_SEPTUM	2	1.0	16
-10.78875	-6.59197	-24.01629	SAX_RV_SEPTUM	2	1.0	16
-8.02994	-5.48720	-22.98860	SAX_RV_SEPTUM	2	1.0	16
-5.80225	-5.48720	-21.27176	SAX_RV_SEPTUM	2	1.0	16
-9.09218	-7.69673	-21.61029	SAX_RV_SEPTUM	2	1.0	16
-22.06690	23.23675	-62.36725	SAX_LV_EPICARDIAL	2	1.0	16
-21.00466	25.44629	-63.74556	SAX_LV_EPICARDIAL	2	1.0	16
-19.94242	27.65582	-65.12387	SAX_LV_EPICARDIAL	2	1.0	16
-18.88017	29.86536	-66.50219	SAX_LV_EPICARDIAL	2	1.0	16
-16.70409	32.07490	-67.02208	SAX_LV_EPICARDIAL	2	1.0	16
-14.52800	34.28443	-67.54197	SAX_LV_EPICARDIAL	2	1.0	16
-12.35192	36.49397	-68.06186	SAX_LV_EPICARDIAL	2	1.0	16
-9.06199	38.70351	-67.72333	SAX_LV_EPICARDIAL	2	1.0	16
-5.77206	40.91305	-67.38479	SAX_LV_EPICARDIAL	2	1.0	16
-2.48213	43.12259	-67.04626	SAX_LV_EPICARDIAL	2	1.0	16
0.27668	44.22736	-66.01857	SAX_LV_EPICARDIAL	2	1.0	16
3.03549	45.33213	-64.99088	SAX_LV_EPICARDIAL	2	1.0	16
5.79430	46.43690	-63.96320	SAX_LV_EPICARDIAL	2	1.0	16
8.55311	47.54167	-62.93551	SAX_LV_EPICARDIAL	2	1.0	16
11.31192	48.64644	-61.90782	SAX_LV_EPICARDIAL	2	1.0	16
13.53961	48.64644	-60.19097	SAX_LV_EPICARDIAL	2	1.0	16
16.29842	49.75121	-59.16328	SAX_LV_EPICARDIAL	2	1.0	16
18.52611	49.75122	-57.44644	SAX_LV_EPICARDIAL	2	1.0	16
20.75380	49.75122	-55.72959	SAX_LV_EPICARDIAL	2	1.0	16
22.98148	49.75122	-54.01275	SAX_LV_EPICARDIAL	2	1.0	16
25.20917	49.75122	-52.29590	SAX_LV_EPICARDIAL	2	1.0	16
26.90574	48.64646	-49.88990	SAX_LV_EPICARDIAL	2	1.0	16
28.60231	47.54169	-47.48390	SAX_LV_EPICARDIAL	2	1.0	16
30.83000	47.54169	-45.76705	SAX_LV_EPICARDIAL	2	1.0	16
31.99544	45.33216	-42.67189	SAX_LV_EPICARDIAL	2	1.0	16
33.69201	44.22739	-40.26589	SAX_LV_EPICARDIAL	2	1.0	16
34.85746	42.01786	-37.17073	SAX_LV_EPICARDIAL	2	1.0	16
36.55402	40.91309	-34.76473	SAX_LV_EPICARDIAL	2	1.0	16
37.71947	38.70356	-31.66957	SAX_LV_EPICARDIAL	2	1.0	16
37.77107	36.49402	-29.43283	SAX_LV_EPICARDIAL	2	1.0	16
37.82268	34.28449	-27.19610	SAX_LV_EPICARDIAL	2	1.0	16
37.87428	32.07495	-24.95936	SAX_LV_EPICARDIAL	2	1.0	16
37.92588	29.86542	-22.72262	SAX_LV_EPICARDIAL	2	1.0	16
37.97748	27.65588	-20.48589	SAX_LV_EPICARDIAL	2	1.0	16
36.91524	25.44634	-19.10757	SAX_LV_EPICARDIAL	2	1.0	16
35.85300	23.23681	-17.72926	SAX_LV_EPICARDIAL	2	1.0	16
34.79076	21.02727	-16.35095	SAX_LV_EPICARDIAL	2	1.0	16
33.72852	18.81773	-14.97263	SAX_LV_EPICARDIAL	2	1.0	16
31.55243	16.60820	-14.45274	SAX_LV_EPICARDIAL	2	1.0	16
29.37634	14.39866	-13.93285	SAX_LV_EPICARDIAL	2	1.0	16
27.20026	12.18912	-13.41296	SAX_LV_EPICARDIAL	2	1.0	16
25.02417	9.97958	-12.89307	SAX_LV_EPICARDIAL	2	1.0	16
21.73424	7.77004	-13.23160	SAX_LV_EPICARDIAL	2	1.0	16
18.97543	6.66527	-14.25929	SAX_LV_EPICARDIAL	2	1.0	16
16.21662	5.56050	-15.28698	SAX_LV_EPICARDIAL	2	1.0	16
12.92669	3.35096	-15.62551	SAX_LV_EPICARDIAL	2	1.0	16
10.16788	2.24619	-16.65320	SAX_LV_EPICARDIAL	2	1.0	16
7.40907	1.14142	-17.68089	SAX_LV_EPICARDIAL	2	1.0	16
4.65026	0.03665	-18.70858	SAX_LV_EPICARDIAL	2	1.0	16
1.89145	-1.06812	-19.73627	SAX_LV_EPICARDIAL	2	1.0	16
-0.86736	-2.17289	-20.76396	SAX_LV_EPICARDIAL	2	1.0	16
-14.86781	1.14140	-34.84935	SAX_LV_ENDOCARDIAL	2	1.0	16
-16.56438	2.24617	-37.25535	SAX_LV_ENDOCARDIAL	2	1.0	16
-17.72983	4.45570	-40.35051	SAX_LV_ENDOCARDIAL	2	1.0	16
-17.78143	6.66524	-42.58724	SAX_LV_ENDOCARDIAL	2	1.0	16
-17.83303	8.87477	-44.82398	SAX_LV_ENDOCARDIAL	2	1.0	16
-17.88463	11.08431	-47.06072	SAX_LV_ENDOCARDIAL	2	1.0	16
-17.93624	13.29384	-49.29745	SAX_LV_ENDOCARDIAL	2	1.0	16
-17.98784	15.50338	-51.53419	SAX_LV_ENDOCARDIAL	2	1.0	16
-18.03944	17.71291	-53.77093	SAX_LV_ENDOCARDIAL	2	1.0	16
-16.97720	19.92245	-55.14924	SAX_LV_ENDOCARDIAL	2	1.0	16
-15.91496	22.13199	-56.52755	SAX_LV_ENDOCARDIAL	2	1.0	16
-14.85271	24.34152	-57.90587	SAX_LV_ENDOCARDIAL	2	1.0	16
-13.79047	26.55106	-59.28418	SAX_LV_ENDOCARDIAL	2	1.0	16
-11.61439	28.76060	-59.80407	SAX_LV_ENDOCARDIAL	2	1.0	16
-9.43830	30.97014	-60.32396	SAX_LV_ENDOCARDIAL	2	1.0	16
-7.26221	33.17967	-60.84385	SAX_LV_ENDOCARDIAL	2	1.0	16
-3.97228	35.38921	-60.50532	SAX_LV_ENDOCARDIAL	2	1.0	16
-0.68235	37.59875	-60.16679	SAX_LV_ENDOCARDIAL	2	1.0	16
2.07646	38.70352	-59.13910	SAX_LV_ENDOCARDIAL	2	1.0	16
4.83527	39.80829	-58.11141	SAX_LV_ENDOCARDIAL	2	1.0	16
7.59407	40.91306	-57.08372	SAX_LV_ENDOCARDIAL	2	1.0	16
10.35288	42.01783	-56.05603	SAX_LV_ENDOCARDIAL	2	1.0	16
12.58057	42.01784	-54.33919	SAX_LV_ENDOCARDIAL	2	1.0	16
15.33938	43.12261	-53.31150	SAX_LV_ENDOCARDIAL	2	1.0	16
17.56707	43.12261	-51.59465	SAX_LV_ENDOCARDIAL	2	1.0	16
19.79476	43.12261	-49.87781	SAX_LV_ENDOCARDIAL	2	1.0	16
21.49133	42.01784	-47.47180	SAX_LV_ENDOCARDIAL	2	1.0	16
23.18789	40.91308	-45.06580	SAX_LV_ENDOCARDIAL	2	1.0	16
25.41558	40.91308	-43.34896	SAX_LV_ENDOCARDIAL	2	1.0	16
26.58103	38.70355	-40.25380	SAX_LV_ENDOCARDIAL	2	1.0	16
28.27760	37.59878	-37.84779	SAX_LV_ENDOCARDIAL	2	1.0	16
29.44304	35.38925	-34.75264	SAX_LV_ENDOCARDIAL	2	1.0	16
30.60849	33.17971	-31.65748	SAX_LV_ENDOCARDIAL	2	1.0	16
31.77394	30.97018	-28.56232	SAX_LV_ENDOCARDIAL	2	1.0	16
31.82554	28.76064	-26.32558	SAX_LV_ENDOCARDIAL	2	1.0	16
31.87714	26.55111	-24.08884	SAX_LV_ENDOCARDIAL	2	1.0	16
31.92874	24.34157	-21.85211	SAX_LV_ENDOCARDIAL	2	1.0	16
30.86650	22.13203	-20.47379	SAX_LV_ENDOCARDIAL	2	1.0	16
28.69041	19.92250	-19.95390	SAX_LV_ENDOCARDIAL	2	1.0	16
26.51433	17.71296	-19.43401	SAX_LV_ENDOCARDIAL	2	1.0	16
23.22440	15.50342	-19.77255	SAX_LV_ENDOCARDIAL	2	1.0	16
20.46559	14.39865	-20.80023	SAX_LV_ENDOCARDIAL	2	1.0	16
17.70678	13.29388	-21.82792	SAX_LV_ENDOCARDIAL	2	1.0	16
14.94797	12.18911	-22.85561	SAX_LV_ENDOCARDIAL	2	1.0	16
12.18916	11.08434	-23.88330	SAX_LV_ENDOCARDIAL	2	1.0	16
9.43035	9.97957	-24.91099	SAX_LV_ENDOCARDIAL	2	1.0	16
6.67154	8.87480	-25.93868	SAX_LV_ENDOCARDIAL	2	1.0	16
3.91273	7.77003	-26.96637	SAX_LV_ENDOCARDIAL	2	1.0	16
1.15392	6.66526	-27.99406	SAX_LV_ENDOCARDIAL	2	1.0	16
-1.60489	5.56049	-29.02175	SAX_LV_ENDOCARDIAL	2	1.0	16
-4.36370	4.45572	-30.04943	SAX_LV_ENDOCARDIAL	2	1.0	16
-7.12250	3.35094	-31.07712	SAX_LV_ENDOCARDIAL	2	1.0	16
-9.88131	2.24617	-32.10481	SAX_LV_ENDOCARDIAL	2	1.0	16
-12.64012	1.14140	-33.13250	SAX_LV_ENDOCARDIAL	2	1.0	16
3.05690	-3.27765	-16.64111	RV_INSERT	2	1.0	16
-26.47068	21.02721	-63.56420	RV_INSERT	2	1.0	16
-45.48166	-28.59119	-57.32510	SAX_RV_FREEWALL	3	1.0	16
-47.17823	-27.48642	-59.73110	SAX_RV_FREEWALL	3	1.0	16
-49.40592	-27.48643	-61.44795	SAX_RV_FREEWALL	3	1.0	16
-51.10249	-26.38166	-63.85395	SAX_RV_FREEWALL	3	1.0	16
-52.79905	-25.27689	-66.25995	SAX_RV_FREEWALL	3	1.0	16
-54.49562	-24.17213	-68.66595	SAX_RV_FREEWALL	3	1.0	16
-55.66107	-21.96259	-71.76111	SAX_RV_FREEWALL	3	1.0	16
-57.35763	-20.85783	-74.16712	SAX_RV_FREEWALL	3	1.0	16
-58.52308	-18.64829	-77.26227	SAX_RV_FREEWALL	3	1.0	16
-59.68853	-16.43876	-80.35743	SAX_RV_FREEWALL	3	1.0	16
-59.74013	-14.22922	-82.59417	SAX_RV_FREEWALL	3	1.0	16
-57.56404	-12.01969	-83.11406	SAX_RV_FREEWALL	3	1.0	16
-56.50180	-9.81015	-84.49237	SAX_RV_FREEWALL	3	1.0	16
-53.21187	-7.60061	-84.15384	SAX_RV_FREEWALL	3	1.0	16
-51.03579	-5.39107	-84.67373	SAX_RV_FREEWALL	3	1.0	16
-47.74585	-3.18153	-84.33520	SAX_RV_FREEWALL	3	1.0	16
-44.45592	-0.97199	-83.99667	SAX_RV_FREEWALL	3	1.0	16
-41.16599	1.23754	-83.65814	SAX_RV_FREEWALL	3	1.0	16
-37.87606	3.44708	-83.31960	SAX_RV_FREEWALL	3	1.0	16
-34.58613	5.65662	-82.98107	SAX_RV_FREEWALL	3	1.0	16
-31.29620	7.86616	-82.64254	SAX_RV_FREEWALL	3	1.0	16
-28.00627	10.07570	-82.30401	SAX_RV_FREEWALL	3	1.0	16
-25.24746	11.18047	-81.27632	SAX_RV_FREEWALL	3	1.0	16
-22.48865	12.28524	-80.24863	SAX_RV_FREEWALL	3	1.0	16
-19.72984	13.39001	-79.22094	SAX_RV_FREEWALL	3	1.0	16
-16.97104	14.49478	-78.19325	SAX_RV_FREEWALL	3	1.0	16
2.15563	-17.54346	-31.59660	SAX_RV_FREEWALL	3	1.0	16
-0.60318	-18.64823	-32.62429	SAX_RV_FREEWALL	3	1.0	16
-3.36199	-19.75301	-33.65198	SAX_RV_FREEWALL	3	1.0	16
-6.65192	-21.96254	-33.99051	SAX_RV_FREEWALL	3	1.0	16
-9.94185	-24.17208	-34.32904	SAX_RV_FREEWALL	3	1.0	16
-12.70066	-25.27685	-35.35673	SAX_RV_FREEWALL	3	1.0	16
-15.45947	-26.38162	-36.38442	SAX_RV_FREEWALL	3	1.0	16
-18.21828	-27.48639	-37.41211	SAX_RV_FREEWALL	3	1.0	16
-20.44597	-27.48640	-39.12895	SAX_RV_FREEWALL	3	1.0	16
-23.20478	-28.59117	-40.15664	SAX_RV_FREEWALL	3	1.0	16
-25.43247	-28.59117	-41.87349	SAX_RV_FREEWALL	3	1.0	16
-27.66015	-28.59117	-43.59033	SAX_RV_FREEWALL	3	1.0	16
-29.88784	-28.59117	-45.30718	SAX_RV_FREEWALL	3	1.0	16
-32.11553	-28.59118	-47.02403	SAX_RV_FREEWALL	3	1.0	16
-34.34322	-28.59118	-48.74087	SAX_RV_FREEWALL	3	1.0	16
-36.57091	-28.59118	-50.45772	SAX_RV_FREEWALL	3	1.0	16
-38.79860	-28.59118	-52.17456	SAX_RV_FREEWALL	3	1.0	16
-41.02628	-28.59118	-53.89141	SAX_RV_FREEWALL	3	1.0	16
-43.25397	-28.59119	-55.60825	SAX_RV_FREEWALL	3	1.0	16
-44.84734	-31.90549	-53.54078	SAX_RV_EPICARDIAL	3	1.0	16
-46.54390	-30.80073	-55.94679	SAX_RV_EPICARDIAL	3	1.0	16
-48.77159	-30.80073	-57.66363	SAX_RV_EPICARDIAL	3	1.0	16
-50.99928	-30.80073	-59.38048	SAX_RV_EPICARDIAL	3	1.0	16
-52.69585	-29.69596	-61.78648	SAX_RV_EPICARDIAL	3	1.0	16
-53.86129	-27.48643	-64.88164	SAX_RV_EPICARDIAL	3	1.0	16
-55.55786	-26.38166	-67.28764	SAX_RV_EPICARDIAL	3	1.0	16
-57.25443	-25.27690	-69.69364	SAX_RV_EPICARDIAL	3	1.0	16
-58.41988	-23.06736	-72.78880	SAX_RV_EPICARDIAL	3	1.0	16
-60.11644	-21.96260	-75.19480	SAX_RV_EPICARDIAL	3	1.0	16
-61.28189	-19.75306	-78.28996	SAX_RV_EPICARDIAL	3	1.0	16
-61.33349	-17.54353	-80.52670	SAX_RV_EPICARDIAL	3	1.0	16
-61.38509	-15.33399	-82.76344	SAX_RV_EPICARDIAL	3	1.0	16
-60.32285	-13.12446	-84.14175	SAX_RV_EPICARDIAL	3	1.0	16
-59.26061	-10.91492	-85.52006	SAX_RV_EPICARDIAL	3	1.0	16
-58.19837	-8.70538	-86.89838	SAX_RV_EPICARDIAL	3	1.0	16
-56.02228	-6.49584	-87.41827	SAX_RV_EPICARDIAL	3	1.0	16
-52.73235	-4.28631	-87.07973	SAX_RV_EPICARDIAL	3	1.0	16
-50.55627	-2.07677	-87.59963	SAX_RV_EPICARDIAL	3	1.0	16
-47.26634	0.13277	-87.26109	SAX_RV_EPICARDIAL	3	1.0	16
-43.97641	2.34231	-86.92256	SAX_RV_EPICARDIAL	3	1.0	16
-40.68648	4.55185	-86.58403	SAX_RV_EPICARDIAL	3	1.0	16
-37.39655	6.76139	-86.24550	SAX_RV_EPICARDIAL	3	1.0	16
-34.10661	8.97093	-85.90696	SAX_RV_EPICARDIAL	3	1.0	16
-30.81668	11.18046	-85.56843	SAX_RV_EPICARDIAL	3	1.0	16
-28.05788	12.28523	-84.54074	SAX_RV_EPICARDIAL	3	1.0	16
-25.29907	13.39001	-83.51305	SAX_RV_EPICARDIAL	3	1.0	16
-22.00914	15.59954	-83.17452	SAX_RV_EPICARDIAL	3	1.0	16
-19.78145	15.59955	-81.45768	SAX_RV_EPICARDIAL	3	1.0	16
-17.02264	16.70432	-80.42999	SAX_RV_EPICARDIAL	3	1.0	16
-14.26383	17.80909	-79.40230	SAX_RV_EPICARDIAL	3	1.0	16
-13.62950	14.49478	-75.61798	SAX_RV_EPICARDIAL	3	1.0	16
7.67325	-15.33392	-29.54122	SAX_RV_EPICARDIAL	3	1.0	16
9.90094	-15.33392	-27.82438	SAX_RV_EPICARDIAL	3	1.0	16
10.48366	-16.43869	-26.27680	SAX_RV_EPICARDIAL	3	1.0	16
7.72485	-17.54346	-27.30449	SAX_RV_EPICARDIAL	3	1.0	16
4.96604	-18.64823	-28.33217	SAX_RV_EPICARDIAL	3	1.0	16
2.20723	-19.75300	-29.35986	SAX_RV_EPICARDIAL	3	1.0	16
-0.55158	-20.85777	-30.38755	SAX_RV_EPICARDIAL	3	1.0	16
-3.84151	-23.06731	-30.72608	SAX_RV_EPICARDIAL	3	1.0	16
-7.13144	-25.27685	-31.06462	SAX_RV_EPICARDIAL	3	1.0	16
-10.42137	-27.48639	-31.40315	SAX_RV_EPICARDIAL	3	1.0	16
-13.18018	-28.59116	-32.43084	SAX_RV_EPICARDIAL	3	1.0	16
-15.93899	-29.69593	-33.45853	SAX_RV_EPICARDIAL	3	1.0	16
-18.69780	-30.80070	-34.48622	SAX_RV_EPICARDIAL	3	1.0	16
-20.92549	-30.80070	-36.20306	SAX_RV_EPICARDIAL	3	1.0	16
-23.68430	-31.90547	-37.23075	SAX_RV_EPICARDIAL	3	1.0	16
-25.91198	-31.90547	-38.94760	SAX_RV_EPICARDIAL	3	1.0	16
-28.13967	-31.90548	-40.66444	SAX_RV_EPICARDIAL	3	1.0	16
-30.36736	-31.90548	-42.38129	SAX_RV_EPICARDIAL	3	1.0	16
-32.59505	-31.90548	-44.09813	SAX_RV_EPICARDIAL	3	1.0	16
-34.82274	-31.90548	-45.81498	SAX_RV_EPICARDIAL	3	1.0	16
-37.05043	-31.90548	-47.53182	SAX_RV_EPICARDIAL	3	1.0	16
-39.27811	-31.90549	-49.24867	SAX_RV_EPICARDIAL	3	1.0	16
-41.50580	-31.90549	-50.96551	SAX_RV_EPICARDIAL	3	1.0	16
-43.73349	-31.90549	-52.68236	SAX_RV_EPICARDIAL	3	1.0	16
-15.27447	13.39002	-75.78725	SAX_RV_SEPTUM	3	1.0	16
-14.69174	12.28525	-74.23967	SAX_RV_SEPTUM	3	1.0	16
-15.75399	10.07571	-72.86136	SAX_RV_SEPTUM	3	1.0	16
-15.70238	7.86618	-70.62462	SAX_RV_SEPTUM	3	1.0	16
-15.65078	5.65664	-68.38788	SAX_RV_SEPTUM	3	1.0	16
-15.59918	3.44711	-66.15115	SAX_RV_SEPTUM	3	1.0	16
-15.54758	1.23757	-63.91441	SAX_RV_SEPTUM	3	1.0	16
-15.49597	-0.97197	-61.67767	SAX_RV_SEPTUM	3	1.0	16
-14.33053	-3.18150	-58.58252	SAX_RV_SEPTUM	3	1.0	16
-14.27893	-5.39104	-56.34578	SAX_RV_SEPTUM	3	1.0	16
-13.11348	-7.60057	-53.25062	SAX_RV_SEPTUM	3	1.0	16
-11.94803	-9.81010	-50.15546	SAX_RV_SEPTUM	3	1.0	16
-10.25147	-10.91487	-47.74946	SAX_RV_SEPTUM	3	1.0	16
-8.55490	-12.01964	-45.34346	SAX_RV_SEPTUM	3	1.0	16
-6.85833	-13.12440	-42.93745	SAX_RV_SEPTUM	3	1.0	16
-4.63064	-13.12440	-41.22061	SAX_RV_SEPTUM	3	1.0	16
-2.93407	-14.22917	-38.81461	SAX_RV_SEPTUM	3	1.0	16
-0.70639	-14.22916	-37.09776	SAX_RV_SEPTUM	3	1.0	16
1.52130	-14.22916	-35.38092	SAX_RV_SEPTUM	3	1.0	16
3.21787	-15.33393	-32.97491	SAX_RV_SEPTUM	3	1.0	16
5.44556	-15.33393	-31.25807	SAX_RV_SEPTUM	3	1.0	16
7.67325	-15.33392	-29.54122	SAX_RV_SEPTUM	3	1.0	16
7.14213	-16.43869	-28.85206	SAX_RV_SEPTUM	3	1.0	16
4.91444	-16.43869	-30.56891	SAX_RV_SEPTUM	3	1.0	16
-11.45342	16.70432	-76.13787	SAX_LV_EPICARDIAL	3	1.0	16
-10.39117	18.91386	-77.51619	SAX_LV_EPICARDIAL	3	1.0	16
-8.21509	21.12340	-78.03608	SAX_LV_EPICARDIAL	3	1.0	16
-7.15285	23.33293	-79.41439	SAX_LV_EPICARDIAL	3	1.0	16
-4.97676	25.54247	-79.93428	SAX_LV_EPICARDIAL	3	1.0	16
-1.68683	27.75201	-79.59575	SAX_LV_EPICARDIAL	3	1.0	16
1.60310	29.96155	-79.25722	SAX_LV_EPICARDIAL	3	1.0	16
4.89303	32.17109	-78.91869	SAX_LV_EPICARDIAL	3	1.0	16
7.65184	33.27586	-77.89100	SAX_LV_EPICARDIAL	3	1.0	16
10.94177	35.48540	-77.55246	SAX_LV_EPICARDIAL	3	1.0	16
13.70058	36.59017	-76.52478	SAX_LV_EPICARDIAL	3	1.0	16
16.45939	37.69494	-75.49709	SAX_LV_EPICARDIAL	3	1.0	16
19.21820	38.79971	-74.46940	SAX_LV_EPICARDIAL	3	1.0	16
21.97701	39.90448	-73.44171	SAX_LV_EPICARDIAL	3	1.0	16
24.73582	41.00925	-72.41402	SAX_LV_EPICARDIAL	3	1.0	16
26.96351	41.00925	-70.69717	SAX_LV_EPICARDIAL	3	1.0	16
29.19119	41.00925	-68.98033	SAX_LV_EPICARDIAL	3	1.0	16
31.41888	41.00926	-67.26348	SAX_LV_EPICARDIAL	3	1.0	16
33.64657	41.00926	-65.54664	SAX_LV_EPICARDIAL	3	1.0	16
35.87426	41.00926	-63.82979	SAX_LV_EPICARDIAL	3	1.0	16
38.10195	41.00926	-62.11295	SAX_LV_EPICARDIAL	3	1.0	16
39.79851	39.90450	-59.70694	SAX_LV_EPICARDIAL	3	1.0	16
42.02620	39.90450	-57.99010	SAX_LV_EPICARDIAL	3	1.0	16
43.72277	38.79973	-55.58410	SAX_LV_EPICARDIAL	3	1.0	16
44.88822	36.59020	-52.48894	SAX_LV_EPICARDIAL	3	1.0	16
46.58478	35.48543	-50.08293	SAX_LV_EPICARDIAL	3	1.0	16
47.75023	33.27590	-46.98777	SAX_LV_EPICARDIAL	3	1.0	16
48.91568	31.06636	-43.89262	SAX_LV_EPICARDIAL	3	1.0	16
50.08112	28.85683	-40.79746	SAX_LV_EPICARDIAL	3	1.0	16
50.13273	26.64729	-38.56072	SAX_LV_EPICARDIAL	3	1.0	16
50.18433	24.43776	-36.32398	SAX_LV_EPICARDIAL	3	1.0	16
50.23593	22.22822	-34.08725	SAX_LV_EPICARDIAL	3	1.0	16
50.28753	20.01869	-31.85051	SAX_LV_EPICARDIAL	3	1.0	16
49.22529	17.80915	-30.47220	SAX_LV_EPICARDIAL	3	1.0	16
49.27689	15.59961	-28.23546	SAX_LV_EPICARDIAL	3	1.0	16
48.21465	13.39008	-26.85715	SAX_LV_EPICARDIAL	3	1.0	16
47.15241	11.18054	-25.47884	SAX_LV_EPICARDIAL	3	1.0	16
46.09017	8.97101	-24.10052	SAX_LV_EPICARDIAL	3	1.0	16
43.91408	6.76147	-23.58063	SAX_LV_EPICARDIAL	3	1.0	16
42.85184	4.55193	-22.20232	SAX_LV_EPICARDIAL	3	1.0	16
40.67575	2.34239	-21.68243	SAX_LV_EPICARDIAL	3	1.0	16
38.49967	0.13286	-21.16254	SAX_LV_EPICARDIAL	3	1.0	16
36.32358	-2.07668	-20.64265	SAX_LV_EPICARDIAL	3	1.0	16
34.14750	-4.28622	-20.12276	SAX_LV_EPICARDIAL	3	1.0	16
31.97141	-6.49576	-19.60286	SAX_LV_EPICARDIAL	3	1.0	16
28.68148	-8.70530	-19.94140	SAX_LV_EPICARDIAL	3	1.0	16
25.92267	-9.81007	-20.96909	SAX_LV_EPICARDIAL	3	1.0	16
23.16386	-10.91484	-21.99677	SAX_LV_EPICARDIAL	3	1.0	16
20.40505	-12.01961	-23.02446	SAX_LV_EPICARDIAL	3	1.0	16
17.64624	-13.12438	-24.05215	SAX_LV_EPICARDIAL	3	1.0	16
15.41855	-13.12438	-25.76900	SAX_LV_EPICARDIAL	3	1.0	16
12.65974	-14.22915	-26.79669	SAX_LV_EPICARDIAL	3	1.0	16
11.39109	-7.60055	-34.36532	SAX_LV_ENDOCARDIAL	3	1.0	16
9.69453	-6.49578	-36.77132	SAX_LV_ENDOCARDIAL	3	1.0	16
7.46684	-6.49578	-38.48817	SAX_LV_ENDOCARDIAL	3	1.0	16
5.77027	-5.39102	-40.89417	SAX_LV_ENDOCARDIAL	3	1.0	16
3.54258	-5.39102	-42.61101	SAX_LV_ENDOCARDIAL	3	1.0	16
1.84601	-4.28625	-45.01702	SAX_LV_ENDOCARDIAL	3	1.0	16
0.14945	-3.18149	-47.42302	SAX_LV_ENDOCARDIAL	3	1.0	16
-1.54712	-2.07672	-49.82902	SAX_LV_ENDOCARDIAL	3	1.0	16
-2.71257	0.13281	-52.92418	SAX_LV_ENDOCARDIAL	3	1.0	16
-3.87801	2.34235	-56.01934	SAX_LV_ENDOCARDIAL	3	1.0	16
-5.04346	4.55188	-59.11450	SAX_LV_ENDOCARDIAL	3	1.0	16
-5.09506	6.76142	-61.35123	SAX_LV_ENDOCARDIAL	3	1.0	16
-6.26051	8.97095	-64.44639	SAX_LV_ENDOCARDIAL	3	1.0	16
-5.19827	11.18049	-65.82471	SAX_LV_ENDOCARDIAL	3	1.0	16
-5.24987	13.39003	-68.06144	SAX_LV_ENDOCARDIAL	3	1.0	16
-4.18763	15.59956	-69.43976	SAX_LV_ENDOCARDIAL	3	1.0	16
-3.12539	17.80910	-70.81807	SAX_LV_ENDOCARDIAL	3	1.0	16
-0.94930	20.01864	-71.33796	SAX_LV_ENDOCARDIAL	3	1.0	16
1.22679	22.22817	-71.85785	SAX_LV_ENDOCARDIAL	3	1.0	16
3.40287	24.43771	-72.37774	SAX_LV_ENDOCARDIAL	3	1.0	16
6.69280	26.64725	-72.03921	SAX_LV_ENDOCARDIAL	3	1.0	16
9.98273	28.85679	-71.70068	SAX_LV_ENDOCARDIAL	3	1.0	16
12.74154	29.96156	-70.67299	SAX_LV_ENDOCARDIAL	3	1.0	16
16.03147	32.17110	-70.33446	SAX_LV_ENDOCARDIAL	3	1.0	16
18.79028	33.27587	-69.30677	SAX_LV_ENDOCARDIAL	3	1.0	16
21.01797	33.27587	-67.58992	SAX_LV_ENDOCARDIAL	3	1.0	16
23.77678	34.38064	-66.56223	SAX_LV_ENDOCARDIAL	3	1.0	16
26.00447	34.38064	-64.84539	SAX_LV_ENDOCARDIAL	3	1.0	16
28.23216	34.38065	-63.12854	SAX_LV_ENDOCARDIAL	3	1.0	16
30.45984	34.38065	-61.41170	SAX_LV_ENDOCARDIAL	3	1.0	16
32.68753	34.38065	-59.69485	SAX_LV_ENDOCARDIAL	3	1.0	16
34.91522	34.38065	-57.97801	SAX_LV_ENDOCARDIAL	3	1.0	16
36.61179	33.27589	-55.57200	SAX_LV_ENDOCARDIAL	3	1.0	16
38.83948	33.27589	-53.85516	SAX_LV_ENDOCARDIAL	3	1.0	16
40.53605	32.17112	-51.44916	SAX_LV_ENDOCARDIAL	3	1.0	16
41.70149	29.96159	-48.35400	SAX_LV_ENDOCARDIAL	3	1.0	16
42.86694	27.75205	-45.25884	SAX_LV_ENDOCARDIAL	3	1.0	16
44.03238	25.54252	-42.16368	SAX_LV_ENDOCARDIAL	3	1.0	16
44.08399	23.33298	-39.92694	SAX_LV_ENDOCARDIAL	3	1.0	16
44.13559	21.12345	-37.69021	SAX_LV_ENDOCARDIAL	3	1.0	16
44.18719	18.91391	-35.45347	SAX_LV_ENDOCARDIAL	3	1.0	16
44.23879	16.70438	-33.21673	SAX_LV_ENDOCARDIAL	3	1.0	16
43.17655	14.49484	-31.83842	SAX_LV_ENDOCARDIAL	3	1.0	16
42.11431	12.28530	-30.46011	SAX_LV_ENDOCARDIAL	3	1.0	16
41.05207	10.07577	-29.08179	SAX_LV_ENDOCARDIAL	3	1.0	16
39.98983	7.86623	-27.70348	SAX_LV_ENDOCARDIAL	3	1.0	16
38.92758	5.65669	-26.32517	SAX_LV_ENDOCARDIAL	3	1.0	16
36.75150	3.44716	-25.80528	SAX_LV_ENDOCARDIAL	3	1.0	16
34.57541	1.23762	-25.28538	SAX_LV_ENDOCARDIAL	3	1.0	16
32.39933	-0.97192	-24.76549	SAX_LV_ENDOCARDIAL	3	1.0	16
29.10940	-3.18146	-25.10403	SAX_LV_ENDOCARDIAL	3	1.0	16
26.35059	-4.28623	-26.13171	SAX_LV_ENDOCARDIAL	3	1.0	16
23.59178	-5.39100	-27.15940	SAX_LV_ENDOCARDIAL	3	1.0	16
21.36409	-5.39100	-28.87625	SAX_LV_ENDOCARDIAL	3	1.0	16
18.60528	-6.49577	-29.90394	SAX_LV_ENDOCARDIAL	3	1.0	16
16.37759	-6.49577	-31.62078	SAX_LV_ENDOCARDIAL	3	1.0	16
13.61878	-7.60054	-32.64847	SAX_LV_ENDOCARDIAL	3	1.0	16
7.14213	-16.43869	-28.85206	RV_INSERT	3	1.0	16
-15.27447	13.39002	-75.78725	RV_INSERT	3	1.0	16
-37.73119	-31.80882	-76.59639	SAX_RV_FREEWALL	4	1.0	16
-39.42776	-30.70405	-79.00239	SAX_RV_FREEWALL	4	1.0	16
-41.12433	-29.59928	-81.40839	SAX_RV_FREEWALL	4	1.0	16
-42.82089	-28.49452	-83.81439	SAX_RV_FREEWALL	4	1.0	16
-43.98634	-26.28498	-86.90955	SAX_RV_FREEWALL	4	1.0	16
-45.68291	-25.18022	-89.31556	SAX_RV_FREEWALL	4	1.0	16
-45.73451	-22.97068	-91.55229	SAX_RV_FREEWALL	4	1.0	16
-45.78611	-20.76115	-93.78903	SAX_RV_FREEWALL	4	1.0	16
-43.61003	-18.55161	-94.30892	SAX_RV_FREEWALL	4	1.0	16
-40.32010	-16.34207	-93.97039	SAX_RV_FREEWALL	4	1.0	16
-37.03017	-14.13253	-93.63185	SAX_RV_FREEWALL	4	1.0	16
-34.27136	-13.02776	-92.60417	SAX_RV_FREEWALL	4	1.0	16
-30.98143	-10.81822	-92.26563	SAX_RV_FREEWALL	4	1.0	16
-27.69150	-8.60868	-91.92710	SAX_RV_FREEWALL	4	1.0	16
-24.93269	-7.50391	-90.89941	SAX_RV_FREEWALL	4	1.0	16
-21.64276	-5.29437	-90.56088	SAX_RV_FREEWALL	4	1.0	16
-18.88395	-4.18960	-89.53319	SAX_RV_FREEWALL	4	1.0	16
-15.59402	-1.98006	-89.19466	SAX_RV_FREEWALL	4	1.0	16
-12.30409	0.22947	-88.85613	SAX_RV_FREEWALL	4	1.0	16
-9.01416	2.43901	-88.51759	SAX_RV_FREEWALL	4	1.0	16
-6.25535	3.54378	-87.48991	SAX_RV_FREEWALL	4	1.0	16
-3.49654	4.64855	-86.46222	SAX_RV_FREEWALL	4	1.0	16
1.62967	-24.07540	-53.95095	SAX_RV_FREEWALL	4	1.0	16
-1.12914	-25.18017	-54.97864	SAX_RV_FREEWALL	4	1.0	16
-3.35683	-25.18018	-56.69549	SAX_RV_FREEWALL	4	1.0	16
-6.11564	-26.28495	-57.72318	SAX_RV_FREEWALL	4	1.0	16
-8.34333	-26.28495	-59.44002	SAX_RV_FREEWALL	4	1.0	16
-11.10214	-27.38972	-60.46771	SAX_RV_FREEWALL	4	1.0	16
-13.86094	-28.49449	-61.49540	SAX_RV_FREEWALL	4	1.0	16
-16.61975	-29.59926	-62.52309	SAX_RV_FREEWALL	4	1.0	16
-19.37856	-30.70403	-63.55078	SAX_RV_FREEWALL	4	1.0	16
-22.13737	-31.80880	-64.57847	SAX_RV_FREEWALL	4	1.0	16
-24.36506	-31.80880	-66.29531	SAX_RV_FREEWALL	4	1.0	16
-26.59275	-31.80880	-68.01216	SAX_RV_FREEWALL	4	1.0	16
-28.82044	-31.80881	-69.72900	SAX_RV_FREEWALL	4	1.0	16
-31.04813	-31.80881	-71.44585	SAX_RV_FREEWALL	4	1.0	16
-33.27581	-31.80881	-73.16270	SAX_RV_FREEWALL	4	1.0	16
-35.50350	-31.80881	-74.87954	SAX_RV_FREEWALL	4	1.0	16
-35.98302	-35.12312	-71.95365	SAX_RV_EPICARDIAL	4	1.0	16
-37.67959	-34.01835	-74.35965	SAX_RV_EPICARDIAL	4	1.0	16
-39.90728	-34.01835	-76.07650	SAX_RV_EPICARDIAL	4	1.0	16
-41.60385	-32.91359	-78.48250	SAX_RV_EPICARDIAL	4	1.0	16
-43.30041	-31.80882	-80.88850	SAX_RV_EPICARDIAL	4	1.0	16
-44.99698	-30.70406	-83.29450	SAX_RV_EPICARDIAL	4	1.0	16
-46.69355	-29.59929	-85.70051	SAX_RV_EPICARDIAL	4	1.0	16
-47.85899	-27.38975	-88.79567	SAX_RV_EPICARDIAL	4	1.0	16
-49.02444	-25.18022	-91.89082	SAX_RV_EPICARDIAL	4	1.0	16
-49.07604	-22.97069	-94.12756	SAX_RV_EPICARDIAL	4	1.0	16
-48.01380	-20.76115	-95.50587	SAX_RV_EPICARDIAL	4	1.0	16
-46.95156	-18.55161	-96.88419	SAX_RV_EPICARDIAL	4	1.0	16
-44.77547	-16.34207	-97.40408	SAX_RV_EPICARDIAL	4	1.0	16
-42.01666	-15.23730	-96.37639	SAX_RV_EPICARDIAL	4	1.0	16
-38.72673	-13.02777	-96.03786	SAX_RV_EPICARDIAL	4	1.0	16
-35.43680	-10.81823	-95.69932	SAX_RV_EPICARDIAL	4	1.0	16
-32.14687	-8.60869	-95.36079	SAX_RV_EPICARDIAL	4	1.0	16
-29.38806	-7.50392	-94.33310	SAX_RV_EPICARDIAL	4	1.0	16
-26.09813	-5.29438	-93.99457	SAX_RV_EPICARDIAL	4	1.0	16
-22.80820	-3.08484	-93.65604	SAX_RV_EPICARDIAL	4	1.0	16
-20.04939	-1.98007	-92.62835	SAX_RV_EPICARDIAL	4	1.0	16
-16.75946	0.22947	-92.28982	SAX_RV_EPICARDIAL	4	1.0	16
-14.00065	1.33424	-91.26213	SAX_RV_EPICARDIAL	4	1.0	16
-10.71072	3.54378	-90.92360	SAX_RV_EPICARDIAL	4	1.0	16
-7.95191	4.64855	-89.89591	SAX_RV_EPICARDIAL	4	1.0	16
-4.66198	6.85809	-89.55738	SAX_RV_EPICARDIAL	4	1.0	16
-1.90317	7.96286	-88.52969	SAX_RV_EPICARDIAL	4	1.0	16
0.32451	7.96286	-86.81284	SAX_RV_EPICARDIAL	4	1.0	16
-1.26885	4.64856	-84.74537	SAX_RV_EPICARDIAL	4	1.0	16
4.91960	-21.86586	-53.61242	SAX_RV_EPICARDIAL	4	1.0	16
7.14729	-21.86586	-51.89558	SAX_RV_EPICARDIAL	4	1.0	16
5.55393	-25.18017	-49.82811	SAX_RV_EPICARDIAL	4	1.0	16
2.79512	-26.28494	-50.85580	SAX_RV_EPICARDIAL	4	1.0	16
0.03631	-27.38971	-51.88348	SAX_RV_EPICARDIAL	4	1.0	16
-2.19138	-27.38971	-53.60033	SAX_RV_EPICARDIAL	4	1.0	16
-4.95019	-28.49448	-54.62802	SAX_RV_EPICARDIAL	4	1.0	16
-7.17788	-28.49448	-56.34486	SAX_RV_EPICARDIAL	4	1.0	16
-9.93669	-29.59925	-57.37255	SAX_RV_EPICARDIAL	4	1.0	16
-12.69550	-30.70402	-58.40024	SAX_RV_EPICARDIAL	4	1.0	16
-15.45431	-31.80879	-59.42793	SAX_RV_EPICARDIAL	4	1.0	16
-18.21312	-32.91356	-60.45562	SAX_RV_EPICARDIAL	4	1.0	16
-20.97193	-34.01833	-61.48331	SAX_RV_EPICARDIAL	4	1.0	16
-23.73074	-35.12311	-62.51100	SAX_RV_EPICARDIAL	4	1.0	16
-25.95842	-35.12311	-64.22784	SAX_RV_EPICARDIAL	4	1.0	16
-28.18611	-35.12311	-65.94469	SAX_RV_EPICARDIAL	4	1.0	16
-30.41380	-35.12311	-67.66153	SAX_RV_EPICARDIAL	4	1.0	16
-32.64149	-35.12311	-69.37838	SAX_RV_EPICARDIAL	4	1.0	16
-34.86918	-35.12312	-71.09523	SAX_RV_EPICARDIAL	4	1.0	16
-1.26885	4.64856	-84.74537	SAX_RV_SEPTUM	4	1.0	16
-2.33109	2.43902	-83.36706	SAX_RV_SEPTUM	4	1.0	16
-3.39333	0.22948	-81.98874	SAX_RV_SEPTUM	4	1.0	16
-4.45557	-1.98005	-80.61043	SAX_RV_SEPTUM	4	1.0	16
-5.51782	-4.18959	-79.23212	SAX_RV_SEPTUM	4	1.0	16
-5.46621	-6.39913	-76.99538	SAX_RV_SEPTUM	4	1.0	16
-5.41461	-8.60866	-74.75864	SAX_RV_SEPTUM	4	1.0	16
-5.36301	-10.81820	-72.52191	SAX_RV_SEPTUM	4	1.0	16
-4.19756	-13.02773	-69.42675	SAX_RV_SEPTUM	4	1.0	16
-3.03212	-15.23727	-66.33159	SAX_RV_SEPTUM	4	1.0	16
-1.33555	-16.34203	-63.92559	SAX_RV_SEPTUM	4	1.0	16
-0.17010	-18.55157	-60.83043	SAX_RV_SEPTUM	4	1.0	16
1.52647	-19.65633	-58.42443	SAX_RV_SEPTUM	4	1.0	16
3.22303	-20.76110	-56.01842	SAX_RV_SEPTUM	4	1.0	16
4.91960	-21.86586	-53.61242	SAX_RV_SEPTUM	4	1.0	16
4.38848	-22.97063	-52.92327	SAX_RV_SEPTUM	4	1.0	16
9.37498	-21.86586	-50.17873	SAX_LV_EPICARDIAL	4	1.0	16
2.55220	7.96286	-85.09600	SAX_LV_EPICARDIAL	4	1.0	16
3.61444	10.17240	-86.47431	SAX_LV_EPICARDIAL	4	1.0	16
5.79053	12.38194	-86.99420	SAX_LV_EPICARDIAL	4	1.0	16
9.08046	14.59148	-86.65567	SAX_LV_EPICARDIAL	4	1.0	16
11.25655	16.80101	-87.17556	SAX_LV_EPICARDIAL	4	1.0	16
13.43263	19.01055	-87.69545	SAX_LV_EPICARDIAL	4	1.0	16
16.72256	21.22009	-87.35692	SAX_LV_EPICARDIAL	4	1.0	16
20.01249	23.42963	-87.01838	SAX_LV_EPICARDIAL	4	1.0	16
22.77130	24.53440	-85.99070	SAX_LV_EPICARDIAL	4	1.0	16
25.53011	25.63917	-84.96301	SAX_LV_EPICARDIAL	4	1.0	16
28.28892	26.74394	-83.93532	SAX_LV_EPICARDIAL	4	1.0	16
30.51661	26.74394	-82.21847	SAX_LV_EPICARDIAL	4	1.0	16
32.74430	26.74395	-80.50163	SAX_LV_EPICARDIAL	4	1.0	16
34.97199	26.74395	-78.78478	SAX_LV_EPICARDIAL	4	1.0	16
37.73080	27.84872	-77.75709	SAX_LV_EPICARDIAL	4	1.0	16
39.42736	26.74395	-75.35109	SAX_LV_EPICARDIAL	4	1.0	16
41.65505	26.74395	-73.63424	SAX_LV_EPICARDIAL	4	1.0	16
43.88274	26.74396	-71.91740	SAX_LV_EPICARDIAL	4	1.0	16
45.57931	25.63919	-69.51140	SAX_LV_EPICARDIAL	4	1.0	16
47.80700	25.63919	-67.79455	SAX_LV_EPICARDIAL	4	1.0	16
49.50356	24.53443	-65.38855	SAX_LV_EPICARDIAL	4	1.0	16
51.20013	23.42966	-62.98255	SAX_LV_EPICARDIAL	4	1.0	16
52.36558	21.22013	-59.88739	SAX_LV_EPICARDIAL	4	1.0	16
54.06215	20.11536	-57.48138	SAX_LV_EPICARDIAL	4	1.0	16
54.11375	17.90582	-55.24465	SAX_LV_EPICARDIAL	4	1.0	16
54.16535	15.69629	-53.00791	SAX_LV_EPICARDIAL	4	1.0	16
54.21695	13.48675	-50.77118	SAX_LV_EPICARDIAL	4	1.0	16
54.26855	11.27722	-48.53444	SAX_LV_EPICARDIAL	4	1.0	16
54.32016	9.06768	-46.29770	SAX_LV_EPICARDIAL	4	1.0	16
53.25792	6.85815	-44.91939	SAX_LV_EPICARDIAL	4	1.0	16
52.19567	4.64861	-43.54108	SAX_LV_EPICARDIAL	4	1.0	16
51.13343	2.43907	-42.16276	SAX_LV_EPICARDIAL	4	1.0	16
50.07119	0.22954	-40.78445	SAX_LV_EPICARDIAL	4	1.0	16
49.00895	-1.98000	-39.40614	SAX_LV_EPICARDIAL	4	1.0	16
47.94671	-4.18954	-38.02782	SAX_LV_EPICARDIAL	4	1.0	16
45.77062	-6.39907	-37.50793	SAX_LV_EPICARDIAL	4	1.0	16
44.70838	-8.60861	-36.12962	SAX_LV_EPICARDIAL	4	1.0	16
41.41845	-10.81815	-36.46815	SAX_LV_EPICARDIAL	4	1.0	16
39.24236	-13.02769	-35.94826	SAX_LV_EPICARDIAL	4	1.0	16
35.95243	-15.23723	-36.28679	SAX_LV_EPICARDIAL	4	1.0	16
33.19362	-16.34200	-37.31448	SAX_LV_EPICARDIAL	4	1.0	16
30.43481	-17.44677	-38.34217	SAX_LV_EPICARDIAL	4	1.0	16
27.67600	-18.55154	-39.36986	SAX_LV_EPICARDIAL	4	1.0	16
24.91719	-19.65631	-40.39755	SAX_LV_EPICARDIAL	4	1.0	16
22.15838	-20.76108	-41.42524	SAX_LV_EPICARDIAL	4	1.0	16
19.93070	-20.76108	-43.14208	SAX_LV_EPICARDIAL	4	1.0	16
17.17189	-21.86585	-44.16977	SAX_LV_EPICARDIAL	4	1.0	16
14.94420	-21.86585	-45.88662	SAX_LV_EPICARDIAL	4	1.0	16
12.71651	-21.86586	-47.60346	SAX_LV_EPICARDIAL	4	1.0	16
10.48882	-21.86586	-49.32031	SAX_LV_EPICARDIAL	4	1.0	16
20.35861	-15.23724	-48.30471	SAX_LV_ENDOCARDIAL	4	1.0	16
18.66204	-14.13248	-50.71071	SAX_LV_ENDOCARDIAL	4	1.0	16
16.43436	-14.13248	-52.42756	SAX_LV_ENDOCARDIAL	4	1.0	16
14.20667	-14.13248	-54.14441	SAX_LV_ENDOCARDIAL	4	1.0	16
11.97898	-14.13248	-55.86125	SAX_LV_ENDOCARDIAL	4	1.0	16
10.28241	-13.02772	-58.26725	SAX_LV_ENDOCARDIAL	4	1.0	16
8.05472	-13.02772	-59.98410	SAX_LV_ENDOCARDIAL	4	1.0	16
6.35816	-11.92295	-62.39010	SAX_LV_ENDOCARDIAL	4	1.0	16
5.19271	-9.71342	-65.48526	SAX_LV_ENDOCARDIAL	4	1.0	16
4.02726	-7.50388	-68.58042	SAX_LV_ENDOCARDIAL	4	1.0	16
3.97566	-5.29435	-70.81716	SAX_LV_ENDOCARDIAL	4	1.0	16
3.92406	-3.08481	-73.05389	SAX_LV_ENDOCARDIAL	4	1.0	16
4.98630	-0.87528	-74.43221	SAX_LV_ENDOCARDIAL	4	1.0	16
4.93470	1.33426	-76.66894	SAX_LV_ENDOCARDIAL	4	1.0	16
5.99694	3.54380	-78.04725	SAX_LV_ENDOCARDIAL	4	1.0	16
7.05918	5.75333	-79.42557	SAX_LV_ENDOCARDIAL	4	1.0	16
9.23527	7.96287	-79.94546	SAX_LV_ENDOCARDIAL	4	1.0	16
10.29751	10.17241	-81.32377	SAX_LV_ENDOCARDIAL	4	1.0	16
12.47360	12.38194	-81.84366	SAX_LV_ENDOCARDIAL	4	1.0	16
15.76353	14.59148	-81.50513	SAX_LV_ENDOCARDIAL	4	1.0	16
17.40849	15.69625	-81.33586	SAX_LV_ENDOCARDIAL	4	1.0	16
20.69842	17.90579	-80.99733	SAX_LV_ENDOCARDIAL	4	1.0	16
23.45723	19.01056	-79.96964	SAX_LV_ENDOCARDIAL	4	1.0	16
25.68492	19.01056	-78.25280	SAX_LV_ENDOCARDIAL	4	1.0	16
28.44373	20.11533	-77.22511	SAX_LV_ENDOCARDIAL	4	1.0	16
30.67142	20.11534	-75.50826	SAX_LV_ENDOCARDIAL	4	1.0	16
32.89911	20.11534	-73.79142	SAX_LV_ENDOCARDIAL	4	1.0	16
35.65791	21.22011	-72.76373	SAX_LV_ENDOCARDIAL	4	1.0	16
37.88560	21.22011	-71.04688	SAX_LV_ENDOCARDIAL	4	1.0	16
40.11329	21.22011	-69.33004	SAX_LV_ENDOCARDIAL	4	1.0	16
41.80986	20.11535	-66.92404	SAX_LV_ENDOCARDIAL	4	1.0	16
44.03755	20.11535	-65.20719	SAX_LV_ENDOCARDIAL	4	1.0	16
45.73411	19.01058	-62.80119	SAX_LV_ENDOCARDIAL	4	1.0	16
46.89956	16.80105	-59.70603	SAX_LV_ENDOCARDIAL	4	1.0	16
48.59613	15.69628	-57.30003	SAX_LV_ENDOCARDIAL	4	1.0	16
48.64773	13.48675	-55.06329	SAX_LV_ENDOCARDIAL	4	1.0	16
48.69933	11.27721	-52.82655	SAX_LV_ENDOCARDIAL	4	1.0	16
48.75094	9.06768	-50.58982	SAX_LV_ENDOCARDIAL	4	1.0	16
48.80254	6.85814	-48.35308	SAX_LV_ENDOCARDIAL	4	1.0	16
47.74030	4.64860	-46.97477	SAX_LV_ENDOCARDIAL	4	1.0	16
46.67805	2.43907	-45.59645	SAX_LV_ENDOCARDIAL	4	1.0	16
44.50197	0.22953	-45.07656	SAX_LV_ENDOCARDIAL	4	1.0	16
42.32588	-1.98001	-44.55667	SAX_LV_ENDOCARDIAL	4	1.0	16
41.26364	-4.18954	-43.17836	SAX_LV_ENDOCARDIAL	4	1.0	16
37.97371	-6.39908	-43.51689	SAX_LV_ENDOCARDIAL	4	1.0	16
35.79762	-8.60862	-42.99700	SAX_LV_ENDOCARDIAL	4	1.0	16
33.03881	-9.71339	-44.02469	SAX_LV_ENDOCARDIAL	4	1.0	16
29.74888	-11.92293	-44.36322	SAX_LV_ENDOCARDIAL	4	1.0	16
26.99008	-13.02770	-45.39091	SAX_LV_ENDOCARDIAL	4	1.0	16
24.23127	-14.13247	-46.41860	SAX_LV_ENDOCARDIAL	4	1.0	16
22.00358	-14.13247	-48.13545	SAX_LV_ENDOCARDIAL	4	1.0	16
-3.49654	4.64855	-86.46222	RV_INSERT	4	1.0	16
4.38848	-22.97063	-52.92327	RV_INSERT	4	1.0	16
-20.05933	-30.60736	-92.61584	SAX_RV_FREEWALL	5	1.0	16
-21.75590	-29.50260	-95.02185	SAX_RV_FREEWALL	5	1.0	16
-23.98358	-29.50260	-96.73869	SAX_RV_FREEWALL	5	1.0	16
-24.03519	-27.29306	-98.97543	SAX_RV_FREEWALL	5	1.0	16
-21.85910	-25.08352	-99.49532	SAX_RV_FREEWALL	5	1.0	16
-18.56917	-22.87399	-99.15679	SAX_RV_FREEWALL	5	1.0	16
-15.27924	-20.66445	-98.81825	SAX_RV_FREEWALL	5	1.0	16
-13.10315	-18.45491	-99.33814	SAX_RV_FREEWALL	5	1.0	16
-9.81322	-16.24537	-98.99961	SAX_RV_FREEWALL	5	1.0	16
-6.52329	-14.03583	-98.66108	SAX_RV_FREEWALL	5	1.0	16
-3.76448	-12.93106	-97.63339	SAX_RV_FREEWALL	5	1.0	16
-0.47455	-10.72152	-97.29486	SAX_RV_FREEWALL	5	1.0	16
2.81538	-8.51198	-96.95633	SAX_RV_FREEWALL	5	1.0	16
6.10531	-6.30244	-96.61779	SAX_RV_FREEWALL	5	1.0	16
8.86412	-5.19767	-95.59011	SAX_RV_FREEWALL	5	1.0	16
11.09180	-5.19767	-93.87326	SAX_RV_FREEWALL	5	1.0	16
8.74581	-23.97873	-77.00706	SAX_RV_FREEWALL	5	1.0	16
5.98700	-25.08350	-78.03475	SAX_RV_FREEWALL	5	1.0	16
3.75932	-25.08350	-79.75159	SAX_RV_FREEWALL	5	1.0	16
1.00051	-26.18827	-80.77928	SAX_RV_FREEWALL	5	1.0	16
-1.75830	-27.29304	-81.80697	SAX_RV_FREEWALL	5	1.0	16
-3.98599	-27.29304	-83.52382	SAX_RV_FREEWALL	5	1.0	16
-6.74480	-28.39781	-84.55151	SAX_RV_FREEWALL	5	1.0	16
-9.50361	-29.50258	-85.57919	SAX_RV_FREEWALL	5	1.0	16
-12.26242	-30.60735	-86.60688	SAX_RV_FREEWALL	5	1.0	16
-14.49011	-30.60736	-88.32373	SAX_RV_FREEWALL	5	1.0	16
-16.71780	-30.60736	-90.04057	SAX_RV_FREEWALL	5	1.0	16
-18.94548	-30.60736	-91.75742	SAX_RV_FREEWALL	5	1.0	16
-21.65269	-33.92167	-90.54837	SAX_RV_EPICARDIAL	5	1.0	16
-23.34926	-32.81690	-92.95437	SAX_RV_EPICARDIAL	5	1.0	16
-25.57695	-32.81690	-94.67122	SAX_RV_EPICARDIAL	5	1.0	16
-27.27352	-31.71214	-97.07722	SAX_RV_EPICARDIAL	5	1.0	16
-27.32512	-29.50260	-99.31396	SAX_RV_EPICARDIAL	5	1.0	16
-26.26288	-27.29306	-100.69227	SAX_RV_EPICARDIAL	5	1.0	16
-25.20063	-25.08353	-102.07059	SAX_RV_EPICARDIAL	5	1.0	16
-21.91070	-22.87399	-101.73205	SAX_RV_EPICARDIAL	5	1.0	16
-18.62077	-20.66445	-101.39352	SAX_RV_EPICARDIAL	5	1.0	16
-15.33084	-18.45491	-101.05499	SAX_RV_EPICARDIAL	5	1.0	16
-12.04091	-16.24537	-100.71646	SAX_RV_EPICARDIAL	5	1.0	16
-9.86483	-14.03583	-101.23635	SAX_RV_EPICARDIAL	5	1.0	16
-6.57490	-11.82630	-100.89782	SAX_RV_EPICARDIAL	5	1.0	16
-3.81609	-10.72153	-99.87013	SAX_RV_EPICARDIAL	5	1.0	16
-0.52616	-8.51199	-99.53159	SAX_RV_EPICARDIAL	5	1.0	16
2.76377	-6.30245	-99.19306	SAX_RV_EPICARDIAL	5	1.0	16
5.52258	-5.19768	-98.16537	SAX_RV_EPICARDIAL	5	1.0	16
8.28139	-4.09291	-97.13768	SAX_RV_EPICARDIAL	5	1.0	16
11.04020	-2.98814	-96.11000	SAX_RV_EPICARDIAL	5	1.0	16
13.79901	-1.88337	-95.08231	SAX_RV_EPICARDIAL	5	1.0	16
16.02670	-1.88336	-93.36546	SAX_RV_EPICARDIAL	5	1.0	16
13.85061	-4.09290	-92.84557	SAX_RV_EPICARDIAL	5	1.0	16
13.20119	-23.97872	-73.57337	SAX_RV_EPICARDIAL	5	1.0	16
12.13895	-26.18826	-72.19505	SAX_RV_EPICARDIAL	5	1.0	16
9.91126	-26.18826	-73.91190	SAX_RV_EPICARDIAL	5	1.0	16
7.15245	-27.29303	-74.93959	SAX_RV_EPICARDIAL	5	1.0	16
4.92476	-27.29303	-76.65643	SAX_RV_EPICARDIAL	5	1.0	16
2.16595	-28.39780	-77.68412	SAX_RV_EPICARDIAL	5	1.0	16
-0.06174	-28.39781	-79.40097	SAX_RV_EPICARDIAL	5	1.0	16
-2.82054	-29.50258	-80.42866	SAX_RV_EPICARDIAL	5	1.0	16
-5.57935	-30.60735	-81.45635	SAX_RV_EPICARDIAL	5	1.0	16
-8.33816	-31.71212	-82.48404	SAX_RV_EPICARDIAL	5	1.0	16
-10.56585	-31.71212	-84.20088	SAX_RV_EPICARDIAL	5	1.0	16
-13.32466	-32.81689	-85.22857	SAX_RV_EPICARDIAL	5	1.0	16
-15.55235	-32.81689	-86.94542	SAX_RV_EPICARDIAL	5	1.0	16
-17.78004	-32.81689	-88.66226	SAX_RV_EPICARDIAL	5	1.0	16
-20.53885	-33.92167	-89.68995	SAX_RV_EPICARDIAL	5	1.0	16
13.31949	-5.19767	-92.15641	SAX_RV_SEPTUM	5	1.0	16
12.25725	-7.40721	-90.77810	SAX_RV_SEPTUM	5	1.0	16
11.19501	-9.61674	-89.39979	SAX_RV_SEPTUM	5	1.0	16
10.13277	-11.82628	-88.02147	SAX_RV_SEPTUM	5	1.0	16
9.07053	-14.03582	-86.64316	SAX_RV_SEPTUM	5	1.0	16
9.12213	-16.24535	-84.40642	SAX_RV_SEPTUM	5	1.0	16
10.28757	-18.45489	-81.31126	SAX_RV_SEPTUM	5	1.0	16
11.45302	-20.66442	-78.21611	SAX_RV_SEPTUM	5	1.0	16
12.61847	-22.87395	-75.12095	SAX_RV_SEPTUM	5	1.0	16
10.97350	-23.97872	-75.29021	SAX_RV_SEPTUM	5	1.0	16
23.27739	-26.18825	-63.61083	SAX_LV_EPICARDIAL	5	1.0	16
21.58082	-25.08348	-66.01683	SAX_LV_EPICARDIAL	5	1.0	16
19.35313	-25.08348	-67.73367	SAX_LV_EPICARDIAL	5	1.0	16
17.65657	-23.97872	-70.13968	SAX_LV_EPICARDIAL	5	1.0	16
15.42888	-23.97872	-71.85652	SAX_LV_EPICARDIAL	5	1.0	16
18.78551	-0.77859	-92.33777	SAX_LV_EPICARDIAL	5	1.0	16
20.96160	1.43094	-92.85766	SAX_LV_EPICARDIAL	5	1.0	16
24.25153	3.64048	-92.51913	SAX_LV_EPICARDIAL	5	1.0	16
27.54146	5.85002	-92.18060	SAX_LV_EPICARDIAL	5	1.0	16
30.30027	6.95479	-91.15291	SAX_LV_EPICARDIAL	5	1.0	16
33.05907	8.05956	-90.12522	SAX_LV_EPICARDIAL	5	1.0	16
35.28676	8.05956	-88.40838	SAX_LV_EPICARDIAL	5	1.0	16
38.04557	9.16434	-87.38069	SAX_LV_EPICARDIAL	5	1.0	16
40.27326	9.16434	-85.66384	SAX_LV_EPICARDIAL	5	1.0	16
41.96983	8.05957	-83.25784	SAX_LV_EPICARDIAL	5	1.0	16
44.19752	8.05957	-81.54099	SAX_LV_EPICARDIAL	5	1.0	16
46.42521	8.05958	-79.82415	SAX_LV_EPICARDIAL	5	1.0	16
48.65289	8.05958	-78.10730	SAX_LV_EPICARDIAL	5	1.0	16
50.34946	6.95481	-75.70130	SAX_LV_EPICARDIAL	5	1.0	16
52.04603	5.85005	-73.29530	SAX_LV_EPICARDIAL	5	1.0	16
53.74260	4.74528	-70.88929	SAX_LV_EPICARDIAL	5	1.0	16
54.90804	2.53575	-67.79414	SAX_LV_EPICARDIAL	5	1.0	16
56.07349	0.32621	-64.69898	SAX_LV_EPICARDIAL	5	1.0	16
56.12509	-1.88332	-62.46224	SAX_LV_EPICARDIAL	5	1.0	16
55.06285	-4.09286	-61.08393	SAX_LV_EPICARDIAL	5	1.0	16
55.11445	-6.30240	-58.84719	SAX_LV_EPICARDIAL	5	1.0	16
54.05221	-8.51193	-57.46888	SAX_LV_EPICARDIAL	5	1.0	16
52.98997	-10.72147	-56.09056	SAX_LV_EPICARDIAL	5	1.0	16
50.81388	-12.93101	-55.57067	SAX_LV_EPICARDIAL	5	1.0	16
48.63780	-15.14054	-55.05078	SAX_LV_EPICARDIAL	5	1.0	16
46.46171	-17.35008	-54.53089	SAX_LV_EPICARDIAL	5	1.0	16
44.28562	-19.55962	-54.01100	SAX_LV_EPICARDIAL	5	1.0	16
41.52681	-20.66439	-55.03869	SAX_LV_EPICARDIAL	5	1.0	16
38.23688	-22.87393	-55.37722	SAX_LV_EPICARDIAL	5	1.0	16
35.47808	-23.97870	-56.40491	SAX_LV_EPICARDIAL	5	1.0	16
32.71927	-25.08347	-57.43260	SAX_LV_EPICARDIAL	5	1.0	16
30.49158	-25.08347	-59.14945	SAX_LV_EPICARDIAL	5	1.0	16
28.26389	-25.08347	-60.86629	SAX_LV_EPICARDIAL	5	1.0	16
25.50508	-26.18825	-61.89398	SAX_LV_EPICARDIAL	5	1.0	16
23.12258	-19.55964	-70.32103	SAX_LV_ENDOCARDIAL	5	1.0	16
21.42602	-18.45487	-72.72704	SAX_LV_ENDOCARDIAL	5	1.0	16
19.72945	-17.35011	-75.13304	SAX_LV_ENDOCARDIAL	5	1.0	16
18.03288	-16.24534	-77.53904	SAX_LV_ENDOCARDIAL	5	1.0	16
16.86743	-14.03581	-80.63420	SAX_LV_ENDOCARDIAL	5	1.0	16
16.81583	-11.82627	-82.87094	SAX_LV_ENDOCARDIAL	5	1.0	16
16.76423	-9.61674	-85.10767	SAX_LV_ENDOCARDIAL	5	1.0	16
17.82647	-7.40720	-86.48599	SAX_LV_ENDOCARDIAL	5	1.0	16
18.88871	-5.19766	-87.86430	SAX_LV_ENDOCARDIAL	5	1.0	16
21.06480	-2.98813	-88.38419	SAX_LV_ENDOCARDIAL	5	1.0	16
24.35473	-0.77859	-88.04566	SAX_LV_ENDOCARDIAL	5	1.0	16
27.11354	0.32618	-87.01797	SAX_LV_ENDOCARDIAL	5	1.0	16
30.40347	2.53572	-86.67944	SAX_LV_ENDOCARDIAL	5	1.0	16
32.63116	2.53572	-84.96259	SAX_LV_ENDOCARDIAL	5	1.0	16
35.38997	3.64049	-83.93490	SAX_LV_ENDOCARDIAL	5	1.0	16
37.61766	3.64050	-82.21806	SAX_LV_ENDOCARDIAL	5	1.0	16
39.84534	3.64050	-80.50121	SAX_LV_ENDOCARDIAL	5	1.0	16
42.07303	3.64050	-78.78437	SAX_LV_ENDOCARDIAL	5	1.0	16
44.30072	3.64050	-77.06752	SAX_LV_ENDOCARDIAL	5	1.0	16
45.99729	2.53574	-74.66152	SAX_LV_ENDOCARDIAL	5	1.0	16
47.69386	1.43097	-72.25552	SAX_LV_ENDOCARDIAL	5	1.0	16
49.39042	0.32620	-69.84951	SAX_LV_ENDOCARDIAL	5	1.0	16
49.44203	-1.88333	-67.61278	SAX_LV_ENDOCARDIAL	5	1.0	16
49.49363	-4.09287	-65.37604	SAX_LV_ENDOCARDIAL	5	1.0	16
48.43139	-6.30240	-63.99773	SAX_LV_ENDOCARDIAL	5	1.0	16
47.36914	-8.51194	-62.61941	SAX_LV_ENDOCARDIAL	5	1.0	16
46.30690	-10.72148	-61.24110	SAX_LV_ENDOCARDIAL	5	1.0	16
44.13082	-12.93101	-60.72121	SAX_LV_ENDOCARDIAL	5	1.0	16
40.84089	-15.14055	-61.05974	SAX_LV_ENDOCARDIAL	5	1.0	16
37.55096	-17.35009	-61.39827	SAX_LV_ENDOCARDIAL	5	1.0	16
34.79215	-18.45486	-62.42596	SAX_LV_ENDOCARDIAL	5	1.0	16
32.03334	-19.55963	-63.45365	SAX_LV_ENDOCARDIAL	5	1.0	16
29.80565	-19.55963	-65.17050	SAX_LV_ENDOCARDIAL	5	1.0	16
27.57796	-19.55964	-66.88734	SAX_LV_ENDOCARDIAL	5	1.0	16
25.35027	-19.55964	-68.60419	SAX_LV_ENDOCARDIAL	5	1.0	16
11.09180	-5.19767	-93.87326	RV_INSERT	5	1.0	16
10.97350	-23.97872	-75.29021	RV_INSERT	5	1.0	16
8.70037	-27.19736	-102.28781	SAX_RV_FREEWALL	6	1.0	16
7.00381	-26.09259	-104.69381	SAX_RV_FREEWALL	6	1.0	16
6.95220	-23.88306	-106.93054	SAX_RV_FREEWALL	6	1.0	16
8.01445	-21.67352	-108.30886	SAX_RV_FREEWALL	6	1.0	16
10.77326	-20.56875	-107.28117	SAX_RV_FREEWALL	6	1.0	16
14.06319	-18.35921	-106.94264	SAX_RV_FREEWALL	6	1.0	16
16.82200	-17.25444	-105.91495	SAX_RV_FREEWALL	6	1.0	16
19.04968	-17.25444	-104.19810	SAX_RV_FREEWALL	6	1.0	16
22.33961	-15.04490	-103.85957	SAX_RV_FREEWALL	6	1.0	16
18.72497	-27.19735	-94.56200	SAX_RV_FREEWALL	6	1.0	16
16.49728	-27.19735	-96.27885	SAX_RV_FREEWALL	6	1.0	16
14.26960	-27.19735	-97.99569	SAX_RV_FREEWALL	6	1.0	16
12.04191	-27.19736	-99.71254	SAX_RV_FREEWALL	6	1.0	16
9.81422	-27.19736	-101.42938	SAX_RV_FREEWALL	6	1.0	16
6.52429	-29.40690	-101.76792	SAX_RV_EPICARDIAL	6	1.0	16
4.82772	-28.30213	-104.17392	SAX_RV_EPICARDIAL	6	1.0	16
3.66227	-26.09260	-107.26908	SAX_RV_EPICARDIAL	6	1.0	16
3.61067	-23.88306	-109.50581	SAX_RV_EPICARDIAL	6	1.0	16
5.78676	-21.67352	-110.02570	SAX_RV_EPICARDIAL	6	1.0	16
9.07669	-19.46399	-109.68717	SAX_RV_EPICARDIAL	6	1.0	16
12.36662	-17.25445	-109.34864	SAX_RV_EPICARDIAL	6	1.0	16
15.12543	-16.14968	-108.32095	SAX_RV_EPICARDIAL	6	1.0	16
17.35312	-16.14967	-106.60411	SAX_RV_EPICARDIAL	6	1.0	16
20.11193	-15.04490	-105.57642	SAX_RV_EPICARDIAL	6	1.0	16
22.87073	-13.94013	-104.54873	SAX_RV_EPICARDIAL	6	1.0	16
22.59763	-26.09258	-92.67589	SAX_RV_EPICARDIAL	6	1.0	16
21.53538	-28.30212	-91.29758	SAX_RV_EPICARDIAL	6	1.0	16
19.30770	-28.30212	-93.01442	SAX_RV_EPICARDIAL	6	1.0	16
16.54889	-29.40689	-94.04211	SAX_RV_EPICARDIAL	6	1.0	16
14.32120	-29.40689	-95.75896	SAX_RV_EPICARDIAL	6	1.0	16
12.09351	-29.40689	-97.47580	SAX_RV_EPICARDIAL	6	1.0	16
9.86582	-29.40689	-99.19265	SAX_RV_EPICARDIAL	6	1.0	16
7.63813	-29.40690	-100.90949	SAX_RV_EPICARDIAL	6	1.0	16
24.56730	-15.04490	-102.14272	SAX_RV_SEPTUM	6	1.0	16
23.50506	-17.25444	-100.76441	SAX_RV_SEPTUM	6	1.0	16
22.44282	-19.46397	-99.38610	SAX_RV_SEPTUM	6	1.0	16
22.49442	-21.67351	-97.14936	SAX_RV_SEPTUM	6	1.0	16
22.54602	-23.88304	-94.91263	SAX_RV_SEPTUM	6	1.0	16
21.48378	-26.09258	-93.53431	SAX_RV_SEPTUM	6	1.0	16
30.49774	-30.51164	-82.19346	SAX_LV_EPICARDIAL	6	1.0	16
28.80117	-29.40688	-84.59946	SAX_LV_EPICARDIAL	6	1.0	16
26.57348	-29.40688	-86.31631	SAX_LV_EPICARDIAL	6	1.0	16
24.87692	-28.30211	-88.72231	SAX_LV_EPICARDIAL	6	1.0	16
30.03332	-10.62582	-102.32408	SAX_LV_EPICARDIAL	6	1.0	16
32.79213	-9.52105	-101.29639	SAX_LV_EPICARDIAL	6	1.0	16
35.55094	-8.41628	-100.26871	SAX_LV_EPICARDIAL	6	1.0	16
38.30975	-7.31151	-99.24102	SAX_LV_EPICARDIAL	6	1.0	16
41.06856	-6.20674	-98.21333	SAX_LV_EPICARDIAL	6	1.0	16
43.29624	-6.20674	-96.49648	SAX_LV_EPICARDIAL	6	1.0	16
45.52393	-6.20674	-94.77964	SAX_LV_EPICARDIAL	6	1.0	16
47.22050	-7.31150	-92.37363	SAX_LV_EPICARDIAL	6	1.0	16
48.91707	-8.41627	-89.96763	SAX_LV_EPICARDIAL	6	1.0	16
50.61364	-9.52103	-87.56163	SAX_LV_EPICARDIAL	6	1.0	16
50.66524	-11.73057	-85.32489	SAX_LV_EPICARDIAL	6	1.0	16
50.71684	-13.94011	-83.08816	SAX_LV_EPICARDIAL	6	1.0	16
50.76844	-16.14964	-80.85142	SAX_LV_EPICARDIAL	6	1.0	16
49.70620	-18.35918	-79.47311	SAX_LV_EPICARDIAL	6	1.0	16
48.64396	-20.56871	-78.09479	SAX_LV_EPICARDIAL	6	1.0	16
46.46787	-22.77825	-77.57490	SAX_LV_EPICARDIAL	6	1.0	16
44.29179	-24.98779	-77.05501	SAX_LV_EPICARDIAL	6	1.0	16
42.11570	-27.19733	-76.53512	SAX_LV_EPICARDIAL	6	1.0	16
39.35689	-28.30210	-77.56281	SAX_LV_EPICARDIAL	6	1.0	16
36.59808	-29.40687	-78.59050	SAX_LV_EPICARDIAL	6	1.0	16
34.37039	-29.40687	-80.30735	SAX_LV_EPICARDIAL	6	1.0	16
31.61158	-30.51164	-81.33503	SAX_LV_EPICARDIAL	6	1.0	16
29.81181	-24.98780	-88.21451	SAX_LV_ENDOCARDIAL	6	1.0	16
28.64637	-22.77827	-91.30967	SAX_LV_ENDOCARDIAL	6	1.0	16
28.59476	-20.56873	-93.54640	SAX_LV_ENDOCARDIAL	6	1.0	16
28.54316	-18.35920	-95.78314	SAX_LV_ENDOCARDIAL	6	1.0	16
28.49156	-16.14966	-98.01988	SAX_LV_ENDOCARDIAL	6	1.0	16
30.66764	-13.94013	-98.53977	SAX_LV_ENDOCARDIAL	6	1.0	16
33.95757	-11.73059	-98.20124	SAX_LV_ENDOCARDIAL	6	1.0	16
36.71638	-10.62582	-97.17355	SAX_LV_ENDOCARDIAL	6	1.0	16
39.47519	-9.52105	-96.14586	SAX_LV_ENDOCARDIAL	6	1.0	16
41.17176	-10.62581	-93.73986	SAX_LV_ENDOCARDIAL	6	1.0	16
43.39945	-10.62581	-92.02301	SAX_LV_ENDOCARDIAL	6	1.0	16
45.09602	-11.73058	-89.61701	SAX_LV_ENDOCARDIAL	6	1.0	16
46.26146	-13.94011	-86.52185	SAX_LV_ENDOCARDIAL	6	1.0	16
45.19922	-16.14965	-85.14353	SAX_LV_ENDOCARDIAL	6	1.0	16
45.25082	-18.35918	-82.90680	SAX_LV_ENDOCARDIAL	6	1.0	16
44.18858	-20.56872	-81.52849	SAX_LV_ENDOCARDIAL	6	1.0	16
42.01250	-22.77826	-81.00859	SAX_LV_ENDOCARDIAL	6	1.0	16
38.72257	-24.98780	-81.34713	SAX_LV_ENDOCARDIAL	6	1.0	16
36.49488	-24.98780	-83.06397	SAX_LV_ENDOCARDIAL	6	1.0	16
34.26719	-24.98780	-84.78082	SAX_LV_ENDOCARDIAL	6	1.0	16
32.03950	-24.98780	-86.49766	SAX_LV_ENDOCARDIAL	6	1.0	16
22.33961	-15.04490	-103.85957	RV_INSERT	6	1.0	16
21.48378	-26.09258	-93.53431	RV_INSERT	6	1.0	16
10.19282	17.04881	-19.90304	LAX_LV_ENDOCARDIAL	9	1.0	16
11.99561	14.88047	-21.29443	LAX_LV_ENDOCARDIAL	9	1.0	16
13.79840	12.71214	-22.68582	LAX_LV_ENDOCARDIAL	9	1.0	16
15.54615	10.50865	-22.67247	LAX_LV_ENDOCARDIAL	9	1.0	16
17.29389	8.30517	-22.65912	LAX_LV_ENDOCARDIAL	9	1.0	16
19.04164	6.10168	-22.64578	LAX_LV_ENDOCARDIAL	9	1.0	16
20.78939	3.89819	-22.63243	LAX_LV_ENDOCARDIAL	9	1.0	16
22.59218	1.72986	-24.02382	LAX_LV_ENDOCARDIAL	9	1.0	16
24.33993	-0.47363	-24.01047	LAX_LV_ENDOCARDIAL	9	1.0	16
26.14272	-2.64197	-25.40186	LAX_LV_ENDOCARDIAL	9	1.0	16
27.94551	-4.81030	-26.79325	LAX_LV_ENDOCARDIAL	9	1.0	16
28.92947	-5.84174	-29.59604	LAX_LV_ENDOCARDIAL	9	1.0	16
30.78731	-7.97492	-32.39216	LAX_LV_ENDOCARDIAL	9	1.0	16
31.77127	-9.00636	-35.19495	LAX_LV_ENDOCARDIAL	9	1.0	16
32.75523	-10.03780	-37.99774	LAX_LV_ENDOCARDIAL	9	1.0	16
32.86532	-9.96750	-40.80721	LAX_LV_ENDOCARDIAL	9	1.0	16
33.84928	-10.99894	-43.61000	LAX_LV_ENDOCARDIAL	9	1.0	16
34.83324	-12.03038	-46.41279	LAX_LV_ENDOCARDIAL	9	1.0	16
35.81721	-13.06182	-49.21559	LAX_LV_ENDOCARDIAL	9	1.0	16
36.80117	-14.09326	-52.01838	LAX_LV_ENDOCARDIAL	9	1.0	16
37.78513	-15.12470	-54.82117	LAX_LV_ENDOCARDIAL	9	1.0	16
37.89522	-15.05439	-57.63064	LAX_LV_ENDOCARDIAL	9	1.0	16
38.87918	-16.08583	-60.43343	LAX_LV_ENDOCARDIAL	9	1.0	16
39.86315	-17.11727	-63.23622	LAX_LV_ENDOCARDIAL	9	1.0	16
40.84711	-18.14871	-66.03901	LAX_LV_ENDOCARDIAL	9	1.0	16
40.95720	-18.07841	-68.84848	LAX_LV_ENDOCARDIAL	9	1.0	16
41.94116	-19.10985	-71.65127	LAX_LV_ENDOCARDIAL	9	1.0	16
42.05125	-19.03954	-74.46074	LAX_LV_ENDOCARDIAL	9	1.0	16
43.03521	-20.07098	-77.26353	LAX_LV_ENDOCARDIAL	9	1.0	16
43.14530	-20.00068	-80.07299	LAX_LV_ENDOCARDIAL	9	1.0	16
43.25539	-19.93038	-82.88246	LAX_LV_ENDOCARDIAL	9	1.0	16
43.36548	-19.86007	-85.69193	LAX_LV_ENDOCARDIAL	9	1.0	16
42.60169	-18.68803	-88.50806	LAX_LV_ENDOCARDIAL	9	1.0	16
42.71178	-18.61772	-91.31753	LAX_LV_ENDOCARDIAL	9	1.0	16
42.82187	-18.54742	-94.12699	LAX_LV_ENDOCARDIAL	9	1.0	16
42.05809	-17.37537	-96.94313	LAX_LV_ENDOCARDIAL	9	1.0	16
40.42043	-15.10158	-99.76594	LAX_LV_ENDOCARDIAL	9	1.0	16
38.67268	-12.89809	-99.77929	LAX_LV_ENDOCARDIAL	9	1.0	16
36.86989	-10.72976	-98.38790	LAX_LV_ENDOCARDIAL	9	1.0	16
35.06710	-8.56142	-96.99652	LAX_LV_ENDOCARDIAL	9	1.0	16
33.26431	-6.39309	-95.60513	LAX_LV_ENDOCARDIAL	9	1.0	16
31.46152	-4.22475	-94.21374	LAX_LV_ENDOCARDIAL	9	1.0	16
29.65873	-2.05642	-92.82235	LAX_LV_ENDOCARDIAL	9	1.0	16
27.85594	0.11192	-91.43097	LAX_LV_ENDOCARDIAL	9	1.0	16
26.10819	2.31540	-91.44431	LAX_LV_ENDOCARDIAL	9	1.0	16
24.30540	4.48374	-90.05293	LAX_LV_ENDOCARDIAL	9	1.0	16
22.50261	6.65207	-88.66154	LAX_LV_ENDOCARDIAL	9	1.0	16
20.69982	8.82041	-87.27015	LAX_LV_ENDOCARDIAL	9	1.0	16
18.95207	11.02390	-87.28350	LAX_LV_ENDOCARDIAL	9	1.0	16
17.14928	13.19223	-85.89211	LAX_LV_ENDOCARDIAL	9	1.0	16
15.40153	15.39572	-85.90546	LAX_LV_ENDOCARDIAL	9	1.0	16
13.59874	17.56405	-84.51407	LAX_LV_ENDOCARDIAL	9	1.0	16
11.74091	19.69724	-81.71795	LAX_LV_ENDOCARDIAL	9	1.0	16
9.93812	21.86557	-80.32656	LAX_LV_ENDOCARDIAL	9	1.0	16
8.13532	24.03391	-78.93518	LAX_LV_ENDOCARDIAL	9	1.0	16
6.33253	26.20224	-77.54379	LAX_LV_ENDOCARDIAL	9	1.0	16
4.47470	28.33542	-74.74767	LAX_LV_ENDOCARDIAL	9	1.0	16
2.67191	30.50376	-73.35628	LAX_LV_ENDOCARDIAL	9	1.0	16
1.68794	31.53520	-70.55349	LAX_LV_ENDOCARDIAL	9	1.0	16
-0.16989	33.66838	-67.75737	LAX_LV_ENDOCARDIAL	9	1.0	16
-1.15385	34.69982	-64.95458	LAX_LV_ENDOCARDIAL	9	1.0	16
-3.01169	36.83300	-62.15846	LAX_LV_ENDOCARDIAL	9	1.0	16
-3.99565	37.86444	-59.35567	LAX_LV_ENDOCARDIAL	9	1.0	16
6.69733	21.45578	-19.92973	LAX_LV_ENDOCARDIAL	9	1.0	16
8.44507	19.25230	-19.91639	LAX_LV_ENDOCARDIAL	9	1.0	16
13.41309	12.46608	-12.85269	LAX_LV_EPICARDIAL	9	1.0	16
15.21588	10.29774	-14.24407	LAX_LV_EPICARDIAL	9	1.0	16
16.96363	8.09425	-14.23073	LAX_LV_EPICARDIAL	9	1.0	16
18.71137	5.89077	-14.21738	LAX_LV_EPICARDIAL	9	1.0	16
20.51417	3.72243	-15.60877	LAX_LV_EPICARDIAL	9	1.0	16
22.26191	1.51895	-15.59542	LAX_LV_EPICARDIAL	9	1.0	16
24.06470	-0.64939	-16.98681	LAX_LV_EPICARDIAL	9	1.0	16
25.86749	-2.81772	-18.37820	LAX_LV_EPICARDIAL	9	1.0	16
27.67029	-4.98606	-19.76958	LAX_LV_EPICARDIAL	9	1.0	16
29.47308	-7.15439	-21.16097	LAX_LV_EPICARDIAL	9	1.0	16
31.33091	-9.28758	-23.95709	LAX_LV_EPICARDIAL	9	1.0	16
33.18875	-11.42076	-26.75321	LAX_LV_EPICARDIAL	9	1.0	16
34.17271	-12.45220	-29.55600	LAX_LV_EPICARDIAL	9	1.0	16
35.15667	-13.48364	-32.35879	LAX_LV_EPICARDIAL	9	1.0	16
37.01451	-15.61682	-35.15491	LAX_LV_EPICARDIAL	9	1.0	16
37.99847	-16.64826	-37.95771	LAX_LV_EPICARDIAL	9	1.0	16
38.98243	-17.67970	-40.76050	LAX_LV_EPICARDIAL	9	1.0	16
39.09252	-17.60940	-43.56996	LAX_LV_EPICARDIAL	9	1.0	16
40.07648	-18.64084	-46.37276	LAX_LV_EPICARDIAL	9	1.0	16
41.06045	-19.67228	-49.17555	LAX_LV_EPICARDIAL	9	1.0	16
42.04441	-20.70372	-51.97834	LAX_LV_EPICARDIAL	9	1.0	16
43.02837	-21.73516	-54.78113	LAX_LV_EPICARDIAL	9	1.0	16
44.01233	-22.76660	-57.58393	LAX_LV_EPICARDIAL	9	1.0	16
44.12242	-22.69629	-60.39339	LAX_LV_EPICARDIAL	9	1.0	16
45.10639	-23.72773	-63.19618	LAX_LV_EPICARDIAL	9	1.0	16
45.21647	-23.65743	-66.00565	LAX_LV_EPICARDIAL	9	1.0	16
46.20044	-24.68887	-68.80844	LAX_LV_EPICARDIAL	9	1.0	16
46.31053	-24.61857	-71.61791	LAX_LV_EPICARDIAL	9	1.0	16
46.42062	-24.54826	-74.42737	LAX_LV_EPICARDIAL	9	1.0	16
46.53070	-24.47796	-77.23684	LAX_LV_EPICARDIAL	9	1.0	16
46.64079	-24.40765	-80.04630	LAX_LV_EPICARDIAL	9	1.0	16
46.75088	-24.33735	-82.85577	LAX_LV_EPICARDIAL	9	1.0	16
46.86097	-24.26705	-85.66523	LAX_LV_EPICARDIAL	9	1.0	16
46.09719	-23.09500	-88.48137	LAX_LV_EPICARDIAL	9	1.0	16
45.33340	-21.92295	-91.29751	LAX_LV_EPICARDIAL	9	1.0	16
45.44349	-21.85265	-94.10698	LAX_LV_EPICARDIAL	9	1.0	16
44.67971	-20.68060	-96.92311	LAX_LV_EPICARDIAL	9	1.0	16
43.91592	-19.50855	-99.73925	LAX_LV_EPICARDIAL	9	1.0	16
43.15214	-18.33651	-102.55539	LAX_LV_EPICARDIAL	9	1.0	16
41.45944	-16.09787	-103.97347	LAX_LV_EPICARDIAL	9	1.0	16
39.76674	-13.85923	-105.39155	LAX_LV_EPICARDIAL	9	1.0	16
37.96395	-11.69089	-104.00016	LAX_LV_EPICARDIAL	9	1.0	16
36.21620	-9.48741	-104.01351	LAX_LV_EPICARDIAL	9	1.0	16
34.41341	-7.31907	-102.62212	LAX_LV_EPICARDIAL	9	1.0	16
32.61062	-5.15074	-101.23073	LAX_LV_EPICARDIAL	9	1.0	16
30.86287	-2.94725	-101.24408	LAX_LV_EPICARDIAL	9	1.0	16
29.06008	-0.77892	-99.85269	LAX_LV_EPICARDIAL	9	1.0	16
27.25729	1.38942	-98.46130	LAX_LV_EPICARDIAL	9	1.0	16
25.50954	3.59291	-98.47465	LAX_LV_EPICARDIAL	9	1.0	16
23.70675	5.76124	-97.08326	LAX_LV_EPICARDIAL	9	1.0	16
21.95900	7.96473	-97.09661	LAX_LV_EPICARDIAL	9	1.0	16
20.15621	10.13306	-95.70522	LAX_LV_EPICARDIAL	9	1.0	16
18.35342	12.30140	-94.31384	LAX_LV_EPICARDIAL	9	1.0	16
16.60567	14.50489	-94.32718	LAX_LV_EPICARDIAL	9	1.0	16
14.80288	16.67322	-92.93579	LAX_LV_EPICARDIAL	9	1.0	16
13.00009	18.84156	-91.54441	LAX_LV_EPICARDIAL	9	1.0	16
11.19730	21.00989	-90.15302	LAX_LV_EPICARDIAL	9	1.0	16
9.39451	23.17823	-88.76163	LAX_LV_EPICARDIAL	9	1.0	16
7.59172	25.34656	-87.37025	LAX_LV_EPICARDIAL	9	1.0	16
5.78893	27.51490	-85.97886	LAX_LV_EPICARDIAL	9	1.0	16
3.98614	29.68323	-84.58747	LAX_LV_EPICARDIAL	9	1.0	16
2.18335	31.85157	-83.19609	LAX_LV_EPICARDIAL	9	1.0	16
0.38055	34.01990	-81.80470	LAX_LV_EPICARDIAL	9	1.0	16
-1.47728	36.15308	-79.00858	LAX_LV_EPICARDIAL	9	1.0	16
-3.28007	38.32142	-77.61719	LAX_LV_EPICARDIAL	9	1.0	16
-4.26403	39.35286	-74.81440	LAX_LV_EPICARDIAL	9	1.0	16
-6.12187	41.48604	-72.01828	LAX_LV_EPICARDIAL	9	1.0	16
-7.10583	42.51748	-69.21549	LAX_LV_EPICARDIAL	9	1.0	16
-7.21592	42.44718	-66.40602	LAX_LV_EPICARDIAL	9	1.0	16
-8.19988	43.47862	-63.60323	LAX_LV_EPICARDIAL	9	1.0	16
-7.43610	42.30657	-60.78709	LAX_LV_EPICARDIAL	9	1.0	16
-6.61727	41.16967	-59.37569	LAX_LV_EPICARDIAL	9	1.0	16
-4.86953	38.96619	-59.36234	LAX_LV_EPICARDIAL	9	1.0	16
5.76841	22.52237	-18.53167	LAX_LV_EPICARDIAL	9	1.0	16
6.53219	21.35033	-15.71554	LAX_LV_EPICARDIAL	9	1.0	16
8.22489	19.11169	-14.29746	LAX_LV_EPICARDIAL	9	1.0	16
9.97264	16.90820	-14.28411	LAX_LV_EPICARDIAL	9	1.0	16
11.72039	14.70471	-14.27077	LAX_LV_EPICARDIAL	9	1.0	16
5.05967	23.72957	-22.75254	MITRAL_VALVE	9	1.0	16
-4.16079	37.75899	-55.14147	MITRAL_VALVE	9	1.0	16
-31.31874	-11.88040	-2.28795	LAX_RV_FREEWALL	8	1.0	1.0
-30.07268	-14.59730	-4.91209	LAX_RV_FREEWALL	8	1.0	1.0
-28.54771	-15.95575	-7.30307	LAX_RV_FREEWALL	8	1.0	1.0
-26.74383	-15.95575	-9.46089	LAX_RV_FREEWALL	8	1.0	1.0
-25.21886	-17.31420	-11.85187	LAX_RV_FREEWALL	8	1.0	1.0
-23.69389	-18.67265	-14.24284	LAX_RV_FREEWALL	8	1.0	1.0
-22.16893	-20.03110	-16.63382	LAX_RV_FREEWALL	8	1.0	1.0
-20.64396	-21.38955	-19.02480	LAX_RV_FREEWALL	8	1.0	1.0
-19.11899	-22.74800	-21.41578	LAX_RV_FREEWALL	8	1.0	1.0
-17.59402	-24.10645	-23.80676	LAX_RV_FREEWALL	8	1.0	1.0
-15.79014	-24.10646	-25.96458	LAX_RV_FREEWALL	8	1.0	1.0
-13.98626	-24.10646	-28.12240	LAX_RV_FREEWALL	8	1.0	1.0
-12.18238	-24.10646	-30.28021	LAX_RV_FREEWALL	8	1.0	1.0
-10.37850	-24.10646	-32.43803	LAX_RV_FREEWALL	8	1.0	1.0
-8.57461	-24.10646	-34.59585	LAX_RV_FREEWALL	8	1.0	1.0
-6.49182	-22.74802	-36.52050	LAX_RV_FREEWALL	8	1.0	1.0
-4.68794	-22.74802	-38.67832	LAX_RV_FREEWALL	8	1.0	1.0
-3.16297	-24.10647	-41.06930	LAX_RV_FREEWALL	8	1.0	1.0
-1.35909	-24.10647	-43.22712	LAX_RV_FREEWALL	8	1.0	1.0
0.16588	-25.46492	-45.61810	LAX_RV_FREEWALL	8	1.0	1.0
1.96976	-25.46492	-47.77592	LAX_RV_FREEWALL	8	1.0	1.0
3.77364	-25.46492	-49.93373	LAX_RV_FREEWALL	8	1.0	1.0
5.85644	-24.10648	-51.85839	LAX_RV_FREEWALL	8	1.0	1.0
-12.16427	-6.44662	-22.93348	LAX_RV_FREEWALL	8	1.0	1.0
-13.96815	-6.44662	-20.77566	LAX_RV_FREEWALL	8	1.0	1.0
-15.77204	-6.44662	-18.61784	LAX_RV_FREEWALL	8	1.0	1.0
-17.57592	-6.44662	-16.46002	LAX_RV_FREEWALL	8	1.0	1.0
-19.10088	-5.08817	-14.06904	LAX_RV_FREEWALL	8	1.0	1.0
-20.90477	-5.08816	-11.91123	LAX_RV_FREEWALL	8	1.0	1.0
-22.42973	-3.72971	-9.52025	LAX_RV_FREEWALL	8	1.0	1.0
-24.23362	-3.72971	-7.36243	LAX_RV_FREEWALL	8	1.0	1.0
-26.03750	-3.72971	-5.20461	LAX_RV_FREEWALL	8	1.0	1.0
-28.12029	-5.08816	-3.27996	LAX_RV_FREEWALL	8	1.0	1.0
-30.48200	-7.80505	-1.58846	LAX_RV_FREEWALL	8	1.0	1.0
-31.03982	-10.52195	-2.05479	LAX_RV_FREEWALL	8	1.0	1.0
-33.74565	-10.52195	1.18194	LAX_RV_EPICARDIAL	8	1.0	1.0
-33.40153	-13.23885	-0.36329	LAX_RV_EPICARDIAL	8	1.0	1.0
-32.15547	-15.95575	-2.98743	LAX_RV_EPICARDIAL	8	1.0	1.0
-30.63051	-17.31420	-5.37841	LAX_RV_EPICARDIAL	8	1.0	1.0
-29.10554	-18.67265	-7.76939	LAX_RV_EPICARDIAL	8	1.0	1.0
-27.58057	-20.03110	-10.16037	LAX_RV_EPICARDIAL	8	1.0	1.0
-26.05560	-21.38955	-12.55135	LAX_RV_EPICARDIAL	8	1.0	1.0
-24.53063	-22.74800	-14.94233	LAX_RV_EPICARDIAL	8	1.0	1.0
-23.00566	-24.10645	-17.33331	LAX_RV_EPICARDIAL	8	1.0	1.0
-21.48070	-25.46490	-19.72429	LAX_RV_EPICARDIAL	8	1.0	1.0
-19.95573	-26.82335	-22.11527	LAX_RV_EPICARDIAL	8	1.0	1.0
-18.43076	-28.18180	-24.50625	LAX_RV_EPICARDIAL	8	1.0	1.0
-16.62688	-28.18180	-26.66407	LAX_RV_EPICARDIAL	8	1.0	1.0
-14.82300	-28.18180	-28.82188	LAX_RV_EPICARDIAL	8	1.0	1.0
-13.01912	-28.18180	-30.97970	LAX_RV_EPICARDIAL	8	1.0	1.0
-10.93632	-26.82336	-32.90436	LAX_RV_EPICARDIAL	8	1.0	1.0
-9.13244	-26.82336	-35.06217	LAX_RV_EPICARDIAL	8	1.0	1.0
-7.32856	-26.82336	-37.21999	LAX_RV_EPICARDIAL	8	1.0	1.0
-5.52468	-26.82336	-39.37781	LAX_RV_EPICARDIAL	8	1.0	1.0
-3.72080	-26.82336	-41.53563	LAX_RV_EPICARDIAL	8	1.0	1.0
-1.91691	-26.82337	-43.69344	LAX_RV_EPICARDIAL	8	1.0	1.0
-0.11303	-26.82337	-45.85126	LAX_RV_EPICARDIAL	8	1.0	1.0
1.69085	-26.82337	-48.00908	LAX_RV_EPICARDIAL	8	1.0	1.0
3.49473	-26.82337	-50.16690	LAX_RV_EPICARDIAL	8	1.0	1.0
5.29861	-26.82337	-52.32471	LAX_RV_EPICARDIAL	8	1.0	1.0
7.38140	-25.46493	-54.24937	LAX_RV_EPICARDIAL	8	1.0	1.0
9.18529	-25.46493	-56.40719	LAX_RV_EPICARDIAL	8	1.0	1.0
8.56226	-24.10648	-55.09512	LAX_RV_EPICARDIAL	8	1.0	1.0
-12.22947	-2.37127	-21.15508	LAX_RV_EPICARDIAL	8	1.0	1.0
-14.03336	-2.37127	-18.99726	LAX_RV_EPICARDIAL	8	1.0	1.0
-16.11615	-3.72972	-17.07261	LAX_RV_EPICARDIAL	8	1.0	1.0
-17.92003	-3.72972	-14.91479	LAX_RV_EPICARDIAL	8	1.0	1.0
-19.72391	-3.72972	-12.75697	LAX_RV_EPICARDIAL	8	1.0	1.0
-21.24888	-2.37127	-10.36599	LAX_RV_EPICARDIAL	8	1.0	1.0
-23.05276	-2.37126	-8.20818	LAX_RV_EPICARDIAL	8	1.0	1.0
-24.85664	-2.37126	-6.05036	LAX_RV_EPICARDIAL	8	1.0	1.0
-26.66052	-2.37126	-3.89254	LAX_RV_EPICARDIAL	8	1.0	1.0
-28.74332	-3.72971	-1.96789	LAX_RV_EPICARDIAL	8	1.0	1.0
-30.82611	-5.08815	-0.04323	LAX_RV_EPICARDIAL	8	1.0	1.0
-32.28588	-7.80505	0.56936	LAX_RV_EPICARDIAL	8	1.0	1.0
7.93923	-22.74803	-53.78304	LAX_RV_SEPTUM	8	1.0	1.0
6.41426	-21.38958	-51.39207	LAX_RV_SEPTUM	8	1.0	1.0
4.88929	-20.03113	-49.00109	LAX_RV_SEPTUM	8	1.0	1.0
3.36432	-18.67268	-46.61011	LAX_RV_SEPTUM	8	1.0	1.0
1.83936	-17.31423	-44.21913	LAX_RV_SEPTUM	8	1.0	1.0
0.31439	-15.95578	-41.82815	LAX_RV_SEPTUM	8	1.0	1.0
-1.21058	-14.59733	-39.43717	LAX_RV_SEPTUM	8	1.0	1.0
-2.73555	-13.23888	-37.04619	LAX_RV_SEPTUM	8	1.0	1.0
-4.26052	-11.88043	-34.65521	LAX_RV_SEPTUM	8	1.0	1.0
-5.78549	-10.52197	-32.26423	LAX_RV_SEPTUM	8	1.0	1.0
-7.31045	-9.16352	-29.87325	LAX_RV_SEPTUM	8	1.0	1.0
-8.83542	-7.80507	-27.48227	LAX_RV_SEPTUM	8	1.0	1.0
-10.36039	-6.44662	-25.09129	LAX_RV_SEPTUM	8	1.0	1.0
-10.70451	-3.72972	-23.54606	LAX_LV_EPICARDIAL	8	1.0	1.0
10.64505	-22.74803	-57.01977	LAX_LV_EPICARDIAL	8	1.0	1.0
12.17002	-24.10648	-59.41075	LAX_LV_EPICARDIAL	8	1.0	1.0
13.97390	-24.10648	-61.56857	LAX_LV_EPICARDIAL	8	1.0	1.0
15.77778	-24.10649	-63.72639	LAX_LV_EPICARDIAL	8	1.0	1.0
17.30275	-25.46494	-66.11737	LAX_LV_EPICARDIAL	8	1.0	1.0
19.10663	-25.46494	-68.27518	LAX_LV_EPICARDIAL	8	1.0	1.0
20.63160	-26.82339	-70.66616	LAX_LV_EPICARDIAL	8	1.0	1.0
22.43548	-26.82339	-72.82398	LAX_LV_EPICARDIAL	8	1.0	1.0
23.96045	-28.18184	-75.21496	LAX_LV_EPICARDIAL	8	1.0	1.0
25.76433	-28.18184	-77.37278	LAX_LV_EPICARDIAL	8	1.0	1.0
27.56821	-28.18184	-79.53059	LAX_LV_EPICARDIAL	8	1.0	1.0
29.37209	-28.18185	-81.68841	LAX_LV_EPICARDIAL	8	1.0	1.0
31.17598	-28.18185	-83.84623	LAX_LV_EPICARDIAL	8	1.0	1.0
32.97986	-28.18185	-86.00405	LAX_LV_EPICARDIAL	8	1.0	1.0
34.78374	-28.18185	-88.16186	LAX_LV_EPICARDIAL	8	1.0	1.0
36.86653	-26.82340	-90.08652	LAX_LV_EPICARDIAL	8	1.0	1.0
38.94933	-25.46496	-92.01118	LAX_LV_EPICARDIAL	8	1.0	1.0
41.03212	-24.10651	-93.93583	LAX_LV_EPICARDIAL	8	1.0	1.0
43.39383	-21.38961	-95.62732	LAX_LV_EPICARDIAL	8	1.0	1.0
44.85359	-18.67272	-96.23991	LAX_LV_EPICARDIAL	8	1.0	1.0
46.31336	-15.95582	-96.85249	LAX_LV_EPICARDIAL	8	1.0	1.0
46.87119	-13.23892	-96.38617	LAX_LV_EPICARDIAL	8	1.0	1.0
47.42901	-10.52203	-95.91985	LAX_LV_EPICARDIAL	8	1.0	1.0
47.08490	-7.80513	-94.37461	LAX_LV_EPICARDIAL	8	1.0	1.0
46.74078	-5.08823	-92.82938	LAX_LV_EPICARDIAL	8	1.0	1.0
46.39667	-2.37133	-91.28415	LAX_LV_EPICARDIAL	8	1.0	1.0
46.05255	0.34557	-89.73892	LAX_LV_EPICARDIAL	8	1.0	1.0
45.70844	3.06247	-88.19368	LAX_LV_EPICARDIAL	8	1.0	1.0
45.36432	5.77936	-86.64845	LAX_LV_EPICARDIAL	8	1.0	1.0
45.02021	8.49626	-85.10322	LAX_LV_EPICARDIAL	8	1.0	1.0
44.67609	11.21316	-83.55799	LAX_LV_EPICARDIAL	8	1.0	1.0
44.33198	13.93006	-82.01275	LAX_LV_EPICARDIAL	8	1.0	1.0
43.08592	16.64696	-79.38861	LAX_LV_EPICARDIAL	8	1.0	1.0
42.74181	19.36386	-77.84338	LAX_LV_EPICARDIAL	8	1.0	1.0
42.39769	22.08076	-76.29815	LAX_LV_EPICARDIAL	8	1.0	1.0
42.05358	24.79765	-74.75292	LAX_LV_EPICARDIAL	8	1.0	1.0
41.70946	27.51455	-73.20768	LAX_LV_EPICARDIAL	8	1.0	1.0
40.46340	30.23145	-70.58354	LAX_LV_EPICARDIAL	8	1.0	1.0
40.11929	32.94835	-69.03831	LAX_LV_EPICARDIAL	8	1.0	1.0
39.77517	35.66525	-67.49308	LAX_LV_EPICARDIAL	8	1.0	1.0
38.52912	38.38215	-64.86894	LAX_LV_EPICARDIAL	8	1.0	1.0
37.28306	41.09905	-62.24479	LAX_LV_EPICARDIAL	8	1.0	1.0
36.03701	43.81595	-59.62065	LAX_LV_EPICARDIAL	8	1.0	1.0
34.51204	45.17440	-57.22967	LAX_LV_EPICARDIAL	8	1.0	1.0
32.98707	46.53285	-54.83869	LAX_LV_EPICARDIAL	8	1.0	1.0
31.46210	47.89130	-52.44771	LAX_LV_EPICARDIAL	8	1.0	1.0
29.93713	49.24975	-50.05674	LAX_LV_EPICARDIAL	8	1.0	1.0
28.41217	50.60820	-47.66576	LAX_LV_EPICARDIAL	8	1.0	1.0
26.60828	50.60820	-45.50794	LAX_LV_EPICARDIAL	8	1.0	1.0
25.08332	51.96665	-43.11696	LAX_LV_EPICARDIAL	8	1.0	1.0
23.27943	51.96665	-40.95914	LAX_LV_EPICARDIAL	8	1.0	1.0
21.47555	51.96665	-38.80132	LAX_LV_EPICARDIAL	8	1.0	1.0
19.67167	51.96666	-36.64351	LAX_LV_EPICARDIAL	8	1.0	1.0
17.58888	50.60821	-34.71885	LAX_LV_EPICARDIAL	8	1.0	1.0
15.22717	47.89131	-33.02736	LAX_LV_EPICARDIAL	8	1.0	1.0
-2.69934	22.08080	-22.35271	LAX_LV_EPICARDIAL	8	1.0	1.0
-4.50322	22.08080	-20.19489	LAX_LV_EPICARDIAL	8	1.0	1.0
-8.40800	3.06252	-23.45916	LAX_LV_ENDOCARDIAL	8	1.0	1.0
-6.60412	3.06252	-25.61698	LAX_LV_ENDOCARDIAL	8	1.0	1.0
-4.52133	4.42096	-27.54163	LAX_LV_ENDOCARDIAL	8	1.0	1.0
-2.71745	4.42096	-29.69945	LAX_LV_ENDOCARDIAL	8	1.0	1.0
-0.91356	4.42096	-31.85727	LAX_LV_ENDOCARDIAL	8	1.0	1.0
0.61140	3.06251	-34.24825	LAX_LV_ENDOCARDIAL	8	1.0	1.0
2.13637	1.70406	-36.63923	LAX_LV_ENDOCARDIAL	8	1.0	1.0
3.38243	-1.01284	-39.26337	LAX_LV_ENDOCARDIAL	8	1.0	1.0
4.62848	-3.72974	-41.88751	LAX_LV_ENDOCARDIAL	8	1.0	1.0
5.87454	-6.44664	-44.51165	LAX_LV_ENDOCARDIAL	8	1.0	1.0
7.39951	-7.80509	-46.90263	LAX_LV_ENDOCARDIAL	8	1.0	1.0
8.64556	-10.52199	-49.52677	LAX_LV_ENDOCARDIAL	8	1.0	1.0
10.17053	-11.88044	-51.91775	LAX_LV_ENDOCARDIAL	8	1.0	1.0
11.69550	-13.23889	-54.30873	LAX_LV_ENDOCARDIAL	8	1.0	1.0
13.22047	-14.59734	-56.69971	LAX_LV_ENDOCARDIAL	8	1.0	1.0
15.02435	-14.59734	-58.85753	LAX_LV_ENDOCARDIAL	8	1.0	1.0
16.54932	-15.95579	-61.24851	LAX_LV_ENDOCARDIAL	8	1.0	1.0
18.35320	-15.95579	-63.40632	LAX_LV_ENDOCARDIAL	8	1.0	1.0
19.87817	-17.31424	-65.79730	LAX_LV_ENDOCARDIAL	8	1.0	1.0
21.40314	-18.67269	-68.18828	LAX_LV_ENDOCARDIAL	8	1.0	1.0
23.20702	-18.67270	-70.34610	LAX_LV_ENDOCARDIAL	8	1.0	1.0
24.73199	-20.03115	-72.73708	LAX_LV_ENDOCARDIAL	8	1.0	1.0
26.25696	-21.38960	-75.12806	LAX_LV_ENDOCARDIAL	8	1.0	1.0
28.06084	-21.38960	-77.28588	LAX_LV_ENDOCARDIAL	8	1.0	1.0
29.86472	-21.38960	-79.44369	LAX_LV_ENDOCARDIAL	8	1.0	1.0
31.38969	-22.74805	-81.83467	LAX_LV_ENDOCARDIAL	8	1.0	1.0
33.47248	-21.38960	-83.75933	LAX_LV_ENDOCARDIAL	8	1.0	1.0
34.99745	-22.74806	-86.15031	LAX_LV_ENDOCARDIAL	8	1.0	1.0
36.80133	-22.74806	-88.30812	LAX_LV_ENDOCARDIAL	8	1.0	1.0
38.60521	-22.74806	-90.46594	LAX_LV_ENDOCARDIAL	8	1.0	1.0
40.68801	-21.38961	-92.39060	LAX_LV_ENDOCARDIAL	8	1.0	1.0
42.14777	-18.67271	-93.00318	LAX_LV_ENDOCARDIAL	8	1.0	1.0
43.60754	-15.95582	-93.61577	LAX_LV_ENDOCARDIAL	8	1.0	1.0
44.16536	-13.23892	-93.14944	LAX_LV_ENDOCARDIAL	8	1.0	1.0
43.82125	-10.52202	-91.60421	LAX_LV_ENDOCARDIAL	8	1.0	1.0
43.47713	-7.80512	-90.05898	LAX_LV_ENDOCARDIAL	8	1.0	1.0
43.13302	-5.08823	-88.51375	LAX_LV_ENDOCARDIAL	8	1.0	1.0
41.88696	-2.37133	-85.88961	LAX_LV_ENDOCARDIAL	8	1.0	1.0
41.54285	0.34557	-84.34437	LAX_LV_ENDOCARDIAL	8	1.0	1.0
40.29679	3.06247	-81.72023	LAX_LV_ENDOCARDIAL	8	1.0	1.0
39.95268	5.77937	-80.17500	LAX_LV_ENDOCARDIAL	8	1.0	1.0
39.60856	8.49627	-78.62977	LAX_LV_ENDOCARDIAL	8	1.0	1.0
38.36251	11.21317	-76.00563	LAX_LV_ENDOCARDIAL	8	1.0	1.0
38.01839	13.93007	-74.46039	LAX_LV_ENDOCARDIAL	8	1.0	1.0
37.67428	16.64696	-72.91516	LAX_LV_ENDOCARDIAL	8	1.0	1.0
37.33016	19.36386	-71.36993	LAX_LV_ENDOCARDIAL	8	1.0	1.0
36.08411	22.08076	-68.74579	LAX_LV_ENDOCARDIAL	8	1.0	1.0
35.73999	24.79766	-67.20055	LAX_LV_ENDOCARDIAL	8	1.0	1.0
35.39588	27.51456	-65.65532	LAX_LV_ENDOCARDIAL	8	1.0	1.0
34.14982	30.23146	-63.03118	LAX_LV_ENDOCARDIAL	8	1.0	1.0
32.90376	32.94836	-60.40704	LAX_LV_ENDOCARDIAL	8	1.0	1.0
31.37880	34.30681	-58.01606	LAX_LV_ENDOCARDIAL	8	1.0	1.0
29.85383	35.66526	-55.62508	LAX_LV_ENDOCARDIAL	8	1.0	1.0
28.32886	37.02371	-53.23410	LAX_LV_ENDOCARDIAL	8	1.0	1.0
27.08280	39.74061	-50.60996	LAX_LV_ENDOCARDIAL	8	1.0	1.0
25.55784	41.09906	-48.21898	LAX_LV_ENDOCARDIAL	8	1.0	1.0
24.31178	43.81596	-45.59484	LAX_LV_ENDOCARDIAL	8	1.0	1.0
22.50790	43.81596	-43.43702	LAX_LV_ENDOCARDIAL	8	1.0	1.0
20.70402	43.81596	-41.27920	LAX_LV_ENDOCARDIAL	8	1.0	1.0
18.90014	43.81596	-39.12139	LAX_LV_ENDOCARDIAL	8	1.0	1.0
17.09625	43.81596	-36.96357	LAX_LV_ENDOCARDIAL	8	1.0	1.0
-2.69934	22.08080	-22.35271	LAX_LV_ENDOCARDIAL	8	1.0	1.0
-4.50322	22.08080	-20.19489	LAX_LV_ENDOCARDIAL	8	1.0	1.0
-33.74565	-10.52195	1.18194	LAX_RV_EPICARDIAL	8	1.0	1.0
-33.40153	-13.23885	-0.36329	LAX_RV_EPICARDIAL	8	1.0	1.0
-32.15547	-15.95575	-2.98743	LAX_RV_EPICARDIAL	8	1.0	1.0
-30.63051	-17.31420	-5.37841	LAX_RV_EPICARDIAL	8	1.0	1.0
-29.10554	-18.67265	-7.76939	LAX_RV_EPICARDIAL	8	1.0	1.0
-27.58057	-20.03110	-10.16037	LAX_RV_EPICARDIAL	8	1.0	1.0
-26.05560	-21.38955	-12.55135	LAX_RV_EPICARDIAL	8	1.0	1.0
-24.53063	-22.74800	-14.94233	LAX_RV_EPICARDIAL	8	1.0	1.0
-23.00566	-24.10645	-17.33331	LAX_RV_EPICARDIAL	8	1.0	1.0
-21.48070	-25.46490	-19.72429	LAX_RV_EPICARDIAL	8	1.0	1.0
-19.95573	-26.82335	-22.11527	LAX_RV_EPICARDIAL	8	1.0	1.0
-18.43076	-28.18180	-24.50625	LAX_RV_EPICARDIAL	8	1.0	1.0
-16.62688	-28.18180	-26.66407	LAX_RV_EPICARDIAL	8	1.0	1.0
-14.82300	-28.18180	-28.82188	LAX_RV_EPICARDIAL	8	1.0	1.0
-13.01912	-28.18180	-30.97970	LAX_RV_EPICARDIAL	8	1.0	1.0
-10.93632	-26.82336	-32.90436	LAX_RV_EPICARDIAL	8	1.0	1.0
-9.13244	-26.82336	-35.06217	LAX_RV_EPICARDIAL	8	1.0	1.0
-7.32856	-26.82336	-37.21999	LAX_RV_EPICARDIAL	8	1.0	1.0
-5.52468	-26.82336	-39.37781	LAX_RV_EPICARDIAL	8	1.0	1.0
-3.72080	-26.82336	-41.53563	LAX_RV_EPICARDIAL	8	1.0	1.0
-1.91691	-26.82337	-43.69344	LAX_RV_EPICARDIAL	8	1.0	1.0
-0.11303	-26.82337	-45.85126	LAX_RV_EPICARDIAL	8	1.0	1.0
1.69085	-26.82337	-48.00908	LAX_RV_EPICARDIAL	8	1.0	1.0
3.49473	-26.82337	-50.16690	LAX_RV_EPICARDIAL	8	1.0	1.0
5.29861	-26.82337	-52.32471	LAX_RV_EPICARDIAL	8	1.0	1.0
7.38140	-25.46493	-54.24937	LAX_RV_EPICARDIAL	8	1.0	1.0
9.18529	-25.46493	-56.40719	LAX_RV_EPICARDIAL	8	1.0	1.0
8.56226	-24.10648	-55.09512	LAX_RV_EPICARDIAL	8	1.0	1.0
-12.22947	-2.37127	-21.15508	LAX_RV_EPICARDIAL	8	1.0	1.0
-14.03336	-2.37127	-18.99726	LAX_RV_EPICARDIAL	8	1.0	1.0
-16.11615	-3.72972	-17.07261	LAX_RV_EPICARDIAL	8	1.0	1.0
-17.92003	-3.72972	-14.91479	LAX_RV_EPICARDIAL	8	1.0	1.0
-19.72391	-3.72972	-12.75697	LAX_RV_EPICARDIAL	8	1.0	1.0
-21.24888	-2.37127	-10.36599	LAX_RV_EPICARDIAL	8	1.0	1.0
-23.05276	-2.37126	-8.20818	LAX_RV_EPICARDIAL	8	1.0	1.0
-24.85664	-2.37126	-6.05036	LAX_RV_EPICARDIAL	8	1.0	1.0
-26.66052	-2.37126	-3.89254	LAX_RV_EPICARDIAL	8	1.0	1.0
-28.74332	-3.72971	-1.96789	LAX_RV_EPICARDIAL	8	1.0	1.0
-30.82611	-5.08815	-0.04323	LAX_RV_EPICARDIAL	8	1.0	1.0
-32.28588	-7.80505	0.56936	LAX_RV_EPICARDIAL	8	1.0	1.0
15.63649	41.09907	-36.35098	MITRAL_VALVE	8	1.0	1.0
-0.33763	24.79769	-24.04420	MITRAL_VALVE	8	1.0	1.0
-11.39274	1.70407	-20.45559	AORTA_VALVE	8	1.0	1.0
-7.48796	20.72235	-17.19133	AORTA_VALVE	8	1.0	1.0
-61.80503	5.49023	-71.30469	LAX_RV_FREEWALL	7	1.0	16
-62.98330	3.88894	-73.74092	LAX_RV_FREEWALL	7	1.0	16
-62.76178	2.28765	-76.04243	LAX_RV_FREEWALL	7	1.0	16
-62.54027	0.68636	-78.34394	LAX_RV_FREEWALL	7	1.0	16
-62.31876	-0.91494	-80.64545	LAX_RV_FREEWALL	7	1.0	16
-59.29768	-2.51623	-82.67752	LAX_RV_FREEWALL	7	1.0	16
-57.67639	-4.11752	-84.84430	LAX_RV_FREEWALL	7	1.0	16
-56.05509	-5.71881	-87.01109	LAX_RV_FREEWALL	7	1.0	16
-54.43380	-7.32010	-89.17787	LAX_RV_FREEWALL	7	1.0	16
-51.41272	-8.92139	-91.20994	LAX_RV_FREEWALL	7	1.0	16
-48.39165	-10.52269	-93.24200	LAX_RV_FREEWALL	7	1.0	16
-45.48133	-11.32333	-94.12330	LAX_RV_FREEWALL	7	1.0	16
-42.46025	-12.92463	-96.15537	LAX_RV_FREEWALL	7	1.0	16
-39.54994	-13.72527	-97.03667	LAX_RV_FREEWALL	7	1.0	16
-36.63962	-14.52592	-97.91798	LAX_RV_FREEWALL	7	1.0	16
-33.61854	-16.12721	-99.95004	LAX_RV_FREEWALL	7	1.0	16
-30.70822	-16.92786	-100.83135	LAX_RV_FREEWALL	7	1.0	16
-27.79790	-17.72850	-101.71265	LAX_RV_FREEWALL	7	1.0	16
-24.99834	-17.72850	-101.44320	LAX_RV_FREEWALL	7	1.0	16
-22.08802	-18.52915	-102.32451	LAX_RV_FREEWALL	7	1.0	16
-19.17770	-19.32980	-103.20581	LAX_RV_FREEWALL	7	1.0	16
-16.26738	-20.13044	-104.08712	LAX_RV_FREEWALL	7	1.0	16
-13.46782	-20.13044	-103.81767	LAX_RV_FREEWALL	7	1.0	16
-10.55750	-20.93109	-104.69898	LAX_RV_FREEWALL	7	1.0	16
-7.64718	-21.73174	-105.58028	LAX_RV_FREEWALL	7	1.0	16
-4.84762	-21.73174	-105.31083	LAX_RV_FREEWALL	7	1.0	16
-1.93730	-22.53238	-106.19214	LAX_RV_FREEWALL	7	1.0	16
0.86226	-22.53238	-105.92269	LAX_RV_FREEWALL	7	1.0	16
3.77258	-23.33303	-106.80400	LAX_RV_FREEWALL	7	1.0	16
6.57214	-23.33303	-106.53455	LAX_RV_FREEWALL	7	1.0	16
9.48246	-24.13368	-107.41585	LAX_RV_FREEWALL	7	1.0	16
12.39278	-24.93432	-108.29716	LAX_RV_FREEWALL	7	1.0	16
15.19234	-24.93433	-108.02771	LAX_RV_FREEWALL	7	1.0	16
17.99191	-24.93433	-107.75826	LAX_RV_FREEWALL	7	1.0	16
20.68071	-24.13368	-106.33806	LAX_RV_FREEWALL	7	1.0	16
23.36952	-23.33304	-104.91785	LAX_RV_FREEWALL	7	1.0	16
-59.11622	6.29087	-69.88448	LAX_RV_EPICARDIAL	7	1.0	16
-62.02654	7.09152	-69.00317	LAX_RV_EPICARDIAL	7	1.0	16
-64.71535	6.29088	-70.42338	LAX_RV_EPICARDIAL	7	1.0	16
-67.29340	4.68958	-72.99434	LAX_RV_EPICARDIAL	7	1.0	16
-67.07189	3.08829	-75.29585	LAX_RV_EPICARDIAL	7	1.0	16
-66.85037	1.48700	-77.59736	LAX_RV_EPICARDIAL	7	1.0	16
-66.62886	-0.11429	-79.89887	LAX_RV_EPICARDIAL	7	1.0	16
-66.40735	-1.71558	-82.20038	LAX_RV_EPICARDIAL	7	1.0	16
-64.78605	-3.31687	-84.36717	LAX_RV_EPICARDIAL	7	1.0	16
-63.16476	-4.91816	-86.53396	LAX_RV_EPICARDIAL	7	1.0	16
-61.54346	-6.51946	-88.70074	LAX_RV_EPICARDIAL	7	1.0	16
-58.52239	-8.12075	-90.73280	LAX_RV_EPICARDIAL	7	1.0	16
-56.90109	-9.72204	-92.89959	LAX_RV_EPICARDIAL	7	1.0	16
-53.88002	-11.32333	-94.93165	LAX_RV_EPICARDIAL	7	1.0	16
-50.85894	-12.92462	-96.96371	LAX_RV_EPICARDIAL	7	1.0	16
-47.94862	-13.72527	-97.84502	LAX_RV_EPICARDIAL	7	1.0	16
-44.92755	-15.32656	-99.87708	LAX_RV_EPICARDIAL	7	1.0	16
-42.01723	-16.12721	-100.75839	LAX_RV_EPICARDIAL	7	1.0	16
-39.10691	-16.92785	-101.63969	LAX_RV_EPICARDIAL	7	1.0	16
-36.19659	-17.72850	-102.52100	LAX_RV_EPICARDIAL	7	1.0	16
-33.28627	-18.52915	-103.40231	LAX_RV_EPICARDIAL	7	1.0	16
-30.37595	-19.32979	-104.28361	LAX_RV_EPICARDIAL	7	1.0	16
-27.57639	-19.32979	-104.01416	LAX_RV_EPICARDIAL	7	1.0	16
-24.66607	-20.13044	-104.89547	LAX_RV_EPICARDIAL	7	1.0	16
-21.75575	-20.93109	-105.77678	LAX_RV_EPICARDIAL	7	1.0	16
-18.84543	-21.73173	-106.65808	LAX_RV_EPICARDIAL	7	1.0	16
-15.93511	-22.53238	-107.53939	LAX_RV_EPICARDIAL	7	1.0	16
-13.02479	-23.33303	-108.42069	LAX_RV_EPICARDIAL	7	1.0	16
-10.11448	-24.13367	-109.30200	LAX_RV_EPICARDIAL	7	1.0	16
-7.31491	-24.13367	-109.03255	LAX_RV_EPICARDIAL	7	1.0	16
-4.40459	-24.93432	-109.91386	LAX_RV_EPICARDIAL	7	1.0	16
-1.60503	-24.93432	-109.64441	LAX_RV_EPICARDIAL	7	1.0	16
1.19453	-24.93432	-109.37496	LAX_RV_EPICARDIAL	7	1.0	16
3.99409	-24.93432	-109.10551	LAX_RV_EPICARDIAL	7	1.0	16
6.90441	-25.73497	-109.98681	LAX_RV_EPICARDIAL	7	1.0	16
9.70398	-25.73497	-109.71737	LAX_RV_EPICARDIAL	7	1.0	16
12.50354	-25.73497	-109.44792	LAX_RV_EPICARDIAL	7	1.0	16
15.41386	-26.53562	-110.32922	LAX_RV_EPICARDIAL	7	1.0	16
18.21342	-26.53562	-110.05977	LAX_RV_EPICARDIAL	7	1.0	16
20.90223	-25.73497	-108.63957	LAX_RV_EPICARDIAL	7	1.0	16
23.70179	-25.73497	-108.37012	LAX_RV_EPICARDIAL	7	1.0	16
26.39059	-24.93433	-106.94991	LAX_RV_EPICARDIAL	7	1.0	16
27.56886	-23.33304	-104.51368	LAX_RV_EPICARDIAL	7	1.0	16
-26.51828	13.49667	-56.29429	LAX_RV_SEPTUM	7	1.0	16
25.94757	-21.73175	-102.34689	LAX_RV_SEPTUM	7	1.0	16
25.94757	-21.73175	-102.34689	LAX_RV_SEPTUM	7	1.0	16
22.92649	-20.13045	-100.31483	LAX_RV_SEPTUM	7	1.0	16
20.01617	-19.32981	-99.43352	LAX_RV_SEPTUM	7	1.0	16
16.99510	-17.72852	-97.40146	LAX_RV_SEPTUM	7	1.0	16
13.97402	-16.12722	-95.36940	LAX_RV_SEPTUM	7	1.0	16
11.06370	-15.32658	-94.48809	LAX_RV_SEPTUM	7	1.0	16
8.04263	-13.72529	-92.45603	LAX_RV_SEPTUM	7	1.0	16
5.02155	-12.12399	-90.42397	LAX_RV_SEPTUM	7	1.0	16
2.00048	-10.52270	-88.39191	LAX_RV_SEPTUM	7	1.0	16
-1.02060	-8.92141	-86.35985	LAX_RV_SEPTUM	7	1.0	16
-2.64189	-7.32012	-84.19306	LAX_RV_SEPTUM	7	1.0	16
-5.66297	-5.71883	-82.16100	LAX_RV_SEPTUM	7	1.0	16
-7.28426	-4.11753	-79.99421	LAX_RV_SEPTUM	7	1.0	16
-8.90556	-2.51624	-77.82743	LAX_RV_SEPTUM	7	1.0	16
-10.52685	-0.91495	-75.66064	LAX_RV_SEPTUM	7	1.0	16
-12.14815	0.68634	-73.49386	LAX_RV_SEPTUM	7	1.0	16
-13.76944	2.28763	-71.32707	LAX_RV_SEPTUM	7	1.0	16
-15.39074	3.88892	-69.16028	LAX_RV_SEPTUM	7	1.0	16
-18.41181	5.49022	-67.12822	LAX_RV_SEPTUM	7	1.0	16
-20.03311	7.09151	-64.96143	LAX_RV_SEPTUM	7	1.0	16
-21.65440	8.69280	-62.79465	LAX_RV_SEPTUM	7	1.0	16
-23.27569	10.29409	-60.62786	LAX_RV_SEPTUM	7	1.0	16
-24.89699	11.89538	-58.46108	LAX_RV_SEPTUM	7	1.0	16
19.04061	38.31668	-15.90551	LAX_LV_EPICARDIAL	7	1.0	16
16.35180	37.51603	-17.32571	LAX_LV_EPICARDIAL	7	1.0	16
-22.46975	24.70571	-39.64481	LAX_LV_EPICARDIAL	7	1.0	16
-23.75877	23.90507	-40.93029	LAX_LV_EPICARDIAL	7	1.0	16
-23.53726	22.30378	-43.23181	LAX_LV_EPICARDIAL	7	1.0	16
-24.71553	20.70248	-45.66804	LAX_LV_EPICARDIAL	7	1.0	16
-24.49402	19.10119	-47.96955	LAX_LV_EPICARDIAL	7	1.0	16
-25.67228	17.49990	-50.40579	LAX_LV_EPICARDIAL	7	1.0	16
-25.45077	15.89861	-52.70730	LAX_LV_EPICARDIAL	7	1.0	16
28.74713	-21.73175	-102.07744	LAX_LV_EPICARDIAL	7	1.0	16
31.54669	-21.73175	-101.80799	LAX_LV_EPICARDIAL	7	1.0	16
34.34625	-21.73175	-101.53854	LAX_LV_EPICARDIAL	7	1.0	16
37.14582	-21.73175	-101.26909	LAX_LV_EPICARDIAL	7	1.0	16
39.94538	-21.73175	-100.99965	LAX_LV_EPICARDIAL	7	1.0	16
42.52343	-20.13046	-98.42869	LAX_LV_EPICARDIAL	7	1.0	16
45.21224	-19.32981	-97.00848	LAX_LV_EPICARDIAL	7	1.0	16
46.39050	-17.72852	-94.57224	LAX_LV_EPICARDIAL	7	1.0	16
47.56877	-16.12723	-92.13601	LAX_LV_EPICARDIAL	7	1.0	16
48.74704	-14.52594	-89.69977	LAX_LV_EPICARDIAL	7	1.0	16
49.92531	-12.92465	-87.26354	LAX_LV_EPICARDIAL	7	1.0	16
51.10358	-11.32336	-84.82730	LAX_LV_EPICARDIAL	7	1.0	16
52.28184	-9.72207	-82.39107	LAX_LV_EPICARDIAL	7	1.0	16
53.46011	-8.12078	-79.95483	LAX_LV_EPICARDIAL	7	1.0	16
54.63838	-6.51949	-77.51860	LAX_LV_EPICARDIAL	7	1.0	16
54.41687	-4.91820	-75.21708	LAX_LV_EPICARDIAL	7	1.0	16
55.59514	-3.31691	-72.78085	LAX_LV_EPICARDIAL	7	1.0	16
56.77340	-1.71561	-70.34461	LAX_LV_EPICARDIAL	7	1.0	16
56.55189	-0.11432	-68.04310	LAX_LV_EPICARDIAL	7	1.0	16
56.33038	1.48697	-65.74159	LAX_LV_EPICARDIAL	7	1.0	16
57.50865	3.08826	-63.30536	LAX_LV_EPICARDIAL	7	1.0	16
57.28713	4.68955	-61.00385	LAX_LV_EPICARDIAL	7	1.0	16
55.66584	6.29084	-58.83706	LAX_LV_EPICARDIAL	7	1.0	16
55.44433	7.89213	-56.53555	LAX_LV_EPICARDIAL	7	1.0	16
55.22281	9.49342	-54.23404	LAX_LV_EPICARDIAL	7	1.0	16
53.60152	11.09472	-52.06725	LAX_LV_EPICARDIAL	7	1.0	16
53.38001	12.69601	-49.76574	LAX_LV_EPICARDIAL	7	1.0	16
53.15849	14.29730	-47.46423	LAX_LV_EPICARDIAL	7	1.0	16
51.53720	15.89859	-45.29744	LAX_LV_EPICARDIAL	7	1.0	16
51.31568	17.49988	-42.99593	LAX_LV_EPICARDIAL	7	1.0	16
49.69439	19.10117	-40.82915	LAX_LV_EPICARDIAL	7	1.0	16
49.47288	20.70246	-38.52763	LAX_LV_EPICARDIAL	7	1.0	16
47.85158	22.30376	-36.36085	LAX_LV_EPICARDIAL	7	1.0	16
46.23029	23.90505	-34.19406	LAX_LV_EPICARDIAL	7	1.0	16
46.00878	25.50634	-31.89255	LAX_LV_EPICARDIAL	7	1.0	16
44.38748	27.10763	-29.72576	LAX_LV_EPICARDIAL	7	1.0	16
42.76619	28.70892	-27.55898	LAX_LV_EPICARDIAL	7	1.0	16
39.74511	30.31021	-25.52692	LAX_LV_EPICARDIAL	7	1.0	16
38.12382	31.91151	-23.36013	LAX_LV_EPICARDIAL	7	1.0	16
35.10274	33.51280	-21.32807	LAX_LV_EPICARDIAL	7	1.0	16
32.08167	35.11409	-19.29601	LAX_LV_EPICARDIAL	7	1.0	16
29.06059	36.71538	-17.26395	LAX_LV_EPICARDIAL	7	1.0	16
26.15027	37.51603	-16.38264	LAX_LV_EPICARDIAL	7	1.0	16
23.23995	38.31667	-15.50133	LAX_LV_EPICARDIAL	7	1.0	16
20.44039	38.31667	-15.77078	LAX_LV_EPICARDIAL	7	1.0	16
-20.95921	23.90507	-40.66085	LAX_LV_ENDOCARDIAL	7	1.0	16
-20.73770	22.30377	-42.96236	LAX_LV_ENDOCARDIAL	7	1.0	16
-19.11640	20.70248	-45.12914	LAX_LV_ENDOCARDIAL	7	1.0	16
-18.89489	19.10119	-47.43065	LAX_LV_ENDOCARDIAL	7	1.0	16
-18.67338	17.49990	-49.73216	LAX_LV_ENDOCARDIAL	7	1.0	16
-18.45186	15.89861	-52.03368	LAX_LV_ENDOCARDIAL	7	1.0	16
-16.83057	14.29732	-54.20046	LAX_LV_ENDOCARDIAL	7	1.0	16
-15.20928	12.69603	-56.36725	LAX_LV_ENDOCARDIAL	7	1.0	16
-13.58798	11.09473	-58.53403	LAX_LV_ENDOCARDIAL	7	1.0	16
-10.56691	9.49344	-60.56610	LAX_LV_ENDOCARDIAL	7	1.0	16
-8.94561	7.89215	-62.73288	LAX_LV_ENDOCARDIAL	7	1.0	16
-5.92454	6.29086	-64.76494	LAX_LV_ENDOCARDIAL	7	1.0	16
-4.30324	4.68957	-66.93173	LAX_LV_ENDOCARDIAL	7	1.0	16
-2.68195	3.08828	-69.09852	LAX_LV_ENDOCARDIAL	7	1.0	16
0.33913	1.48698	-71.13058	LAX_LV_ENDOCARDIAL	7	1.0	16
0.56064	-0.11431	-73.43209	LAX_LV_ENDOCARDIAL	7	1.0	16
2.18194	-1.71560	-75.59888	LAX_LV_ENDOCARDIAL	7	1.0	16
5.20301	-3.31689	-77.63094	LAX_LV_ENDOCARDIAL	7	1.0	16
6.82431	-4.91818	-79.79772	LAX_LV_ENDOCARDIAL	7	1.0	16
8.44560	-6.51947	-81.96451	LAX_LV_ENDOCARDIAL	7	1.0	16
11.46668	-8.12077	-83.99657	LAX_LV_ENDOCARDIAL	7	1.0	16
13.08797	-9.72206	-86.16336	LAX_LV_ENDOCARDIAL	7	1.0	16
16.10905	-11.32335	-88.19542	LAX_LV_ENDOCARDIAL	7	1.0	16
19.13012	-12.92464	-90.22748	LAX_LV_ENDOCARDIAL	7	1.0	16
22.15120	-14.52593	-92.25954	LAX_LV_ENDOCARDIAL	7	1.0	16
25.17227	-16.12723	-94.29160	LAX_LV_ENDOCARDIAL	7	1.0	16
28.08259	-16.92787	-95.17291	LAX_LV_ENDOCARDIAL	7	1.0	16
31.10367	-18.52917	-97.20497	LAX_LV_ENDOCARDIAL	7	1.0	16
34.01399	-19.32981	-98.08628	LAX_LV_ENDOCARDIAL	7	1.0	16
36.81355	-19.32981	-97.81683	LAX_LV_ENDOCARDIAL	7	1.0	16
39.61311	-19.32981	-97.54738	LAX_LV_ENDOCARDIAL	7	1.0	16
42.19116	-17.72852	-94.97642	LAX_LV_ENDOCARDIAL	7	1.0	16
43.36943	-16.12723	-92.54018	LAX_LV_ENDOCARDIAL	7	1.0	16
44.54770	-14.52594	-90.10395	LAX_LV_ENDOCARDIAL	7	1.0	16
44.32618	-12.92465	-87.80244	LAX_LV_ENDOCARDIAL	7	1.0	16
45.50445	-11.32336	-85.36620	LAX_LV_ENDOCARDIAL	7	1.0	16
45.28294	-9.72207	-83.06469	LAX_LV_ENDOCARDIAL	7	1.0	16
46.46121	-8.12078	-80.62845	LAX_LV_ENDOCARDIAL	7	1.0	16
47.63947	-6.51949	-78.19222	LAX_LV_ENDOCARDIAL	7	1.0	16
47.41796	-4.91819	-75.89071	LAX_LV_ENDOCARDIAL	7	1.0	16
48.59623	-3.31690	-73.45447	LAX_LV_ENDOCARDIAL	7	1.0	16
48.37472	-1.71561	-71.15296	LAX_LV_ENDOCARDIAL	7	1.0	16
49.55298	-0.11432	-68.71673	LAX_LV_ENDOCARDIAL	7	1.0	16
49.33147	1.48697	-66.41522	LAX_LV_ENDOCARDIAL	7	1.0	16
49.10996	3.08826	-64.11370	LAX_LV_ENDOCARDIAL	7	1.0	16
48.88845	4.68955	-61.81219	LAX_LV_ENDOCARDIAL	7	1.0	16
48.66693	6.29084	-59.51068	LAX_LV_ENDOCARDIAL	7	1.0	16
48.44542	7.89213	-57.20917	LAX_LV_ENDOCARDIAL	7	1.0	16
48.22391	9.49343	-54.90766	LAX_LV_ENDOCARDIAL	7	1.0	16
48.00239	11.09472	-52.60615	LAX_LV_ENDOCARDIAL	7	1.0	16
47.78088	12.69601	-50.30464	LAX_LV_ENDOCARDIAL	7	1.0	16
47.55937	14.29730	-48.00313	LAX_LV_ENDOCARDIAL	7	1.0	16
45.93807	15.89859	-45.83634	LAX_LV_ENDOCARDIAL	7	1.0	16
45.71656	17.49988	-43.53483	LAX_LV_ENDOCARDIAL	7	1.0	16
44.09527	19.10117	-41.36804	LAX_LV_ENDOCARDIAL	7	1.0	16
42.47397	20.70247	-39.20126	LAX_LV_ENDOCARDIAL	7	1.0	16
40.85268	22.30376	-37.03447	LAX_LV_ENDOCARDIAL	7	1.0	16
37.83160	23.90505	-35.00241	LAX_LV_ENDOCARDIAL	7	1.0	16
36.21031	25.50634	-32.83562	LAX_LV_ENDOCARDIAL	7	1.0	16
34.58901	27.10763	-30.66884	LAX_LV_ENDOCARDIAL	7	1.0	16
31.56794	28.70892	-28.63678	LAX_LV_ENDOCARDIAL	7	1.0	16
29.94664	30.31022	-26.46999	LAX_LV_ENDOCARDIAL	7	1.0	16
26.92557	31.91151	-24.43793	LAX_LV_ENDOCARDIAL	7	1.0	16
24.01525	32.71215	-23.55662	LAX_LV_ENDOCARDIAL	7	1.0	16
21.10493	33.51280	-22.67532	LAX_LV_ENDOCARDIAL	7	1.0	16
18.08385	35.11409	-20.64325	LAX_LV_ENDOCARDIAL	7	1.0	16
-59.11622	6.29087	-69.88448	LAX_RV_EPICARDIAL	7	1.0	16
-62.02654	7.09152	-69.00317	LAX_RV_EPICARDIAL	7	1.0	16
-64.71535	6.29088	-70.42338	LAX_RV_EPICARDIAL	7	1.0	16
-67.29340	4.68958	-72.99434	LAX_RV_EPICARDIAL	7	1.0	16
-67.07189	3.08829	-75.29585	LAX_RV_EPICARDIAL	7	1.0	16
-66.85037	1.48700	-77.59736	LAX_RV_EPICARDIAL	7	1.0	16
-66.62886	-0.11429	-79.89887	LAX_RV_EPICARDIAL	7	1.0	16
-66.40735	-1.71558	-82.20038	LAX_RV_EPICARDIAL	7	1.0	16
-64.78605	-3.31687	-84.36717	LAX_RV_EPICARDIAL	7	1.0	16
-63.16476	-4.91816	-86.53396	LAX_RV_EPICARDIAL	7	1.0	16
-61.54346	-6.51946	-88.70074	LAX_RV_EPICARDIAL	7	1.0	16
-58.52239	-8.12075	-90.73280	LAX_RV_EPICARDIAL	7	1.0	16
-56.90109	-9.72204	-92.89959	LAX_RV_EPICARDIAL	7	1.0	16
-53.88002	-11.32333	-94.93165	LAX_RV_EPICARDIAL	7	1.0	16
-50.85894	-12.92462	-96.96371	LAX_RV_EPICARDIAL	7	1.0	16
-47.94862	-13.72527	-97.84502	LAX_RV_EPICARDIAL	7	1.0	16
-44.92755	-15.32656	-99.87708	LAX_RV_EPICARDIAL	7	1.0	16
-42.01723	-16.12721	-100.75839	LAX_RV_EPICARDIAL	7	1.0	16
-39.10691	-16.92785	-101.63969	LAX_RV_EPICARDIAL	7	1.0	16
-36.19659	-17.72850	-102.52100	LAX_RV_EPICARDIAL	7	1.0	16
-33.28627	-18.52915	-103.40231	LAX_RV_EPICARDIAL	7	1.0	16
-30.37595	-19.32979	-104.28361	LAX_RV_EPICARDIAL	7	1.0	16
-27.57639	-19.32979	-104.01416	LAX_RV_EPICARDIAL	7	1.0	16
-24.66607	-20.13044	-104.89547	LAX_RV_EPICARDIAL	7	1.0	16
-21.75575	-20.93109	-105.77678	LAX_RV_EPICARDIAL	7	1.0	16
-18.84543	-21.73173	-106.65808	LAX_RV_EPICARDIAL	7	1.0	16
-15.93511	-22.53238	-107.53939	LAX_RV_EPICARDIAL	7	1.0	16
-13.02479	-23.33303	-108.42069	LAX_RV_EPICARDIAL	7	1.0	16
-10.11448	-24.13367	-109.30200	LAX_RV_EPICARDIAL	7	1.0	16
-7.31491	-24.13367	-109.03255	LAX_RV_EPICARDIAL	7	1.0	16
-4.40459	-24.93432	-109.91386	LAX_RV_EPICARDIAL	7	1.0	16
-1.60503	-24.93432	-109.64441	LAX_RV_EPICARDIAL	7	1.0	16
1.19453	-24.93432	-109.37496	LAX_RV_EPICARDIAL	7	1.0	16
3.99409	-24.93432	-109.10551	LAX_RV_EPICARDIAL	7	1.0	16
6.90441	-25.73497	-109.98681	LAX_RV_EPICARDIAL	7	1.0	16
9.70398	-25.73497	-109.71737	LAX_RV_EPICARDIAL	7	1.0	16
12.50354	-25.73497	-109.44792	LAX_RV_EPICARDIAL	7	1.0	16
15.41386	-26.53562	-110.32922	LAX_RV_EPICARDIAL	7	1.0	16
18.21342	-26.53562	-110.05977	LAX_RV_EPICARDIAL	7	1.0	16
20.90223	-25.73497	-108.63957	LAX_RV_EPICARDIAL	7	1.0	16
23.70179	-25.73497	-108.37012	LAX_RV_EPICARDIAL	7	1.0	16
26.39059	-24.93433	-106.94991	LAX_RV_EPICARDIAL	7	1.0	16
27.56886	-23.33304	-104.51368	LAX_RV_EPICARDIAL	7	1.0	16
13.77375	35.91474	-19.89667	MITRAL_VALVE	7	1.0	16
-21.29148	26.30700	-37.20858	MITRAL_VALVE	7	1.0	16
-57.82720	7.09152	-68.59900	TRICUSPID_VALVE	7	1.0	16
-27.91806	13.49668	-56.42901	TRICUSPID_VALVE	7	1.0	16
39.94538	-21.73175	-100.99965	APEX_POINT	7	1.0	16
-11.34903	-15.79741	0.21895	LAX_RV_FREEWALL	11	1.0	16
-10.88531	-17.19117	-2.56135	LAX_RV_FREEWALL	11	1.0	16
-10.50699	-17.18129	-5.34827	LAX_RV_FREEWALL	11	1.0	16
-10.04327	-18.57505	-8.12858	LAX_RV_FREEWALL	11	1.0	16
-9.57954	-19.96881	-10.90888	LAX_RV_FREEWALL	11	1.0	16
-9.20123	-19.95893	-13.69580	LAX_RV_FREEWALL	11	1.0	16
-8.73750	-21.35269	-16.47611	LAX_RV_FREEWALL	11	1.0	16
-8.27377	-22.74645	-19.25641	LAX_RV_FREEWALL	11	1.0	16
-7.89546	-22.73657	-22.04333	LAX_RV_FREEWALL	11	1.0	16
-7.43173	-24.13033	-24.82364	LAX_RV_FREEWALL	11	1.0	16
-7.05342	-24.12045	-27.61056	LAX_RV_FREEWALL	11	1.0	16
-6.67510	-24.11057	-30.39748	LAX_RV_FREEWALL	11	1.0	16
-6.29679	-24.10070	-33.18441	LAX_RV_FREEWALL	11	1.0	16
-5.91848	-24.09082	-35.97133	LAX_RV_FREEWALL	11	1.0	16
-5.54017	-24.08094	-38.75825	LAX_RV_FREEWALL	11	1.0	16
-5.16186	-24.07106	-41.54518	LAX_RV_FREEWALL	11	1.0	16
-4.69813	-25.46482	-44.32548	LAX_RV_FREEWALL	11	1.0	16
-4.31982	-25.45494	-47.11240	LAX_RV_FREEWALL	11	1.0	16
-3.85609	-26.84870	-49.89271	LAX_RV_FREEWALL	11	1.0	16
-3.47778	-26.83882	-52.67963	LAX_RV_FREEWALL	11	1.0	16
-3.09946	-26.82894	-55.46655	LAX_RV_FREEWALL	11	1.0	16
-2.72115	-26.81906	-58.25348	LAX_RV_FREEWALL	11	1.0	16
-2.34284	-26.80918	-61.04040	LAX_RV_FREEWALL	11	1.0	16
-1.87911	-28.20294	-63.82070	LAX_RV_FREEWALL	11	1.0	16
-1.50080	-28.19307	-66.60763	LAX_RV_FREEWALL	11	1.0	16
-1.12249	-28.18319	-69.39455	LAX_RV_FREEWALL	11	1.0	16
-0.74417	-28.17331	-72.18147	LAX_RV_FREEWALL	11	1.0	16
-0.45128	-26.75979	-74.97502	LAX_RV_FREEWALL	11	1.0	16
-0.15838	-25.34627	-77.76856	LAX_RV_FREEWALL	11	1.0	16
0.30535	-26.74003	-80.54886	LAX_RV_FREEWALL	11	1.0	16
0.68366	-26.73015	-83.33579	LAX_RV_FREEWALL	11	1.0	16
1.06197	-26.72028	-86.12271	LAX_RV_FREEWALL	11	1.0	16
1.35487	-25.30676	-88.91625	LAX_RV_FREEWALL	11	1.0	16
1.81859	-26.70052	-91.69655	LAX_RV_FREEWALL	11	1.0	16
2.19691	-26.69064	-94.48348	LAX_RV_FREEWALL	11	1.0	16
2.57522	-26.68076	-97.27040	LAX_RV_FREEWALL	11	1.0	16
2.95353	-26.67088	-100.05732	LAX_RV_FREEWALL	11	1.0	16
3.33184	-26.66100	-102.84425	LAX_RV_FREEWALL	11	1.0	16
3.62474	-25.24749	-105.63779	LAX_RV_FREEWALL	11	1.0	16
3.91764	-23.83397	-108.43133	LAX_RV_FREEWALL	11	1.0	16
3.93596	-21.02175	-109.83803	LAX_RV_FREEWALL	11	1.0	16
3.76513	-18.21447	-109.85127	LAX_RV_FREEWALL	11	1.0	16
3.40514	-15.41214	-108.47105	LAX_RV_FREEWALL	11	1.0	16
3.04515	-12.60980	-107.09083	LAX_RV_FREEWALL	11	1.0	16
2.49601	-9.81240	-104.31714	LAX_RV_FREEWALL	11	1.0	16
2.13602	-7.01006	-102.93692	LAX_RV_FREEWALL	11	1.0	16
1.77603	-4.20772	-101.55670	LAX_RV_FREEWALL	11	1.0	16
1.22689	-1.41033	-98.78301	LAX_RV_FREEWALL	11	1.0	16
0.67775	1.38707	-96.00933	LAX_RV_FREEWALL	11	1.0	16
0.21402	2.78083	-93.22902	LAX_RV_FREEWALL	11	1.0	16
-0.33513	5.57823	-90.45534	LAX_RV_FREEWALL	11	1.0	16
-0.52428	5.57329	-89.06188	LAX_RV_FREEWALL	11	1.0	16
-0.54261	2.76107	-87.65518	LAX_RV_SEPTUM	11	1.0	16
-0.56093	-0.05114	-86.24848	LAX_RV_SEPTUM	11	1.0	16
-0.57926	-2.86336	-84.84178	LAX_RV_SEPTUM	11	1.0	16
-0.78674	-5.68051	-82.04161	LAX_RV_SEPTUM	11	1.0	16
-0.80506	-8.49273	-80.63491	LAX_RV_SEPTUM	11	1.0	16
-1.01254	-11.30989	-77.83475	LAX_RV_SEPTUM	11	1.0	16
-1.30544	-12.72340	-75.04121	LAX_RV_SEPTUM	11	1.0	16
-1.59833	-14.13692	-72.24767	LAX_RV_SEPTUM	11	1.0	16
-1.97665	-14.14680	-69.46074	LAX_RV_SEPTUM	11	1.0	16
-2.35496	-14.15668	-66.67382	LAX_RV_SEPTUM	11	1.0	16
-2.73327	-14.16656	-63.88690	LAX_RV_SEPTUM	11	1.0	16
-3.11158	-14.17644	-61.09997	LAX_RV_SEPTUM	11	1.0	16
-3.48989	-14.18632	-58.31305	LAX_RV_SEPTUM	11	1.0	16
-3.78279	-15.59983	-55.51951	LAX_RV_SEPTUM	11	1.0	16
-4.16110	-15.60971	-52.73259	LAX_RV_SEPTUM	11	1.0	16
-4.53942	-15.61959	-49.94566	LAX_RV_SEPTUM	11	1.0	16
-4.91773	-15.62947	-47.15874	LAX_RV_SEPTUM	11	1.0	16
-5.38146	-14.23571	-44.37844	LAX_RV_SEPTUM	11	1.0	16
-5.75977	-14.24559	-41.59151	LAX_RV_SEPTUM	11	1.0	16
-6.22350	-12.85183	-38.81121	LAX_RV_SEPTUM	11	1.0	16
-6.68722	-11.45807	-36.03091	LAX_RV_SEPTUM	11	1.0	16
-7.15095	-10.06431	-33.25060	LAX_RV_SEPTUM	11	1.0	16
-7.61468	-8.67055	-30.47030	LAX_RV_SEPTUM	11	1.0	16
-7.99299	-8.68043	-27.68337	LAX_RV_SEPTUM	11	1.0	16
-8.45672	-7.28667	-24.90307	LAX_RV_SEPTUM	11	1.0	16
-8.92045	-5.89291	-22.12277	LAX_RV_SEPTUM	11	1.0	16
-9.38418	-4.49915	-19.34246	LAX_RV_SEPTUM	11	1.0	16
-9.84790	-3.10539	-16.56216	LAX_RV_SEPTUM	11	1.0	16
-10.31163	-1.71163	-13.78186	LAX_RV_SEPTUM	11	1.0	16
-10.68994	-1.72151	-10.99493	LAX_RV_SEPTUM	11	1.0	16
-11.45277	-17.20599	1.61903	LAX_RV_EPICARDIAL	11	1.0	16
-10.98905	-18.59975	-1.16127	LAX_RV_EPICARDIAL	11	1.0	16
-10.52532	-19.99351	-3.94157	LAX_RV_EPICARDIAL	11	1.0	16
-10.06159	-21.38727	-6.72188	LAX_RV_EPICARDIAL	11	1.0	16
-9.59786	-22.78103	-9.50218	LAX_RV_EPICARDIAL	11	1.0	16
-9.13413	-24.17479	-12.28248	LAX_RV_EPICARDIAL	11	1.0	16
-8.75582	-24.16491	-15.06941	LAX_RV_EPICARDIAL	11	1.0	16
-8.29209	-25.55867	-17.84971	LAX_RV_EPICARDIAL	11	1.0	16
-7.82837	-26.95243	-20.63002	LAX_RV_EPICARDIAL	11	1.0	16
-7.45005	-26.94255	-23.41694	LAX_RV_EPICARDIAL	11	1.0	16
-7.07174	-26.93267	-26.20386	LAX_RV_EPICARDIAL	11	1.0	16
-6.69343	-26.92279	-28.99078	LAX_RV_EPICARDIAL	11	1.0	16
-6.31512	-26.91291	-31.77771	LAX_RV_EPICARDIAL	11	1.0	16
-5.93680	-26.90303	-34.56463	LAX_RV_EPICARDIAL	11	1.0	16
-5.55849	-26.89315	-37.35155	LAX_RV_EPICARDIAL	11	1.0	16
-5.18018	-26.88328	-40.13848	LAX_RV_EPICARDIAL	11	1.0	16
-4.80187	-26.87340	-42.92540	LAX_RV_EPICARDIAL	11	1.0	16
-4.42356	-26.86352	-45.71232	LAX_RV_EPICARDIAL	11	1.0	16
-3.95983	-28.25728	-48.49263	LAX_RV_EPICARDIAL	11	1.0	16
-3.58152	-28.24740	-51.27955	LAX_RV_EPICARDIAL	11	1.0	16
-3.20320	-28.23752	-54.06647	LAX_RV_EPICARDIAL	11	1.0	16
-2.82489	-28.22764	-56.85340	LAX_RV_EPICARDIAL	11	1.0	16
-2.36116	-29.62140	-59.63370	LAX_RV_EPICARDIAL	11	1.0	16
-1.98285	-29.61152	-62.42062	LAX_RV_EPICARDIAL	11	1.0	16
-1.60454	-29.60164	-65.20755	LAX_RV_EPICARDIAL	11	1.0	16
-1.14081	-30.99540	-67.98785	LAX_RV_EPICARDIAL	11	1.0	16
-0.84791	-29.58189	-70.78139	LAX_RV_EPICARDIAL	11	1.0	16
-0.46960	-29.57201	-73.56832	LAX_RV_EPICARDIAL	11	1.0	16
-0.09129	-29.56213	-76.35524	LAX_RV_EPICARDIAL	11	1.0	16
0.28702	-29.55225	-79.14216	LAX_RV_EPICARDIAL	11	1.0	16
0.66533	-29.54237	-81.92909	LAX_RV_EPICARDIAL	11	1.0	16
1.04365	-29.53249	-84.71601	LAX_RV_EPICARDIAL	11	1.0	16
1.42196	-29.52261	-87.50293	LAX_RV_EPICARDIAL	11	1.0	16
1.80027	-29.51273	-90.28985	LAX_RV_EPICARDIAL	11	1.0	16
2.17858	-29.50286	-93.07678	LAX_RV_EPICARDIAL	11	1.0	16
2.55690	-29.49298	-95.86370	LAX_RV_EPICARDIAL	11	1.0	16
2.93521	-29.48310	-98.65062	LAX_RV_EPICARDIAL	11	1.0	16
3.31352	-29.47322	-101.43755	LAX_RV_EPICARDIAL	11	1.0	16
3.60642	-28.05970	-104.23109	LAX_RV_EPICARDIAL	11	1.0	16
3.98473	-28.04982	-107.01801	LAX_RV_EPICARDIAL	11	1.0	16
4.27762	-26.63631	-109.81156	LAX_RV_EPICARDIAL	11	1.0	16
4.48510	-23.81915	-112.61172	LAX_RV_EPICARDIAL	11	1.0	16
4.31427	-21.01187	-112.62496	LAX_RV_EPICARDIAL	11	1.0	16
4.14344	-18.20460	-112.63819	LAX_RV_EPICARDIAL	11	1.0	16
3.97261	-15.39732	-112.65143	LAX_RV_EPICARDIAL	11	1.0	16
3.61262	-12.59498	-111.27121	LAX_RV_EPICARDIAL	11	1.0	16
3.25263	-9.79264	-109.89099	LAX_RV_EPICARDIAL	11	1.0	16
2.89265	-6.99030	-108.51076	LAX_RV_EPICARDIAL	11	1.0	16
2.53266	-4.18797	-107.13054	LAX_RV_EPICARDIAL	11	1.0	16
1.98351	-1.39057	-104.35686	LAX_RV_EPICARDIAL	11	1.0	16
1.62353	1.41177	-102.97663	LAX_RV_EPICARDIAL	11	1.0	16
1.07438	4.20917	-100.20295	LAX_RV_EPICARDIAL	11	1.0	16
0.61065	5.60293	-97.42265	LAX_RV_EPICARDIAL	11	1.0	16
0.06151	8.40033	-94.64896	LAX_RV_EPICARDIAL	11	1.0	16
-0.48763	11.19772	-91.87528	LAX_RV_EPICARDIAL	11	1.0	16
-0.95136	12.59148	-89.09497	LAX_RV_EPICARDIAL	11	1.0	16
-0.96969	9.77927	-87.68827	LAX_RV_EPICARDIAL	11	1.0	16
-0.60970	6.97693	-89.06850	LAX_RV_EPICARDIAL	11	1.0	16
-11.51987	-12.99013	0.20571	PULMONARY_VALVE	11	1.0	16
-11.25741	-1.73633	-6.81455	PULMONARY_VALVE	11	1.0	16
