x	y	z	contour type	frameID	weight	time frame
-26.06679	-25.27687	-45.65780	SAX_RV_FREEWALL	3	1.0	9
-27.76336	-24.17210	-48.06381	SAX_RV_FREEWALL	3	1.0	9
-29.99105	-24.17210	-49.78065	SAX_RV_FREEWALL	3	1.0	9
-31.68761	-23.06734	-52.18665	SAX_RV_FREEWALL	3	1.0	9
-33.91530	-23.06734	-53.90350	SAX_RV_FREEWALL	3	1.0	9
-36.14299	-23.06734	-55.62035	SAX_RV_FREEWALL	3	1.0	9
-37.83956	-21.96258	-58.02635	SAX_RV_FREEWALL	3	1.0	9
-39.53613	-20.85781	-60.43235	SAX_RV_FREEWALL	3	1.0	9
-41.76381	-20.85781	-62.14920	SAX_RV_FREEWALL	3	1.0	9
-42.92926	-18.64828	-65.24436	SAX_RV_FREEWALL	3	1.0	9
-44.62583	-17.54351	-67.65036	SAX_RV_FREEWALL	3	1.0	9
-45.79128	-15.33398	-70.74552	SAX_RV_FREEWALL	3	1.0	9
-45.84288	-13.12444	-72.98225	SAX_RV_FREEWALL	3	1.0	9
-45.89448	-10.91491	-75.21899	SAX_RV_FREEWALL	3	1.0	9
-44.83224	-8.70537	-76.59730	SAX_RV_FREEWALL	3	1.0	9
-43.77000	-6.49583	-77.97562	SAX_RV_FREEWALL	3	1.0	9
-41.59391	-4.28629	-78.49551	SAX_RV_FREEWALL	3	1.0	9
-38.30398	-2.07676	-78.15697	SAX_RV_FREEWALL	3	1.0	9
-36.12789	0.13278	-78.67686	SAX_RV_FREEWALL	3	1.0	9
-33.95181	2.34232	-79.19676	SAX_RV_FREEWALL	3	1.0	9
-31.77572	4.55186	-79.71665	SAX_RV_FREEWALL	3	1.0	9
-28.48579	6.76140	-79.37811	SAX_RV_FREEWALL	3	1.0	9
-25.19586	8.97093	-79.03958	SAX_RV_FREEWALL	3	1.0	9
-22.43705	10.07570	-78.01189	SAX_RV_FREEWALL	3	1.0	9
-19.67824	11.18048	-76.98420	SAX_RV_FREEWALL	3	1.0	9
-17.45055	11.18048	-75.26736	SAX_RV_FREEWALL	3	1.0	9
-15.22287	11.18048	-73.55051	SAX_RV_FREEWALL	3	1.0	9
8.25597	-16.43869	-27.99364	SAX_RV_FREEWALL	3	1.0	9
5.49716	-17.54346	-29.02133	SAX_RV_FREEWALL	3	1.0	9
2.73835	-18.64823	-30.04902	SAX_RV_FREEWALL	3	1.0	9
-0.02046	-19.75300	-31.07671	SAX_RV_FREEWALL	3	1.0	9
-2.77927	-20.85777	-32.10440	SAX_RV_FREEWALL	3	1.0	9
-5.53808	-21.96254	-33.13209	SAX_RV_FREEWALL	3	1.0	9
-8.29689	-23.06731	-34.15978	SAX_RV_FREEWALL	3	1.0	9
-11.05570	-24.17208	-35.18746	SAX_RV_FREEWALL	3	1.0	9
-13.28338	-24.17209	-36.90431	SAX_RV_FREEWALL	3	1.0	9
-16.04219	-25.27686	-37.93200	SAX_RV_FREEWALL	3	1.0	9
-18.26988	-25.27686	-39.64884	SAX_RV_FREEWALL	3	1.0	9
-20.49757	-25.27686	-41.36569	SAX_RV_FREEWALL	3	1.0	9
-22.72526	-25.27686	-43.08254	SAX_RV_FREEWALL	3	1.0	9
-24.95295	-25.27687	-44.79938	SAX_RV_FREEWALL	3	1.0	9
-29.30512	-29.69594	-43.75960	SAX_RV_EPICARDIAL	3	1.0	9
-31.00169	-28.59117	-46.16560	SAX_RV_EPICARDIAL	3	1.0	9
-33.22938	-28.59118	-47.88245	SAX_RV_EPICARDIAL	3	1.0	9
-34.92594	-27.48641	-50.28845	SAX_RV_EPICARDIAL	3	1.0	9
-37.15363	-27.48641	-52.00530	SAX_RV_EPICARDIAL	3	1.0	9
-38.85020	-26.38165	-54.41130	SAX_RV_EPICARDIAL	3	1.0	9
-41.07789	-26.38165	-56.12814	SAX_RV_EPICARDIAL	3	1.0	9
-42.77445	-25.27688	-58.53415	SAX_RV_EPICARDIAL	3	1.0	9
-44.47102	-24.17212	-60.94015	SAX_RV_EPICARDIAL	3	1.0	9
-46.69871	-24.17212	-62.65699	SAX_RV_EPICARDIAL	3	1.0	9
-46.75031	-21.96258	-64.89373	SAX_RV_EPICARDIAL	3	1.0	9
-47.91576	-19.75305	-67.98889	SAX_RV_EPICARDIAL	3	1.0	9
-49.08121	-17.54352	-71.08405	SAX_RV_EPICARDIAL	3	1.0	9
-49.66393	-16.43875	-72.63163	SAX_RV_EPICARDIAL	3	1.0	9
-48.60169	-14.22921	-74.00994	SAX_RV_EPICARDIAL	3	1.0	9
-48.65329	-12.01968	-76.24668	SAX_RV_EPICARDIAL	3	1.0	9
-47.59105	-9.81014	-77.62499	SAX_RV_EPICARDIAL	3	1.0	9
-46.52881	-7.60060	-79.00330	SAX_RV_EPICARDIAL	3	1.0	9
-45.46656	-5.39107	-80.38162	SAX_RV_EPICARDIAL	3	1.0	9
-44.40432	-3.18153	-81.75993	SAX_RV_EPICARDIAL	3	1.0	9
-42.22824	-0.97199	-82.27982	SAX_RV_EPICARDIAL	3	1.0	9
-40.05215	1.23755	-82.79971	SAX_RV_EPICARDIAL	3	1.0	9
-36.76222	3.44708	-82.46118	SAX_RV_EPICARDIAL	3	1.0	9
-34.58613	5.65662	-82.98107	SAX_RV_EPICARDIAL	3	1.0	9
-31.29620	7.86616	-82.64254	SAX_RV_EPICARDIAL	3	1.0	9
-28.00627	10.07570	-82.30401	SAX_RV_EPICARDIAL	3	1.0	9
-25.24746	11.18047	-81.27632	SAX_RV_EPICARDIAL	3	1.0	9
-21.95753	13.39001	-80.93779	SAX_RV_EPICARDIAL	3	1.0	9
-19.19872	14.49478	-79.91010	SAX_RV_EPICARDIAL	3	1.0	9
-16.43991	15.59955	-78.88241	SAX_RV_EPICARDIAL	3	1.0	9
-14.21223	15.59955	-77.16556	SAX_RV_EPICARDIAL	3	1.0	9
-11.45342	16.70432	-76.13787	SAX_RV_EPICARDIAL	3	1.0	9
-12.99518	11.18048	-71.83367	SAX_RV_EPICARDIAL	3	1.0	9
13.19087	-13.12438	-27.48584	SAX_RV_EPICARDIAL	3	1.0	9
16.53240	-13.12438	-24.91058	SAX_RV_EPICARDIAL	3	1.0	9
14.35631	-15.33392	-24.39068	SAX_RV_EPICARDIAL	3	1.0	9
11.06638	-17.54346	-24.72922	SAX_RV_EPICARDIAL	3	1.0	9
7.77645	-19.75299	-25.06775	SAX_RV_EPICARDIAL	3	1.0	9
5.01764	-20.85776	-26.09544	SAX_RV_EPICARDIAL	3	1.0	9
2.25883	-21.96254	-27.12313	SAX_RV_EPICARDIAL	3	1.0	9
-0.49998	-23.06731	-28.15082	SAX_RV_EPICARDIAL	3	1.0	9
-3.78991	-25.27684	-28.48935	SAX_RV_EPICARDIAL	3	1.0	9
-6.54872	-26.38162	-29.51704	SAX_RV_EPICARDIAL	3	1.0	9
-9.30753	-27.48639	-30.54473	SAX_RV_EPICARDIAL	3	1.0	9
-12.06634	-28.59116	-31.57241	SAX_RV_EPICARDIAL	3	1.0	9
-14.82514	-29.69593	-32.60010	SAX_RV_EPICARDIAL	3	1.0	9
-17.05283	-29.69593	-34.31695	SAX_RV_EPICARDIAL	3	1.0	9
-19.28052	-29.69593	-36.03379	SAX_RV_EPICARDIAL	3	1.0	9
-21.50821	-29.69593	-37.75064	SAX_RV_EPICARDIAL	3	1.0	9
-23.73590	-29.69594	-39.46749	SAX_RV_EPICARDIAL	3	1.0	9
-25.96359	-29.69594	-41.18433	SAX_RV_EPICARDIAL	3	1.0	9
-28.19128	-29.69594	-42.90118	SAX_RV_EPICARDIAL	3	1.0	9
-12.99518	11.18048	-71.83367	SAX_RV_SEPTUM	3	1.0	9
-12.94357	8.97095	-69.59693	SAX_RV_SEPTUM	3	1.0	9
-12.89197	6.76141	-67.36019	SAX_RV_SEPTUM	3	1.0	9
-12.84037	4.55188	-65.12346	SAX_RV_SEPTUM	3	1.0	9
-12.78877	2.34234	-62.88672	SAX_RV_SEPTUM	3	1.0	9
-12.73717	0.13280	-60.64999	SAX_RV_SEPTUM	3	1.0	9
-11.57172	-2.07673	-57.55483	SAX_RV_SEPTUM	3	1.0	9
-11.52012	-4.28627	-55.31809	SAX_RV_SEPTUM	3	1.0	9
-10.35467	-6.49580	-52.22293	SAX_RV_SEPTUM	3	1.0	9
-9.18922	-8.70533	-49.12777	SAX_RV_SEPTUM	3	1.0	9
-7.49266	-9.81010	-46.72177	SAX_RV_SEPTUM	3	1.0	9
-5.79609	-10.91487	-44.31577	SAX_RV_SEPTUM	3	1.0	9
-4.09952	-12.01963	-41.90977	SAX_RV_SEPTUM	3	1.0	9
-2.40295	-13.12440	-39.50376	SAX_RV_SEPTUM	3	1.0	9
-0.17526	-13.12440	-37.78692	SAX_RV_SEPTUM	3	1.0	9
2.05242	-13.12439	-36.07007	SAX_RV_SEPTUM	3	1.0	9
4.28011	-13.12439	-34.35323	SAX_RV_SEPTUM	3	1.0	9
6.50780	-13.12439	-32.63638	SAX_RV_SEPTUM	3	1.0	9
8.73549	-13.12439	-30.91953	SAX_RV_SEPTUM	3	1.0	9
10.96318	-13.12438	-29.20269	SAX_RV_SEPTUM	3	1.0	9
10.43206	-14.22915	-28.51353	SAX_RV_SEPTUM	3	1.0	9
-10.28797	14.49479	-73.04271	SAX_LV_EPICARDIAL	3	1.0	9
-9.22573	16.70432	-74.42103	SAX_LV_EPICARDIAL	3	1.0	9
-8.16349	18.91386	-75.79934	SAX_LV_EPICARDIAL	3	1.0	9
-5.98740	21.12340	-76.31923	SAX_LV_EPICARDIAL	3	1.0	9
-3.81131	23.33294	-76.83912	SAX_LV_EPICARDIAL	3	1.0	9
-2.74907	25.54247	-78.21744	SAX_LV_EPICARDIAL	3	1.0	9
0.54086	27.75201	-77.87890	SAX_LV_EPICARDIAL	3	1.0	9
2.71694	29.96155	-78.39879	SAX_LV_EPICARDIAL	3	1.0	9
6.00687	32.17109	-78.06026	SAX_LV_EPICARDIAL	3	1.0	9
9.29680	34.38063	-77.72173	SAX_LV_EPICARDIAL	3	1.0	9
12.05561	35.48540	-76.69404	SAX_LV_EPICARDIAL	3	1.0	9
14.81442	36.59017	-75.66635	SAX_LV_EPICARDIAL	3	1.0	9
17.57323	37.69494	-74.63866	SAX_LV_EPICARDIAL	3	1.0	9
20.33204	38.79971	-73.61097	SAX_LV_EPICARDIAL	3	1.0	9
22.55973	38.79971	-71.89413	SAX_LV_EPICARDIAL	3	1.0	9
25.31854	39.90448	-70.86644	SAX_LV_EPICARDIAL	3	1.0	9
27.54623	39.90448	-69.14959	SAX_LV_EPICARDIAL	3	1.0	9
29.77392	39.90449	-67.43275	SAX_LV_EPICARDIAL	3	1.0	9
32.00161	39.90449	-65.71590	SAX_LV_EPICARDIAL	3	1.0	9
34.22929	39.90449	-63.99906	SAX_LV_EPICARDIAL	3	1.0	9
36.45698	39.90449	-62.28221	SAX_LV_EPICARDIAL	3	1.0	9
38.15355	38.79973	-59.87621	SAX_LV_EPICARDIAL	3	1.0	9
39.85012	37.69496	-57.47021	SAX_LV_EPICARDIAL	3	1.0	9
41.54668	36.59019	-55.06420	SAX_LV_EPICARDIAL	3	1.0	9
43.24325	35.48543	-52.65820	SAX_LV_EPICARDIAL	3	1.0	9
44.40870	33.27589	-49.56304	SAX_LV_EPICARDIAL	3	1.0	9
45.57415	31.06636	-46.46788	SAX_LV_EPICARDIAL	3	1.0	9
45.62575	28.85682	-44.23115	SAX_LV_EPICARDIAL	3	1.0	9
45.67735	26.64729	-41.99441	SAX_LV_EPICARDIAL	3	1.0	9
45.72895	24.43775	-39.75768	SAX_LV_EPICARDIAL	3	1.0	9
45.78055	22.22822	-37.52094	SAX_LV_EPICARDIAL	3	1.0	9
44.71831	20.01868	-36.14263	SAX_LV_EPICARDIAL	3	1.0	9
43.65607	17.80914	-34.76431	SAX_LV_EPICARDIAL	3	1.0	9
43.70767	15.59961	-32.52758	SAX_LV_EPICARDIAL	3	1.0	9
42.64543	13.39007	-31.14926	SAX_LV_EPICARDIAL	3	1.0	9
40.46935	11.18054	-30.62937	SAX_LV_EPICARDIAL	3	1.0	9
39.40710	8.97100	-29.25106	SAX_LV_EPICARDIAL	3	1.0	9
38.34486	6.76146	-27.87275	SAX_LV_EPICARDIAL	3	1.0	9
37.28262	4.55193	-26.49443	SAX_LV_EPICARDIAL	3	1.0	9
35.10653	2.34239	-25.97454	SAX_LV_EPICARDIAL	3	1.0	9
32.93045	0.13285	-25.45465	SAX_LV_EPICARDIAL	3	1.0	9
30.75436	-2.07669	-24.93476	SAX_LV_EPICARDIAL	3	1.0	9
28.57828	-4.28623	-24.41487	SAX_LV_EPICARDIAL	3	1.0	9
25.28835	-6.49576	-24.75340	SAX_LV_EPICARDIAL	3	1.0	9
22.52954	-7.60053	-25.78109	SAX_LV_EPICARDIAL	3	1.0	9
19.23961	-9.81007	-26.11962	SAX_LV_EPICARDIAL	3	1.0	9
16.48080	-10.91484	-27.14731	SAX_LV_EPICARDIAL	3	1.0	9
12.93285	-2.07671	-38.66952	SAX_LV_ENDOCARDIAL	3	1.0	9
11.23629	-0.97194	-41.07553	SAX_LV_ENDOCARDIAL	3	1.0	9
9.00860	-0.97194	-42.79237	SAX_LV_ENDOCARDIAL	3	1.0	9
7.31203	0.13282	-45.19838	SAX_LV_ENDOCARDIAL	3	1.0	9
5.08434	0.13282	-46.91522	SAX_LV_ENDOCARDIAL	3	1.0	9
3.38777	1.23759	-49.32122	SAX_LV_ENDOCARDIAL	3	1.0	9
2.22233	3.44712	-52.41638	SAX_LV_ENDOCARDIAL	3	1.0	9
0.52576	4.55189	-54.82238	SAX_LV_ENDOCARDIAL	3	1.0	9
0.47416	6.76142	-57.05912	SAX_LV_ENDOCARDIAL	3	1.0	9
-0.69129	8.97096	-60.15428	SAX_LV_ENDOCARDIAL	3	1.0	9
-0.74289	11.18049	-62.39102	SAX_LV_ENDOCARDIAL	3	1.0	9
0.31935	13.39003	-63.76933	SAX_LV_ENDOCARDIAL	3	1.0	9
1.38159	15.59957	-65.14764	SAX_LV_ENDOCARDIAL	3	1.0	9
2.44383	17.80910	-66.52596	SAX_LV_ENDOCARDIAL	3	1.0	9
3.50608	20.01864	-67.90427	SAX_LV_ENDOCARDIAL	3	1.0	9
5.68216	22.22818	-68.42416	SAX_LV_ENDOCARDIAL	3	1.0	9
7.85825	24.43772	-68.94405	SAX_LV_ENDOCARDIAL	3	1.0	9
10.61706	25.54249	-67.91636	SAX_LV_ENDOCARDIAL	3	1.0	9
13.90699	27.75203	-67.57783	SAX_LV_ENDOCARDIAL	3	1.0	9
16.66580	28.85680	-66.55014	SAX_LV_ENDOCARDIAL	3	1.0	9
19.42461	29.96157	-65.52245	SAX_LV_ENDOCARDIAL	3	1.0	9
21.65230	29.96157	-63.80561	SAX_LV_ENDOCARDIAL	3	1.0	9
24.41111	31.06634	-62.77792	SAX_LV_ENDOCARDIAL	3	1.0	9
26.63879	31.06634	-61.06107	SAX_LV_ENDOCARDIAL	3	1.0	9
28.33536	29.96157	-58.65507	SAX_LV_ENDOCARDIAL	3	1.0	9
30.56305	29.96158	-56.93822	SAX_LV_ENDOCARDIAL	3	1.0	9
32.25962	28.85681	-54.53222	SAX_LV_ENDOCARDIAL	3	1.0	9
33.95618	27.75205	-52.12622	SAX_LV_ENDOCARDIAL	3	1.0	9
35.12163	25.54251	-49.03106	SAX_LV_ENDOCARDIAL	3	1.0	9
35.17323	23.33298	-46.79432	SAX_LV_ENDOCARDIAL	3	1.0	9
35.22484	21.12344	-44.55759	SAX_LV_ENDOCARDIAL	3	1.0	9
35.27644	18.91390	-42.32085	SAX_LV_ENDOCARDIAL	3	1.0	9
34.21420	16.70437	-40.94254	SAX_LV_ENDOCARDIAL	3	1.0	9
33.15195	14.49483	-39.56422	SAX_LV_ENDOCARDIAL	3	1.0	9
32.08971	12.28529	-38.18591	SAX_LV_ENDOCARDIAL	3	1.0	9
31.02747	10.07576	-36.80760	SAX_LV_ENDOCARDIAL	3	1.0	9
29.96523	7.86622	-35.42928	SAX_LV_ENDOCARDIAL	3	1.0	9
28.90299	5.65668	-34.05097	SAX_LV_ENDOCARDIAL	3	1.0	9
26.72690	3.44715	-33.53108	SAX_LV_ENDOCARDIAL	3	1.0	9
23.43697	1.23761	-33.86961	SAX_LV_ENDOCARDIAL	3	1.0	9
20.14704	-0.97193	-34.20814	SAX_LV_ENDOCARDIAL	3	1.0	9
17.91935	-0.97193	-35.92499	SAX_LV_ENDOCARDIAL	3	1.0	9
15.16054	-2.07670	-36.95268	SAX_LV_ENDOCARDIAL	3	1.0	9
10.43206	-14.22915	-28.51353	RV_INSERT	3	1.0	9
-15.22287	11.18048	-73.55051	RV_INSERT	3	1.0	9
-28.28932	-30.70404	-70.41816	SAX_RV_FREEWALL	4	1.0	9
-29.45476	-28.49450	-73.51332	SAX_RV_FREEWALL	4	1.0	9
-31.15133	-27.38974	-75.91932	SAX_RV_FREEWALL	4	1.0	9
-32.31678	-25.18020	-79.01448	SAX_RV_FREEWALL	4	1.0	9
-32.36838	-22.97067	-81.25122	SAX_RV_FREEWALL	4	1.0	9
-32.41998	-20.76113	-83.48795	SAX_RV_FREEWALL	4	1.0	9
-32.47158	-18.55160	-85.72469	SAX_RV_FREEWALL	4	1.0	9
-30.29550	-16.34206	-86.24458	SAX_RV_FREEWALL	4	1.0	9
-29.23326	-14.13252	-87.62289	SAX_RV_FREEWALL	4	1.0	9
-27.05717	-11.92299	-88.14279	SAX_RV_FREEWALL	4	1.0	9
-23.76724	-9.71345	-87.80425	SAX_RV_FREEWALL	4	1.0	9
-21.59115	-7.50391	-88.32414	SAX_RV_FREEWALL	4	1.0	9
-18.30122	-5.29437	-87.98561	SAX_RV_FREEWALL	4	1.0	9
-16.12514	-3.08483	-88.50550	SAX_RV_FREEWALL	4	1.0	9
-12.83521	-0.87529	-88.16697	SAX_RV_FREEWALL	4	1.0	9
-9.54528	1.33424	-87.82844	SAX_RV_FREEWALL	4	1.0	9
-6.78647	2.43902	-86.80075	SAX_RV_FREEWALL	4	1.0	9
-4.02766	3.54379	-85.77306	SAX_RV_FREEWALL	4	1.0	9
4.38848	-22.97063	-52.92327	SAX_RV_FREEWALL	4	1.0	9
1.62967	-24.07540	-53.95095	SAX_RV_FREEWALL	4	1.0	9
-0.59802	-24.07540	-55.66780	SAX_RV_FREEWALL	4	1.0	9
-2.82571	-24.07541	-57.38465	SAX_RV_FREEWALL	4	1.0	9
-5.58452	-25.18018	-58.41233	SAX_RV_FREEWALL	4	1.0	9
-7.81221	-25.18018	-60.12918	SAX_RV_FREEWALL	4	1.0	9
-11.10214	-27.38972	-60.46771	SAX_RV_FREEWALL	4	1.0	9
-13.86094	-28.49449	-61.49540	SAX_RV_FREEWALL	4	1.0	9
-16.61975	-29.59926	-62.52309	SAX_RV_FREEWALL	4	1.0	9
-19.37856	-30.70403	-63.55078	SAX_RV_FREEWALL	4	1.0	9
-21.60625	-30.70403	-65.26762	SAX_RV_FREEWALL	4	1.0	9
-23.83394	-30.70403	-66.98447	SAX_RV_FREEWALL	4	1.0	9
-26.06163	-30.70404	-68.70132	SAX_RV_FREEWALL	4	1.0	9
-30.41380	-35.12311	-67.66153	SAX_RV_EPICARDIAL	4	1.0	9
-32.11037	-34.01835	-70.06754	SAX_RV_EPICARDIAL	4	1.0	9
-33.27581	-31.80881	-73.16270	SAX_RV_EPICARDIAL	4	1.0	9
-34.97238	-30.70405	-75.56870	SAX_RV_EPICARDIAL	4	1.0	9
-36.13783	-28.49451	-78.66386	SAX_RV_EPICARDIAL	4	1.0	9
-36.18943	-26.28498	-80.90059	SAX_RV_EPICARDIAL	4	1.0	9
-37.35488	-24.07544	-83.99575	SAX_RV_EPICARDIAL	4	1.0	9
-36.29264	-21.86590	-85.37407	SAX_RV_EPICARDIAL	4	1.0	9
-35.23039	-19.65637	-86.75238	SAX_RV_EPICARDIAL	4	1.0	9
-34.16815	-17.44683	-88.13069	SAX_RV_EPICARDIAL	4	1.0	9
-33.10591	-15.23729	-89.50901	SAX_RV_EPICARDIAL	4	1.0	9
-30.92982	-13.02776	-90.02890	SAX_RV_EPICARDIAL	4	1.0	9
-28.75374	-10.81822	-90.54879	SAX_RV_EPICARDIAL	4	1.0	9
-26.57765	-8.60868	-91.06868	SAX_RV_EPICARDIAL	4	1.0	9
-24.40157	-6.39914	-91.58857	SAX_RV_EPICARDIAL	4	1.0	9
-22.22548	-4.18961	-92.10846	SAX_RV_EPICARDIAL	4	1.0	9
-20.04939	-1.98007	-92.62835	SAX_RV_EPICARDIAL	4	1.0	9
-16.75946	0.22947	-92.28982	SAX_RV_EPICARDIAL	4	1.0	9
-13.46953	2.43901	-91.95129	SAX_RV_EPICARDIAL	4	1.0	9
-10.71072	3.54378	-90.92360	SAX_RV_EPICARDIAL	4	1.0	9
-7.42079	5.75332	-90.58506	SAX_RV_EPICARDIAL	4	1.0	9
-4.66198	6.85809	-89.55738	SAX_RV_EPICARDIAL	4	1.0	9
-1.90317	7.96286	-88.52969	SAX_RV_EPICARDIAL	4	1.0	9
0.85563	9.06763	-87.50200	SAX_RV_EPICARDIAL	4	1.0	9
-0.15501	4.64856	-83.88695	SAX_RV_EPICARDIAL	4	1.0	9
9.37498	-21.86586	-50.17873	SAX_RV_EPICARDIAL	4	1.0	9
11.07154	-22.97063	-47.77273	SAX_RV_EPICARDIAL	4	1.0	9
7.78161	-25.18016	-48.11126	SAX_RV_EPICARDIAL	4	1.0	9
5.55393	-25.18017	-49.82811	SAX_RV_EPICARDIAL	4	1.0	9
2.79512	-26.28494	-50.85580	SAX_RV_EPICARDIAL	4	1.0	9
0.56743	-26.28494	-52.57264	SAX_RV_EPICARDIAL	4	1.0	9
-1.66026	-26.28494	-54.28949	SAX_RV_EPICARDIAL	4	1.0	9
-4.41907	-27.38971	-55.31718	SAX_RV_EPICARDIAL	4	1.0	9
-7.17788	-28.49448	-56.34486	SAX_RV_EPICARDIAL	4	1.0	9
-10.46781	-30.70402	-56.68340	SAX_RV_EPICARDIAL	4	1.0	9
-13.22662	-31.80879	-57.71109	SAX_RV_EPICARDIAL	4	1.0	9
-15.98543	-32.91356	-58.73877	SAX_RV_EPICARDIAL	4	1.0	9
-18.74424	-34.01833	-59.76646	SAX_RV_EPICARDIAL	4	1.0	9
-20.97193	-34.01833	-61.48331	SAX_RV_EPICARDIAL	4	1.0	9
-23.73074	-35.12311	-62.51100	SAX_RV_EPICARDIAL	4	1.0	9
-25.95842	-35.12311	-64.22784	SAX_RV_EPICARDIAL	4	1.0	9
-28.18611	-35.12311	-65.94469	SAX_RV_EPICARDIAL	4	1.0	9
-1.26885	4.64856	-84.74537	SAX_RV_SEPTUM	4	1.0	9
-0.68613	3.54379	-83.19779	SAX_RV_SEPTUM	4	1.0	9
-1.74837	1.33425	-81.81948	SAX_RV_SEPTUM	4	1.0	9
-1.69677	-0.87528	-79.58274	SAX_RV_SEPTUM	4	1.0	9
-2.75901	-3.08482	-78.20443	SAX_RV_SEPTUM	4	1.0	9
-1.59356	-5.29435	-75.10927	SAX_RV_SEPTUM	4	1.0	9
-2.65580	-7.50389	-73.73096	SAX_RV_SEPTUM	4	1.0	9
-2.60420	-9.71343	-71.49422	SAX_RV_SEPTUM	4	1.0	9
-2.55260	-11.92296	-69.25748	SAX_RV_SEPTUM	4	1.0	9
-0.85603	-13.02773	-66.85148	SAX_RV_SEPTUM	4	1.0	9
0.30942	-15.23726	-63.75632	SAX_RV_SEPTUM	4	1.0	9
1.47486	-17.44680	-60.66116	SAX_RV_SEPTUM	4	1.0	9
3.17143	-18.55156	-58.25516	SAX_RV_SEPTUM	4	1.0	9
4.86800	-19.65633	-55.84916	SAX_RV_SEPTUM	4	1.0	9
7.09569	-19.65633	-54.13231	SAX_RV_SEPTUM	4	1.0	9
8.79225	-20.76109	-51.72631	SAX_RV_SEPTUM	4	1.0	9
7.14729	-21.86586	-51.89558	SAX_RV_SEPTUM	4	1.0	9
3.66605	7.96286	-84.23757	SAX_LV_EPICARDIAL	4	1.0	9
5.84213	10.17240	-84.75746	SAX_LV_EPICARDIAL	4	1.0	9
6.90437	12.38194	-86.13578	SAX_LV_EPICARDIAL	4	1.0	9
10.19430	14.59148	-85.79724	SAX_LV_EPICARDIAL	4	1.0	9
12.37039	16.80102	-86.31714	SAX_LV_EPICARDIAL	4	1.0	9
15.66032	19.01055	-85.97860	SAX_LV_EPICARDIAL	4	1.0	9
18.95025	21.22009	-85.64007	SAX_LV_EPICARDIAL	4	1.0	9
22.24018	23.42963	-85.30154	SAX_LV_EPICARDIAL	4	1.0	9
24.99899	24.53440	-84.27385	SAX_LV_EPICARDIAL	4	1.0	9
27.75780	25.63917	-83.24616	SAX_LV_EPICARDIAL	4	1.0	9
30.51661	26.74394	-82.21847	SAX_LV_EPICARDIAL	4	1.0	9
32.74430	26.74395	-80.50163	SAX_LV_EPICARDIAL	4	1.0	9
34.97199	26.74395	-78.78478	SAX_LV_EPICARDIAL	4	1.0	9
37.19968	26.74395	-77.06794	SAX_LV_EPICARDIAL	4	1.0	9
39.42736	26.74395	-75.35109	SAX_LV_EPICARDIAL	4	1.0	9
41.65505	26.74395	-73.63424	SAX_LV_EPICARDIAL	4	1.0	9
43.35162	25.63919	-71.22824	SAX_LV_EPICARDIAL	4	1.0	9
45.04819	24.53442	-68.82224	SAX_LV_EPICARDIAL	4	1.0	9
46.74475	23.42966	-66.41624	SAX_LV_EPICARDIAL	4	1.0	9
48.44132	22.32489	-64.01023	SAX_LV_EPICARDIAL	4	1.0	9
50.13789	21.22012	-61.60423	SAX_LV_EPICARDIAL	4	1.0	9
51.30334	19.01059	-58.50907	SAX_LV_EPICARDIAL	4	1.0	9
51.35494	16.80105	-56.27234	SAX_LV_EPICARDIAL	4	1.0	9
51.40654	14.59152	-54.03560	SAX_LV_EPICARDIAL	4	1.0	9
51.45814	12.38198	-51.79886	SAX_LV_EPICARDIAL	4	1.0	9
51.50975	10.17245	-49.56213	SAX_LV_EPICARDIAL	4	1.0	9
50.44750	7.96291	-48.18381	SAX_LV_EPICARDIAL	4	1.0	9
49.38526	5.75337	-46.80550	SAX_LV_EPICARDIAL	4	1.0	9
48.32302	3.54384	-45.42719	SAX_LV_EPICARDIAL	4	1.0	9
47.26078	1.33430	-44.04887	SAX_LV_EPICARDIAL	4	1.0	9
46.19854	-0.87524	-42.67056	SAX_LV_EPICARDIAL	4	1.0	9
45.13629	-3.08477	-41.29225	SAX_LV_EPICARDIAL	4	1.0	9
42.96021	-5.29431	-40.77236	SAX_LV_EPICARDIAL	4	1.0	9
40.78412	-7.50385	-40.25247	SAX_LV_EPICARDIAL	4	1.0	9
39.72188	-9.71338	-38.87415	SAX_LV_EPICARDIAL	4	1.0	9
36.43195	-11.92292	-39.21269	SAX_LV_EPICARDIAL	4	1.0	9
34.25586	-14.13246	-38.69279	SAX_LV_EPICARDIAL	4	1.0	9
30.96593	-16.34200	-39.03133	SAX_LV_EPICARDIAL	4	1.0	9
28.20712	-17.44677	-40.05902	SAX_LV_EPICARDIAL	4	1.0	9
25.44831	-18.55154	-41.08670	SAX_LV_EPICARDIAL	4	1.0	9
22.68951	-19.65631	-42.11439	SAX_LV_EPICARDIAL	4	1.0	9
19.93070	-20.76108	-43.14208	SAX_LV_EPICARDIAL	4	1.0	9
17.70301	-20.76108	-44.85893	SAX_LV_EPICARDIAL	4	1.0	9
15.47532	-20.76109	-46.57577	SAX_LV_EPICARDIAL	4	1.0	9
13.24763	-20.76109	-48.29262	SAX_LV_EPICARDIAL	4	1.0	9
18.02772	-10.81817	-54.49503	SAX_LV_ENDOCARDIAL	4	1.0	9
16.33115	-9.71341	-56.90103	SAX_LV_ENDOCARDIAL	4	1.0	9
14.63458	-8.60864	-59.30703	SAX_LV_ENDOCARDIAL	4	1.0	9
12.93802	-7.50387	-61.71304	SAX_LV_ENDOCARDIAL	4	1.0	9
11.24145	-6.39911	-64.11904	SAX_LV_ENDOCARDIAL	4	1.0	9
10.07600	-4.18957	-67.21420	SAX_LV_ENDOCARDIAL	4	1.0	9
10.02440	-1.98004	-69.45093	SAX_LV_ENDOCARDIAL	4	1.0	9
9.97280	0.22950	-71.68767	SAX_LV_ENDOCARDIAL	4	1.0	9
9.92120	2.43903	-73.92441	SAX_LV_ENDOCARDIAL	4	1.0	9
10.98344	4.64857	-75.30272	SAX_LV_ENDOCARDIAL	4	1.0	9
12.04568	6.85811	-76.68103	SAX_LV_ENDOCARDIAL	4	1.0	9
13.10792	9.06764	-78.05935	SAX_LV_ENDOCARDIAL	4	1.0	9
15.28401	11.27718	-78.57924	SAX_LV_ENDOCARDIAL	4	1.0	9
17.46009	13.48672	-79.09913	SAX_LV_ENDOCARDIAL	4	1.0	9
20.75002	15.69626	-78.76060	SAX_LV_ENDOCARDIAL	4	1.0	9
23.50883	16.80103	-77.73291	SAX_LV_ENDOCARDIAL	4	1.0	9
26.26764	17.90580	-76.70522	SAX_LV_ENDOCARDIAL	4	1.0	9
28.49533	17.90580	-74.98837	SAX_LV_ENDOCARDIAL	4	1.0	9
31.25414	19.01057	-73.96068	SAX_LV_ENDOCARDIAL	4	1.0	9
33.48183	19.01057	-72.24384	SAX_LV_ENDOCARDIAL	4	1.0	9
35.17840	17.90581	-69.83784	SAX_LV_ENDOCARDIAL	4	1.0	9
37.40608	17.90581	-68.12099	SAX_LV_ENDOCARDIAL	4	1.0	9
39.10265	16.80104	-65.71499	SAX_LV_ENDOCARDIAL	4	1.0	9
40.79922	15.69628	-63.30899	SAX_LV_ENDOCARDIAL	4	1.0	9
41.96467	13.48674	-60.21383	SAX_LV_ENDOCARDIAL	4	1.0	9
42.01627	11.27721	-57.97709	SAX_LV_ENDOCARDIAL	4	1.0	9
42.06787	9.06767	-55.74035	SAX_LV_ENDOCARDIAL	4	1.0	9
42.11947	6.85813	-53.50362	SAX_LV_ENDOCARDIAL	4	1.0	9
41.05723	4.64860	-52.12530	SAX_LV_ENDOCARDIAL	4	1.0	9
39.99499	2.43906	-50.74699	SAX_LV_ENDOCARDIAL	4	1.0	9
37.81890	0.22952	-50.22710	SAX_LV_ENDOCARDIAL	4	1.0	9
36.75666	-1.98001	-48.84879	SAX_LV_ENDOCARDIAL	4	1.0	9
33.46673	-4.18955	-49.18732	SAX_LV_ENDOCARDIAL	4	1.0	9
31.29064	-6.39909	-48.66743	SAX_LV_ENDOCARDIAL	4	1.0	9
28.00071	-8.60863	-49.00596	SAX_LV_ENDOCARDIAL	4	1.0	9
25.24191	-9.71340	-50.03365	SAX_LV_ENDOCARDIAL	4	1.0	9
22.48310	-10.81817	-51.06134	SAX_LV_ENDOCARDIAL	4	1.0	9
20.25541	-10.81817	-52.77818	SAX_LV_ENDOCARDIAL	4	1.0	9
7.14729	-21.86586	-51.89558	RV_INSERT	4	1.0	9
-1.26885	4.64856	-84.74537	RV_INSERT	4	1.0	9
-4.03759	-25.08351	-85.76055	SAX_RV_FREEWALL	5	1.0	9
-5.20304	-22.87397	-88.85571	SAX_RV_FREEWALL	5	1.0	9
-5.25464	-20.66444	-91.09245	SAX_RV_FREEWALL	5	1.0	9
-4.19240	-18.45490	-92.47076	SAX_RV_FREEWALL	5	1.0	9
-2.01631	-16.24536	-92.99065	SAX_RV_FREEWALL	5	1.0	9
1.27362	-14.03582	-92.65212	SAX_RV_FREEWALL	5	1.0	9
3.44970	-11.82629	-93.17201	SAX_RV_FREEWALL	5	1.0	9
6.73963	-9.61675	-92.83348	SAX_RV_FREEWALL	5	1.0	9
10.02956	-7.40721	-92.49495	SAX_RV_FREEWALL	5	1.0	9
12.78837	-6.30244	-91.46726	SAX_RV_FREEWALL	5	1.0	9
10.92190	-21.76919	-77.52695	SAX_RV_FREEWALL	5	1.0	9
8.16309	-22.87396	-78.55464	SAX_RV_FREEWALL	5	1.0	9
5.93540	-22.87396	-80.27148	SAX_RV_FREEWALL	5	1.0	9
3.17659	-23.97873	-81.29917	SAX_RV_FREEWALL	5	1.0	9
0.41778	-25.08350	-82.32686	SAX_RV_FREEWALL	5	1.0	9
-1.80991	-25.08350	-84.04371	SAX_RV_FREEWALL	5	1.0	9
-10.03473	-30.60735	-84.89004	SAX_RV_EPICARDIAL	5	1.0	9
-11.73130	-29.50259	-87.29604	SAX_RV_EPICARDIAL	5	1.0	9
-13.42787	-28.39782	-89.70204	SAX_RV_EPICARDIAL	5	1.0	9
-13.47947	-26.18828	-91.93878	SAX_RV_EPICARDIAL	5	1.0	9
-12.41723	-23.97875	-93.31709	SAX_RV_EPICARDIAL	5	1.0	9
-11.35498	-21.76921	-94.69541	SAX_RV_EPICARDIAL	5	1.0	9
-9.17890	-19.55967	-95.21530	SAX_RV_EPICARDIAL	5	1.0	9
-7.00281	-17.35014	-95.73519	SAX_RV_EPICARDIAL	5	1.0	9
-4.82673	-15.14060	-96.25508	SAX_RV_EPICARDIAL	5	1.0	9
-1.53680	-12.93106	-95.91654	SAX_RV_EPICARDIAL	5	1.0	9
1.75313	-10.72152	-95.57801	SAX_RV_EPICARDIAL	5	1.0	9
3.92922	-8.51198	-96.09790	SAX_RV_EPICARDIAL	5	1.0	9
7.21915	-6.30244	-95.75937	SAX_RV_EPICARDIAL	5	1.0	9
9.97796	-5.19767	-94.73168	SAX_RV_EPICARDIAL	5	1.0	9
12.73677	-4.09290	-93.70399	SAX_RV_EPICARDIAL	5	1.0	9
15.49558	-2.98813	-92.67630	SAX_RV_EPICARDIAL	5	1.0	9
17.72327	-2.98813	-90.95946	SAX_RV_EPICARDIAL	5	1.0	9
16.12990	-6.30243	-88.89199	SAX_RV_EPICARDIAL	5	1.0	9
14.26343	-21.76919	-74.95168	SAX_RV_EPICARDIAL	5	1.0	9
14.89776	-25.08349	-71.16736	SAX_RV_EPICARDIAL	5	1.0	9
12.67007	-25.08349	-72.88421	SAX_RV_EPICARDIAL	5	1.0	9
10.44238	-25.08349	-74.60106	SAX_RV_EPICARDIAL	5	1.0	9
8.21469	-25.08349	-76.31790	SAX_RV_EPICARDIAL	5	1.0	9
5.45588	-26.18827	-77.34559	SAX_RV_EPICARDIAL	5	1.0	9
2.69707	-27.29304	-78.37328	SAX_RV_EPICARDIAL	5	1.0	9
-0.06174	-28.39781	-79.40097	SAX_RV_EPICARDIAL	5	1.0	9
-2.82054	-29.50258	-80.42866	SAX_RV_EPICARDIAL	5	1.0	9
-5.04823	-29.50258	-82.14550	SAX_RV_EPICARDIAL	5	1.0	9
-7.80704	-30.60735	-83.17319	SAX_RV_EPICARDIAL	5	1.0	9
15.54718	-5.19767	-90.43957	SAX_RV_SEPTUM	5	1.0	9
15.59878	-7.40720	-88.20283	SAX_RV_SEPTUM	5	1.0	9
14.53654	-9.61674	-86.82452	SAX_RV_SEPTUM	5	1.0	9
13.47430	-11.82628	-85.44621	SAX_RV_SEPTUM	5	1.0	9
13.52590	-14.03581	-83.20947	SAX_RV_SEPTUM	5	1.0	9
13.57750	-16.24535	-80.97273	SAX_RV_SEPTUM	5	1.0	9
13.62911	-18.45488	-78.73600	SAX_RV_SEPTUM	5	1.0	9
13.68071	-20.66442	-76.49926	SAX_RV_SEPTUM	5	1.0	9
13.14959	-21.76919	-75.81010	SAX_RV_SEPTUM	5	1.0	9
20.46698	-25.08348	-66.87525	SAX_LV_EPICARDIAL	5	1.0	9
18.77041	-23.97872	-69.28125	SAX_LV_EPICARDIAL	5	1.0	9
17.07384	-22.87395	-71.68726	SAX_LV_EPICARDIAL	5	1.0	9
19.41983	-4.09290	-88.55346	SAX_LV_EPICARDIAL	5	1.0	9
21.59592	-1.88336	-89.07335	SAX_LV_EPICARDIAL	5	1.0	9
23.77201	0.32618	-89.59324	SAX_LV_EPICARDIAL	5	1.0	9
25.94809	2.53572	-90.11313	SAX_LV_EPICARDIAL	5	1.0	9
28.70690	3.64049	-89.08544	SAX_LV_EPICARDIAL	5	1.0	9
31.99683	5.85003	-88.74691	SAX_LV_EPICARDIAL	5	1.0	9
34.22452	5.85003	-87.03006	SAX_LV_EPICARDIAL	5	1.0	9
36.98333	6.95480	-86.00237	SAX_LV_EPICARDIAL	5	1.0	9
39.21102	6.95480	-84.28553	SAX_LV_EPICARDIAL	5	1.0	9
41.96983	8.05957	-83.25784	SAX_LV_EPICARDIAL	5	1.0	9
43.66640	6.95481	-80.85184	SAX_LV_EPICARDIAL	5	1.0	9
45.89408	6.95481	-79.13499	SAX_LV_EPICARDIAL	5	1.0	9
48.12177	6.95481	-77.41814	SAX_LV_EPICARDIAL	5	1.0	9
49.81834	5.85004	-75.01214	SAX_LV_EPICARDIAL	5	1.0	9
50.98379	3.64051	-71.91698	SAX_LV_EPICARDIAL	5	1.0	9
52.14923	1.43098	-68.82182	SAX_LV_EPICARDIAL	5	1.0	9
52.20084	-0.77856	-66.58509	SAX_LV_EPICARDIAL	5	1.0	9
52.25244	-2.98810	-64.34835	SAX_LV_EPICARDIAL	5	1.0	9
52.30404	-5.19763	-62.11162	SAX_LV_EPICARDIAL	5	1.0	9
51.24180	-7.40717	-60.73330	SAX_LV_EPICARDIAL	5	1.0	9
50.17956	-9.61670	-59.35499	SAX_LV_EPICARDIAL	5	1.0	9
49.11731	-11.82624	-57.97668	SAX_LV_EPICARDIAL	5	1.0	9
46.94123	-14.03578	-57.45678	SAX_LV_EPICARDIAL	5	1.0	9
44.76514	-16.24532	-56.93689	SAX_LV_EPICARDIAL	5	1.0	9
42.58906	-18.45485	-56.41700	SAX_LV_EPICARDIAL	5	1.0	9
40.41297	-20.66439	-55.89711	SAX_LV_EPICARDIAL	5	1.0	9
37.65416	-21.76916	-56.92480	SAX_LV_EPICARDIAL	5	1.0	9
34.36423	-23.97870	-57.26333	SAX_LV_EPICARDIAL	5	1.0	9
31.60542	-25.08347	-58.29102	SAX_LV_EPICARDIAL	5	1.0	9
29.37773	-25.08347	-60.00787	SAX_LV_EPICARDIAL	5	1.0	9
27.15004	-25.08348	-61.72471	SAX_LV_EPICARDIAL	5	1.0	9
24.92236	-25.08348	-63.44156	SAX_LV_EPICARDIAL	5	1.0	9
22.69467	-25.08348	-65.15841	SAX_LV_EPICARDIAL	5	1.0	9
26.94364	-16.24533	-70.67166	SAX_LV_ENDOCARDIAL	5	1.0	9
25.24707	-15.14057	-73.07766	SAX_LV_ENDOCARDIAL	5	1.0	9
24.08162	-12.93103	-76.17282	SAX_LV_ENDOCARDIAL	5	1.0	9
24.03002	-10.72150	-78.40956	SAX_LV_ENDOCARDIAL	5	1.0	9
25.09226	-8.51196	-79.78787	SAX_LV_ENDOCARDIAL	5	1.0	9
26.15450	-6.30242	-81.16618	SAX_LV_ENDOCARDIAL	5	1.0	9
28.33059	-4.09289	-81.68607	SAX_LV_ENDOCARDIAL	5	1.0	9
31.62052	-1.88335	-81.34754	SAX_LV_ENDOCARDIAL	5	1.0	9
34.37933	-0.77858	-80.31985	SAX_LV_ENDOCARDIAL	5	1.0	9
36.60702	-0.77858	-78.60301	SAX_LV_ENDOCARDIAL	5	1.0	9
38.30358	-1.88334	-76.19700	SAX_LV_ENDOCARDIAL	5	1.0	9
40.53127	-1.88334	-74.48016	SAX_LV_ENDOCARDIAL	5	1.0	9
41.69672	-4.09287	-71.38500	SAX_LV_ENDOCARDIAL	5	1.0	9
41.74832	-6.30241	-69.14826	SAX_LV_ENDOCARDIAL	5	1.0	9
41.79992	-8.51194	-66.91153	SAX_LV_ENDOCARDIAL	5	1.0	9
40.73768	-10.72148	-65.53321	SAX_LV_ENDOCARDIAL	5	1.0	9
38.56160	-12.93102	-65.01332	SAX_LV_ENDOCARDIAL	5	1.0	9
35.27167	-15.14056	-65.35186	SAX_LV_ENDOCARDIAL	5	1.0	9
32.51286	-16.24533	-66.37954	SAX_LV_ENDOCARDIAL	5	1.0	9
30.28517	-16.24533	-68.09639	SAX_LV_ENDOCARDIAL	5	1.0	9
28.05748	-16.24533	-69.81324	SAX_LV_ENDOCARDIAL	5	1.0	9
13.14959	-21.76919	-75.81010	RV_INSERT	5	1.0	9
15.54718	-5.19767	-90.43957	RV_INSERT	5	1.0	9
21.38058	-21.67351	-98.00778	SAX_RV_FREEWALL	6	1.0	9
24.67051	-19.46397	-97.66925	SAX_RV_FREEWALL	6	1.0	9
22.49442	-21.67351	-97.14936	SAX_RV_FREEWALL	6	1.0	9
16.97680	-23.88305	-99.20474	SAX_RV_EPICARDIAL	6	1.0	9
15.81136	-21.67351	-102.29990	SAX_RV_EPICARDIAL	6	1.0	9
15.75975	-19.46398	-104.53663	SAX_RV_EPICARDIAL	6	1.0	9
19.04968	-17.25444	-104.19810	SAX_RV_EPICARDIAL	6	1.0	9
17.98744	-19.46398	-102.81979	SAX_RV_EPICARDIAL	6	1.0	9
19.15289	-21.67351	-99.72463	SAX_RV_EPICARDIAL	6	1.0	9
21.38058	-21.67351	-98.00778	SAX_RV_EPICARDIAL	6	1.0	9
24.67051	-19.46397	-97.66925	SAX_RV_EPICARDIAL	6	1.0	9
25.73275	-17.25443	-99.04757	SAX_RV_EPICARDIAL	6	1.0	9
24.03618	-16.14967	-101.45357	SAX_RV_EPICARDIAL	6	1.0	9
22.33961	-15.04490	-103.85957	SAX_RV_EPICARDIAL	6	1.0	9
24.56730	-15.04490	-102.14272	SAX_RV_EPICARDIAL	6	1.0	9
26.26387	-16.14967	-99.73672	SAX_RV_EPICARDIAL	6	1.0	9
26.31547	-18.35920	-97.49999	SAX_RV_EPICARDIAL	6	1.0	9
26.36707	-20.56874	-95.26325	SAX_RV_EPICARDIAL	6	1.0	9
23.65987	-23.88304	-94.05420	SAX_RV_EPICARDIAL	6	1.0	9
21.43218	-23.88304	-95.77105	SAX_RV_EPICARDIAL	6	1.0	9
19.20449	-23.88305	-97.48789	SAX_RV_EPICARDIAL	6	1.0	9
26.89820	-19.46397	-95.95241	SAX_RV_SEPTUM	6	1.0	9
25.25323	-20.56874	-96.12167	SAX_RV_SEPTUM	6	1.0	9
30.44614	-28.30211	-84.43019	SAX_LV_EPICARDIAL	6	1.0	9
28.74957	-27.19734	-86.83620	SAX_LV_EPICARDIAL	6	1.0	9
27.58412	-24.98781	-89.93135	SAX_LV_EPICARDIAL	6	1.0	9
27.53252	-22.77827	-92.16809	SAX_LV_EPICARDIAL	6	1.0	9
31.83309	-16.14966	-95.44461	SAX_LV_EPICARDIAL	6	1.0	9
34.00918	-13.94012	-95.96450	SAX_LV_EPICARDIAL	6	1.0	9
36.18526	-11.73058	-96.48439	SAX_LV_EPICARDIAL	6	1.0	9
38.94407	-10.62581	-95.45670	SAX_LV_EPICARDIAL	6	1.0	9
41.70288	-9.52104	-94.42901	SAX_LV_EPICARDIAL	6	1.0	9
43.93057	-9.52104	-92.71217	SAX_LV_EPICARDIAL	6	1.0	9
45.62714	-10.62581	-90.30616	SAX_LV_EPICARDIAL	6	1.0	9
47.32371	-11.73057	-87.90016	SAX_LV_EPICARDIAL	6	1.0	9
48.48915	-13.94011	-84.80500	SAX_LV_EPICARDIAL	6	1.0	9
48.54075	-16.14964	-82.56827	SAX_LV_EPICARDIAL	6	1.0	9
47.47851	-18.35918	-81.18995	SAX_LV_EPICARDIAL	6	1.0	9
46.41627	-20.56872	-79.81164	SAX_LV_EPICARDIAL	6	1.0	9
44.24018	-22.77825	-79.29175	SAX_LV_EPICARDIAL	6	1.0	9
42.06410	-24.98779	-78.77186	SAX_LV_EPICARDIAL	6	1.0	9
38.77417	-27.19733	-79.11039	SAX_LV_EPICARDIAL	6	1.0	9
36.01536	-28.30210	-80.13808	SAX_LV_EPICARDIAL	6	1.0	9
33.78767	-28.30210	-81.85492	SAX_LV_EPICARDIAL	6	1.0	9
31.55998	-28.30211	-83.57177	SAX_LV_EPICARDIAL	6	1.0	9
34.74671	-21.67350	-87.70671	SAX_LV_ENDOCARDIAL	6	1.0	9
34.69510	-19.46396	-89.94345	SAX_LV_ENDOCARDIAL	6	1.0	9
35.75735	-17.25442	-91.32176	SAX_LV_ENDOCARDIAL	6	1.0	9
37.93343	-15.04489	-91.84165	SAX_LV_ENDOCARDIAL	6	1.0	9
40.16112	-15.04488	-90.12481	SAX_LV_ENDOCARDIAL	6	1.0	9
41.85769	-16.14965	-87.71880	SAX_LV_ENDOCARDIAL	6	1.0	9
40.79545	-18.35919	-86.34049	SAX_LV_ENDOCARDIAL	6	1.0	9
39.73320	-20.56872	-84.96218	SAX_LV_ENDOCARDIAL	6	1.0	9
36.97440	-21.67349	-85.98987	SAX_LV_ENDOCARDIAL	6	1.0	9
26.89820	-19.46397	-95.95241	RV_INSERT	6	1.0	9
24.67051	-19.46397	-97.66925	RV_INSERT	6	1.0	9
7.08264	21.70185	-29.76286	LAX_LV_ENDOCARDIAL	9	1.0	9
8.88543	19.53351	-31.15425	LAX_LV_ENDOCARDIAL	9	1.0	9
10.68822	17.36518	-32.54564	LAX_LV_ENDOCARDIAL	9	1.0	9
12.54606	15.23199	-35.34176	LAX_LV_ENDOCARDIAL	9	1.0	9
14.34885	13.06366	-36.73314	LAX_LV_ENDOCARDIAL	9	1.0	9
16.09659	10.86017	-36.71980	LAX_LV_ENDOCARDIAL	9	1.0	9
17.84434	8.65668	-36.70645	LAX_LV_ENDOCARDIAL	9	1.0	9
19.59209	6.45320	-36.69310	LAX_LV_ENDOCARDIAL	9	1.0	9
21.39488	4.28486	-38.08449	LAX_LV_ENDOCARDIAL	9	1.0	9
23.14262	2.08138	-38.07115	LAX_LV_ENDOCARDIAL	9	1.0	9
24.89037	-0.12211	-38.05780	LAX_LV_ENDOCARDIAL	9	1.0	9
26.69316	-2.29045	-39.44919	LAX_LV_ENDOCARDIAL	9	1.0	9
27.67712	-3.32189	-42.25198	LAX_LV_ENDOCARDIAL	9	1.0	9
28.66109	-4.35333	-45.05477	LAX_LV_ENDOCARDIAL	9	1.0	9
29.64505	-5.38477	-47.85756	LAX_LV_ENDOCARDIAL	9	1.0	9
31.50289	-7.51795	-50.65368	LAX_LV_ENDOCARDIAL	9	1.0	9
31.61297	-7.44764	-53.46315	LAX_LV_ENDOCARDIAL	9	1.0	9
33.47081	-9.58083	-56.25927	LAX_LV_ENDOCARDIAL	9	1.0	9
34.45477	-10.61227	-59.06206	LAX_LV_ENDOCARDIAL	9	1.0	9
35.43873	-11.64371	-61.86485	LAX_LV_ENDOCARDIAL	9	1.0	9
36.42270	-12.67515	-64.66765	LAX_LV_ENDOCARDIAL	9	1.0	9
36.53279	-12.60484	-67.47711	LAX_LV_ENDOCARDIAL	9	1.0	9
37.51675	-13.63628	-70.27990	LAX_LV_ENDOCARDIAL	9	1.0	9
38.50071	-14.66772	-73.08270	LAX_LV_ENDOCARDIAL	9	1.0	9
39.48467	-15.69916	-75.88549	LAX_LV_ENDOCARDIAL	9	1.0	9
39.59476	-15.62886	-78.69495	LAX_LV_ENDOCARDIAL	9	1.0	9
40.57873	-16.66030	-81.49775	LAX_LV_ENDOCARDIAL	9	1.0	9
40.68881	-16.58999	-84.30721	LAX_LV_ENDOCARDIAL	9	1.0	9
40.79890	-16.51969	-87.11668	LAX_LV_ENDOCARDIAL	9	1.0	9
40.90899	-16.44939	-89.92614	LAX_LV_ENDOCARDIAL	9	1.0	9
39.27134	-14.17560	-92.74895	LAX_LV_ENDOCARDIAL	9	1.0	9
37.46854	-12.00726	-91.35757	LAX_LV_ENDOCARDIAL	9	1.0	9
35.66575	-9.83893	-89.96618	LAX_LV_ENDOCARDIAL	9	1.0	9
33.86296	-7.67059	-88.57479	LAX_LV_ENDOCARDIAL	9	1.0	9
32.06017	-5.50226	-87.18341	LAX_LV_ENDOCARDIAL	9	1.0	9
30.25738	-3.33392	-85.79202	LAX_LV_ENDOCARDIAL	9	1.0	9
28.45459	-1.16559	-84.40063	LAX_LV_ENDOCARDIAL	9	1.0	9
26.65180	1.00275	-83.00924	LAX_LV_ENDOCARDIAL	9	1.0	9
24.84901	3.17108	-81.61786	LAX_LV_ENDOCARDIAL	9	1.0	9
23.04622	5.33942	-80.22647	LAX_LV_ENDOCARDIAL	9	1.0	9
21.24342	7.50775	-78.83508	LAX_LV_ENDOCARDIAL	9	1.0	9
19.44063	9.67609	-77.44370	LAX_LV_ENDOCARDIAL	9	1.0	9
17.63784	11.84442	-76.05231	LAX_LV_ENDOCARDIAL	9	1.0	9
15.83505	14.01276	-74.66092	LAX_LV_ENDOCARDIAL	9	1.0	9
14.08730	16.21625	-74.67427	LAX_LV_ENDOCARDIAL	9	1.0	9
12.28451	18.38458	-73.28288	LAX_LV_ENDOCARDIAL	9	1.0	9
10.48172	20.55292	-71.89150	LAX_LV_ENDOCARDIAL	9	1.0	9
8.67893	22.72125	-70.50011	LAX_LV_ENDOCARDIAL	9	1.0	9
6.87614	24.88959	-69.10872	LAX_LV_ENDOCARDIAL	9	1.0	9
5.07335	27.05792	-67.71734	LAX_LV_ENDOCARDIAL	9	1.0	9
3.27056	29.22626	-66.32595	LAX_LV_ENDOCARDIAL	9	1.0	9
1.46777	31.39459	-64.93456	LAX_LV_ENDOCARDIAL	9	1.0	9
-0.27998	33.59808	-64.94791	LAX_LV_ENDOCARDIAL	9	1.0	9
-2.08277	35.76641	-63.55652	LAX_LV_ENDOCARDIAL	9	1.0	9
15.60119	10.54380	-24.07720	LAX_LV_EPICARDIAL	9	1.0	9
17.40398	8.37547	-25.46859	LAX_LV_EPICARDIAL	9	1.0	9
19.15173	6.17198	-25.45524	LAX_LV_EPICARDIAL	9	1.0	9
20.89948	3.96850	-25.44190	LAX_LV_EPICARDIAL	9	1.0	9
22.70227	1.80016	-26.83328	LAX_LV_EPICARDIAL	9	1.0	9
24.45001	-0.40333	-26.81994	LAX_LV_EPICARDIAL	9	1.0	9
26.25281	-2.57166	-28.21133	LAX_LV_EPICARDIAL	9	1.0	9
28.05560	-4.74000	-29.60271	LAX_LV_EPICARDIAL	9	1.0	9
29.80334	-6.94348	-29.58937	LAX_LV_EPICARDIAL	9	1.0	9
31.66118	-9.07667	-32.38549	LAX_LV_EPICARDIAL	9	1.0	9
33.51901	-11.20985	-35.18161	LAX_LV_EPICARDIAL	9	1.0	9
34.50298	-12.24129	-37.98440	LAX_LV_EPICARDIAL	9	1.0	9
35.48694	-13.27273	-40.78719	LAX_LV_EPICARDIAL	9	1.0	9
37.34478	-15.40591	-43.58331	LAX_LV_EPICARDIAL	9	1.0	9
38.32874	-16.43735	-46.38610	LAX_LV_EPICARDIAL	9	1.0	9
39.31270	-17.46879	-49.18889	LAX_LV_EPICARDIAL	9	1.0	9
40.29666	-18.50023	-51.99169	LAX_LV_EPICARDIAL	9	1.0	9
40.40675	-18.42993	-54.80115	LAX_LV_EPICARDIAL	9	1.0	9
41.39071	-19.46137	-57.60395	LAX_LV_EPICARDIAL	9	1.0	9
42.37468	-20.49281	-60.40674	LAX_LV_EPICARDIAL	9	1.0	9
43.35864	-21.52425	-63.20953	LAX_LV_EPICARDIAL	9	1.0	9
43.46873	-21.45394	-66.01900	LAX_LV_EPICARDIAL	9	1.0	9
43.57882	-21.38364	-68.82846	LAX_LV_EPICARDIAL	9	1.0	9
44.56278	-22.41508	-71.63125	LAX_LV_EPICARDIAL	9	1.0	9
44.67287	-22.34477	-74.44072	LAX_LV_EPICARDIAL	9	1.0	9
44.78296	-22.27447	-77.25018	LAX_LV_EPICARDIAL	9	1.0	9
44.89305	-22.20417	-80.05965	LAX_LV_EPICARDIAL	9	1.0	9
45.00314	-22.13386	-82.86911	LAX_LV_EPICARDIAL	9	1.0	9
45.11323	-22.06356	-85.67858	LAX_LV_EPICARDIAL	9	1.0	9
45.22331	-21.99326	-88.48804	LAX_LV_EPICARDIAL	9	1.0	9
44.45953	-20.82121	-91.30418	LAX_LV_EPICARDIAL	9	1.0	9
44.56962	-20.75090	-94.11365	LAX_LV_EPICARDIAL	9	1.0	9
43.80584	-19.57886	-96.92979	LAX_LV_EPICARDIAL	9	1.0	9
42.11313	-17.34022	-98.34786	LAX_LV_EPICARDIAL	9	1.0	9
40.42043	-15.10158	-99.76594	LAX_LV_EPICARDIAL	9	1.0	9
38.67268	-12.89809	-99.77929	LAX_LV_EPICARDIAL	9	1.0	9
36.92494	-10.69461	-99.79264	LAX_LV_EPICARDIAL	9	1.0	9
35.12215	-8.52627	-98.40125	LAX_LV_EPICARDIAL	9	1.0	9
33.37440	-6.32278	-98.41459	LAX_LV_EPICARDIAL	9	1.0	9
31.57161	-4.15445	-97.02321	LAX_LV_EPICARDIAL	9	1.0	9
29.82386	-1.95096	-97.03655	LAX_LV_EPICARDIAL	9	1.0	9
28.02107	0.21737	-95.64517	LAX_LV_EPICARDIAL	9	1.0	9
26.27333	2.42086	-95.65851	LAX_LV_EPICARDIAL	9	1.0	9
24.47053	4.58919	-94.26712	LAX_LV_EPICARDIAL	9	1.0	9
22.66774	6.75753	-92.87574	LAX_LV_EPICARDIAL	9	1.0	9
20.92000	8.96102	-92.88908	LAX_LV_EPICARDIAL	9	1.0	9
19.11721	11.12935	-91.49770	LAX_LV_EPICARDIAL	9	1.0	9
17.36946	13.33284	-91.51104	LAX_LV_EPICARDIAL	9	1.0	9
15.56667	15.50117	-90.11966	LAX_LV_EPICARDIAL	9	1.0	9
13.76388	17.66951	-88.72827	LAX_LV_EPICARDIAL	9	1.0	9
12.01613	19.87300	-88.74161	LAX_LV_EPICARDIAL	9	1.0	9
10.21334	22.04133	-87.35023	LAX_LV_EPICARDIAL	9	1.0	9
8.41055	24.20967	-85.95884	LAX_LV_EPICARDIAL	9	1.0	9
6.60776	26.37800	-84.56745	LAX_LV_EPICARDIAL	9	1.0	9
4.80497	28.54634	-83.17607	LAX_LV_EPICARDIAL	9	1.0	9
3.00217	30.71467	-81.78468	LAX_LV_EPICARDIAL	9	1.0	9
1.19938	32.88301	-80.39329	LAX_LV_EPICARDIAL	9	1.0	9
-0.60341	35.05134	-79.00191	LAX_LV_EPICARDIAL	9	1.0	9
-2.46124	37.18452	-76.20579	LAX_LV_EPICARDIAL	9	1.0	9
-3.44521	38.21596	-73.40299	LAX_LV_EPICARDIAL	9	1.0	9
-4.42917	39.24740	-70.60020	LAX_LV_EPICARDIAL	9	1.0	9
-3.66538	38.07536	-67.78406	LAX_LV_EPICARDIAL	9	1.0	9
-2.90160	36.90331	-64.96793	LAX_LV_EPICARDIAL	9	1.0	9
-2.13782	35.73126	-62.15179	LAX_LV_EPICARDIAL	9	1.0	9
7.84642	20.52980	-26.94672	LAX_LV_EPICARDIAL	9	1.0	9
9.53912	18.29116	-25.52865	LAX_LV_EPICARDIAL	9	1.0	9
11.28687	16.08767	-25.51530	LAX_LV_EPICARDIAL	9	1.0	9
12.97957	13.84903	-24.09722	LAX_LV_EPICARDIAL	9	1.0	9
14.72732	11.64555	-24.08388	LAX_LV_EPICARDIAL	9	1.0	9
5.33489	23.90533	-29.77621	MITRAL_VALVE	9	1.0	9
-2.24791	35.66096	-59.34232	MITRAL_VALVE	9	1.0	9
-21.39739	-11.88041	-14.15594	LAX_RV_FREEWALL	8	1.0	1.0
-20.15133	-14.59731	-16.78009	LAX_RV_FREEWALL	8	1.0	1.0
-18.90528	-17.31421	-19.40423	LAX_RV_FREEWALL	8	1.0	1.0
-17.10140	-17.31421	-21.56204	LAX_RV_FREEWALL	8	1.0	1.0
-15.57643	-18.67266	-23.95302	LAX_RV_FREEWALL	8	1.0	1.0
-14.05146	-20.03111	-26.34400	LAX_RV_FREEWALL	8	1.0	1.0
-12.52649	-21.38956	-28.73498	LAX_RV_FREEWALL	8	1.0	1.0
-10.72261	-21.38956	-30.89280	LAX_RV_FREEWALL	8	1.0	1.0
-9.19764	-22.74801	-33.28378	LAX_RV_FREEWALL	8	1.0	1.0
-7.39376	-22.74801	-35.44160	LAX_RV_FREEWALL	8	1.0	1.0
-5.58988	-22.74802	-37.59941	LAX_RV_FREEWALL	8	1.0	1.0
-3.78600	-22.74802	-39.75723	LAX_RV_FREEWALL	8	1.0	1.0
-1.98212	-22.74802	-41.91505	LAX_RV_FREEWALL	8	1.0	1.0
-0.17824	-22.74802	-44.07287	LAX_RV_FREEWALL	8	1.0	1.0
1.62565	-22.74802	-46.23068	LAX_RV_FREEWALL	8	1.0	1.0
3.42953	-22.74802	-48.38850	LAX_RV_FREEWALL	8	1.0	1.0
5.23341	-22.74803	-50.54632	LAX_RV_FREEWALL	8	1.0	1.0
7.03729	-22.74803	-52.70414	LAX_RV_FREEWALL	8	1.0	1.0
8.84117	-22.74803	-54.86195	LAX_RV_FREEWALL	8	1.0	1.0
-8.83542	-7.80507	-27.48227	LAX_RV_FREEWALL	8	1.0	1.0
-10.63930	-7.80507	-25.32445	LAX_RV_FREEWALL	8	1.0	1.0
-12.44319	-7.80507	-23.16664	LAX_RV_FREEWALL	8	1.0	1.0
-14.24707	-7.80507	-21.00882	LAX_RV_FREEWALL	8	1.0	1.0
-16.05095	-7.80507	-18.85100	LAX_RV_FREEWALL	8	1.0	1.0
-17.85483	-7.80506	-16.69318	LAX_RV_FREEWALL	8	1.0	1.0
-19.93762	-9.16351	-14.76853	LAX_RV_FREEWALL	8	1.0	1.0
-24.66104	-14.59730	-11.38554	LAX_RV_EPICARDIAL	8	1.0	1.0
-23.41498	-17.31420	-14.00968	LAX_RV_EPICARDIAL	8	1.0	1.0
-22.16893	-20.03110	-16.63382	LAX_RV_EPICARDIAL	8	1.0	1.0
-20.64396	-21.38955	-19.02480	LAX_RV_EPICARDIAL	8	1.0	1.0
-18.84008	-21.38955	-21.18262	LAX_RV_EPICARDIAL	8	1.0	1.0
-17.31511	-22.74800	-23.57360	LAX_RV_EPICARDIAL	8	1.0	1.0
-15.79014	-24.10646	-25.96458	LAX_RV_EPICARDIAL	8	1.0	1.0
-14.26517	-25.46491	-28.35556	LAX_RV_EPICARDIAL	8	1.0	1.0
-12.74020	-26.82336	-30.74654	LAX_RV_EPICARDIAL	8	1.0	1.0
-10.93632	-26.82336	-32.90436	LAX_RV_EPICARDIAL	8	1.0	1.0
-9.13244	-26.82336	-35.06217	LAX_RV_EPICARDIAL	8	1.0	1.0
-7.32856	-26.82336	-37.21999	LAX_RV_EPICARDIAL	8	1.0	1.0
-5.52468	-26.82336	-39.37781	LAX_RV_EPICARDIAL	8	1.0	1.0
-3.72080	-26.82336	-41.53563	LAX_RV_EPICARDIAL	8	1.0	1.0
-1.91691	-26.82337	-43.69344	LAX_RV_EPICARDIAL	8	1.0	1.0
0.16588	-25.46492	-45.61810	LAX_RV_EPICARDIAL	8	1.0	1.0
1.96976	-25.46492	-47.77592	LAX_RV_EPICARDIAL	8	1.0	1.0
3.77364	-25.46492	-49.93373	LAX_RV_EPICARDIAL	8	1.0	1.0
5.57752	-25.46492	-52.09155	LAX_RV_EPICARDIAL	8	1.0	1.0
7.38140	-25.46493	-54.24937	LAX_RV_EPICARDIAL	8	1.0	1.0
9.18529	-25.46493	-56.40719	LAX_RV_EPICARDIAL	8	1.0	1.0
-6.75263	-6.44663	-29.40693	LAX_RV_EPICARDIAL	8	1.0	1.0
-9.80257	-3.72973	-24.62497	LAX_RV_EPICARDIAL	8	1.0	1.0
-11.60645	-3.72972	-22.46715	LAX_RV_EPICARDIAL	8	1.0	1.0
-13.41033	-3.72972	-20.30933	LAX_RV_EPICARDIAL	8	1.0	1.0
-15.49312	-5.08817	-18.38468	LAX_RV_EPICARDIAL	8	1.0	1.0
-17.29700	-5.08817	-16.22686	LAX_RV_EPICARDIAL	8	1.0	1.0
-19.37980	-6.44661	-14.30221	LAX_RV_EPICARDIAL	8	1.0	1.0
-21.74150	-9.16351	-12.61071	LAX_RV_EPICARDIAL	8	1.0	1.0
-23.20127	-11.88041	-11.99813	LAX_RV_EPICARDIAL	8	1.0	1.0
10.02202	-21.38958	-55.70770	LAX_RV_SEPTUM	8	1.0	1.0
8.49706	-20.03113	-53.31672	LAX_RV_SEPTUM	8	1.0	1.0
6.97209	-18.67268	-50.92574	LAX_RV_SEPTUM	8	1.0	1.0
5.44712	-17.31423	-48.53476	LAX_RV_SEPTUM	8	1.0	1.0
3.64324	-17.31423	-46.37694	LAX_RV_SEPTUM	8	1.0	1.0
2.39718	-14.59733	-43.75280	LAX_RV_SEPTUM	8	1.0	1.0
0.87221	-13.23888	-41.36182	LAX_RV_SEPTUM	8	1.0	1.0
-0.65276	-11.88043	-38.97085	LAX_RV_SEPTUM	8	1.0	1.0
-2.17772	-10.52198	-36.57987	LAX_RV_SEPTUM	8	1.0	1.0
-3.70269	-9.16353	-34.18889	LAX_RV_SEPTUM	8	1.0	1.0
-5.22766	-7.80508	-31.79791	LAX_RV_SEPTUM	8	1.0	1.0
-7.03154	-7.80508	-29.64009	LAX_RV_SEPTUM	8	1.0	1.0
-7.09674	-3.72973	-27.86170	LAX_LV_EPICARDIAL	8	1.0	1.0
12.44893	-22.74803	-59.17759	LAX_LV_EPICARDIAL	8	1.0	1.0
13.97390	-24.10648	-61.56857	LAX_LV_EPICARDIAL	8	1.0	1.0
15.77778	-24.10649	-63.72639	LAX_LV_EPICARDIAL	8	1.0	1.0
17.58166	-24.10649	-65.88420	LAX_LV_EPICARDIAL	8	1.0	1.0
19.10663	-25.46494	-68.27518	LAX_LV_EPICARDIAL	8	1.0	1.0
20.91051	-25.46494	-70.43300	LAX_LV_EPICARDIAL	8	1.0	1.0
22.43548	-26.82339	-72.82398	LAX_LV_EPICARDIAL	8	1.0	1.0
24.23936	-26.82339	-74.98180	LAX_LV_EPICARDIAL	8	1.0	1.0
26.04324	-26.82339	-77.13961	LAX_LV_EPICARDIAL	8	1.0	1.0
27.84713	-26.82340	-79.29743	LAX_LV_EPICARDIAL	8	1.0	1.0
29.65101	-26.82340	-81.45525	LAX_LV_EPICARDIAL	8	1.0	1.0
31.45489	-26.82340	-83.61307	LAX_LV_EPICARDIAL	8	1.0	1.0
33.25877	-26.82340	-85.77088	LAX_LV_EPICARDIAL	8	1.0	1.0
35.34156	-25.46495	-87.69554	LAX_LV_EPICARDIAL	8	1.0	1.0
37.14544	-25.46496	-89.85336	LAX_LV_EPICARDIAL	8	1.0	1.0
39.50715	-22.74806	-91.54485	LAX_LV_EPICARDIAL	8	1.0	1.0
41.58995	-21.38961	-93.46951	LAX_LV_EPICARDIAL	8	1.0	1.0
43.04971	-18.67272	-94.08209	LAX_LV_EPICARDIAL	8	1.0	1.0
44.50948	-15.95582	-94.69468	LAX_LV_EPICARDIAL	8	1.0	1.0
45.06730	-13.23892	-94.22835	LAX_LV_EPICARDIAL	8	1.0	1.0
45.62513	-10.52202	-93.76203	LAX_LV_EPICARDIAL	8	1.0	1.0
46.18296	-7.80513	-93.29571	LAX_LV_EPICARDIAL	8	1.0	1.0
45.83884	-5.08823	-91.75047	LAX_LV_EPICARDIAL	8	1.0	1.0
45.49473	-2.37133	-90.20524	LAX_LV_EPICARDIAL	8	1.0	1.0
45.15061	0.34557	-88.66001	LAX_LV_EPICARDIAL	8	1.0	1.0
44.80650	3.06247	-87.11478	LAX_LV_EPICARDIAL	8	1.0	1.0
44.46238	5.77937	-85.56954	LAX_LV_EPICARDIAL	8	1.0	1.0
44.11827	8.49626	-84.02431	LAX_LV_EPICARDIAL	8	1.0	1.0
43.77415	11.21316	-82.47908	LAX_LV_EPICARDIAL	8	1.0	1.0
43.43004	13.93006	-80.93385	LAX_LV_EPICARDIAL	8	1.0	1.0
43.08592	16.64696	-79.38861	LAX_LV_EPICARDIAL	8	1.0	1.0
42.74181	19.36386	-77.84338	LAX_LV_EPICARDIAL	8	1.0	1.0
41.49575	22.08076	-75.21924	LAX_LV_EPICARDIAL	8	1.0	1.0
41.15163	24.79765	-73.67401	LAX_LV_EPICARDIAL	8	1.0	1.0
40.80752	27.51455	-72.12877	LAX_LV_EPICARDIAL	8	1.0	1.0
40.46340	30.23145	-70.58354	LAX_LV_EPICARDIAL	8	1.0	1.0
39.21735	32.94835	-67.95940	LAX_LV_EPICARDIAL	8	1.0	1.0
37.97129	35.66525	-65.33526	LAX_LV_EPICARDIAL	8	1.0	1.0
36.72524	38.38215	-62.71112	LAX_LV_EPICARDIAL	8	1.0	1.0
35.47918	41.09905	-60.08698	LAX_LV_EPICARDIAL	8	1.0	1.0
33.95421	42.45750	-57.69600	LAX_LV_EPICARDIAL	8	1.0	1.0
32.42925	43.81595	-55.30502	LAX_LV_EPICARDIAL	8	1.0	1.0
30.90428	45.17440	-52.91404	LAX_LV_EPICARDIAL	8	1.0	1.0
29.37931	46.53285	-50.52306	LAX_LV_EPICARDIAL	8	1.0	1.0
27.57543	46.53285	-48.36524	LAX_LV_EPICARDIAL	8	1.0	1.0
26.05046	47.89130	-45.97426	LAX_LV_EPICARDIAL	8	1.0	1.0
23.96766	46.53286	-44.04961	LAX_LV_EPICARDIAL	8	1.0	1.0
22.16378	46.53286	-41.89179	LAX_LV_EPICARDIAL	8	1.0	1.0
0.90842	22.08080	-26.66835	LAX_LV_EPICARDIAL	8	1.0	1.0
-0.89546	22.08080	-24.51053	LAX_LV_EPICARDIAL	8	1.0	1.0
-2.97825	20.72235	-22.58587	LAX_LV_EPICARDIAL	8	1.0	1.0
-5.07915	1.70407	-28.00796	LAX_LV_ENDOCARDIAL	8	1.0	1.0
-2.71745	4.42096	-29.69945	LAX_LV_ENDOCARDIAL	8	1.0	1.0
-0.63465	5.77941	-31.62411	LAX_LV_ENDOCARDIAL	8	1.0	1.0
1.44814	7.13786	-33.54876	LAX_LV_ENDOCARDIAL	8	1.0	1.0
3.25202	7.13785	-35.70658	LAX_LV_ENDOCARDIAL	8	1.0	1.0
5.05591	7.13785	-37.86440	LAX_LV_ENDOCARDIAL	8	1.0	1.0
6.58087	5.77940	-40.25538	LAX_LV_ENDOCARDIAL	8	1.0	1.0
8.10584	4.42095	-42.64635	LAX_LV_ENDOCARDIAL	8	1.0	1.0
9.35190	1.70405	-45.27050	LAX_LV_ENDOCARDIAL	8	1.0	1.0
9.69601	-1.01285	-46.81573	LAX_LV_ENDOCARDIAL	8	1.0	1.0
11.22098	-2.37130	-49.20671	LAX_LV_ENDOCARDIAL	8	1.0	1.0
12.46704	-5.08820	-51.83085	LAX_LV_ENDOCARDIAL	8	1.0	1.0
13.99201	-6.44665	-54.22183	LAX_LV_ENDOCARDIAL	8	1.0	1.0
15.51697	-7.80510	-56.61281	LAX_LV_ENDOCARDIAL	8	1.0	1.0
17.04194	-9.16355	-59.00379	LAX_LV_ENDOCARDIAL	8	1.0	1.0
18.56691	-10.52200	-61.39477	LAX_LV_ENDOCARDIAL	8	1.0	1.0
20.09188	-11.88045	-63.78575	LAX_LV_ENDOCARDIAL	8	1.0	1.0
21.89576	-11.88045	-65.94356	LAX_LV_ENDOCARDIAL	8	1.0	1.0
23.42073	-13.23890	-68.33454	LAX_LV_ENDOCARDIAL	8	1.0	1.0
24.94570	-14.59735	-70.72552	LAX_LV_ENDOCARDIAL	8	1.0	1.0
26.74958	-14.59735	-72.88334	LAX_LV_ENDOCARDIAL	8	1.0	1.0
28.27455	-15.95580	-75.27432	LAX_LV_ENDOCARDIAL	8	1.0	1.0
30.07843	-15.95581	-77.43214	LAX_LV_ENDOCARDIAL	8	1.0	1.0
31.60340	-17.31426	-79.82312	LAX_LV_ENDOCARDIAL	8	1.0	1.0
33.40728	-17.31426	-81.98093	LAX_LV_ENDOCARDIAL	8	1.0	1.0
35.49007	-15.95581	-83.90559	LAX_LV_ENDOCARDIAL	8	1.0	1.0
37.01504	-17.31426	-86.29657	LAX_LV_ENDOCARDIAL	8	1.0	1.0
38.81892	-17.31426	-88.45439	LAX_LV_ENDOCARDIAL	8	1.0	1.0
41.18063	-14.59737	-90.14588	LAX_LV_ENDOCARDIAL	8	1.0	1.0
39.93457	-11.88047	-87.52174	LAX_LV_ENDOCARDIAL	8	1.0	1.0
38.68852	-9.16357	-84.89760	LAX_LV_ENDOCARDIAL	8	1.0	1.0
37.44246	-6.44667	-82.27346	LAX_LV_ENDOCARDIAL	8	1.0	1.0
36.19641	-3.72977	-79.64932	LAX_LV_ENDOCARDIAL	8	1.0	1.0
35.85229	-1.01287	-78.10408	LAX_LV_ENDOCARDIAL	8	1.0	1.0
34.60624	1.70403	-75.47994	LAX_LV_ENDOCARDIAL	8	1.0	1.0
33.36018	4.42093	-72.85580	LAX_LV_ENDOCARDIAL	8	1.0	1.0
33.01606	7.13783	-71.31057	LAX_LV_ENDOCARDIAL	8	1.0	1.0
31.77001	9.85472	-68.68643	LAX_LV_ENDOCARDIAL	8	1.0	1.0
30.52395	12.57162	-66.06229	LAX_LV_ENDOCARDIAL	8	1.0	1.0
30.17984	15.28852	-64.51705	LAX_LV_ENDOCARDIAL	8	1.0	1.0
29.83572	18.00542	-62.97182	LAX_LV_ENDOCARDIAL	8	1.0	1.0
30.39355	20.72232	-62.50550	LAX_LV_ENDOCARDIAL	8	1.0	1.0
30.04943	23.43922	-60.96026	LAX_LV_ENDOCARDIAL	8	1.0	1.0
28.80338	26.15612	-58.33612	LAX_LV_ENDOCARDIAL	8	1.0	1.0
27.27841	27.51457	-55.94514	LAX_LV_ENDOCARDIAL	8	1.0	1.0
26.03235	30.23147	-53.32100	LAX_LV_ENDOCARDIAL	8	1.0	1.0
24.78630	32.94836	-50.69686	LAX_LV_ENDOCARDIAL	8	1.0	1.0
23.26133	34.30682	-48.30588	LAX_LV_ENDOCARDIAL	8	1.0	1.0
21.45745	34.30682	-46.14806	LAX_LV_ENDOCARDIAL	8	1.0	1.0
20.21139	37.02372	-43.52392	LAX_LV_ENDOCARDIAL	8	1.0	1.0
1.81036	22.08079	-27.74725	LAX_LV_ENDOCARDIAL	8	1.0	1.0
0.00648	22.08080	-25.58944	LAX_LV_ENDOCARDIAL	8	1.0	1.0
-2.07631	20.72235	-23.66478	LAX_LV_ENDOCARDIAL	8	1.0	1.0
-24.66104	-14.59730	-11.38554	LAX_RV_EPICARDIAL	8	1.0	1.0
-23.41498	-17.31420	-14.00968	LAX_RV_EPICARDIAL	8	1.0	1.0
-22.16893	-20.03110	-16.63382	LAX_RV_EPICARDIAL	8	1.0	1.0
-20.64396	-21.38955	-19.02480	LAX_RV_EPICARDIAL	8	1.0	1.0
-18.84008	-21.38955	-21.18262	LAX_RV_EPICARDIAL	8	1.0	1.0
-17.31511	-22.74800	-23.57360	LAX_RV_EPICARDIAL	8	1.0	1.0
-15.79014	-24.10646	-25.96458	LAX_RV_EPICARDIAL	8	1.0	1.0
-14.26517	-25.46491	-28.35556	LAX_RV_EPICARDIAL	8	1.0	1.0
-12.74020	-26.82336	-30.74654	LAX_RV_EPICARDIAL	8	1.0	1.0
-10.93632	-26.82336	-32.90436	LAX_RV_EPICARDIAL	8	1.0	1.0
-9.13244	-26.82336	-35.06217	LAX_RV_EPICARDIAL	8	1.0	1.0
-7.32856	-26.82336	-37.21999	LAX_RV_EPICARDIAL	8	1.0	1.0
-5.52468	-26.82336	-39.37781	LAX_RV_EPICARDIAL	8	1.0	1.0
-3.72080	-26.82336	-41.53563	LAX_RV_EPICARDIAL	8	1.0	1.0
-1.91691	-26.82337	-43.69344	LAX_RV_EPICARDIAL	8	1.0	1.0
0.16588	-25.46492	-45.61810	LAX_RV_EPICARDIAL	8	1.0	1.0
1.96976	-25.46492	-47.77592	LAX_RV_EPICARDIAL	8	1.0	1.0
3.77364	-25.46492	-49.93373	LAX_RV_EPICARDIAL	8	1.0	1.0
5.57752	-25.46492	-52.09155	LAX_RV_EPICARDIAL	8	1.0	1.0
7.38140	-25.46493	-54.24937	LAX_RV_EPICARDIAL	8	1.0	1.0
9.18529	-25.46493	-56.40719	LAX_RV_EPICARDIAL	8	1.0	1.0
-6.75263	-6.44663	-29.40693	LAX_RV_EPICARDIAL	8	1.0	1.0
-9.80257	-3.72973	-24.62497	LAX_RV_EPICARDIAL	8	1.0	1.0
-11.60645	-3.72972	-22.46715	LAX_RV_EPICARDIAL	8	1.0	1.0
-13.41033	-3.72972	-20.30933	LAX_RV_EPICARDIAL	8	1.0	1.0
-15.49312	-5.08817	-18.38468	LAX_RV_EPICARDIAL	8	1.0	1.0
-17.29700	-5.08817	-16.22686	LAX_RV_EPICARDIAL	8	1.0	1.0
-19.37980	-6.44661	-14.30221	LAX_RV_EPICARDIAL	8	1.0	1.0
-21.74150	-9.16351	-12.61071	LAX_RV_EPICARDIAL	8	1.0	1.0
-23.20127	-11.88041	-11.99813	LAX_RV_EPICARDIAL	8	1.0	1.0
3.27013	24.79769	-28.35984	MITRAL_VALVE	8	1.0	1.0
18.06340	39.74062	-39.82087	MITRAL_VALVE	8	1.0	1.0
-4.78214	20.72235	-20.42806	AORTA_VALVE	8	1.0	1.0
-7.78497	1.70407	-24.77123	AORTA_VALVE	8	1.0	1.0
-44.23236	-0.11430	-77.74328	LAX_RV_FREEWALL	7	1.0	9
-45.41063	-1.71559	-80.17951	LAX_RV_FREEWALL	7	1.0	9
-45.18911	-3.31688	-82.48102	LAX_RV_FREEWALL	7	1.0	9
-43.56782	-4.91817	-84.64781	LAX_RV_FREEWALL	7	1.0	9
-40.65750	-5.71882	-85.52912	LAX_RV_FREEWALL	7	1.0	9
-37.63643	-7.32011	-87.56118	LAX_RV_FREEWALL	7	1.0	9
-34.61535	-8.92140	-89.59324	LAX_RV_FREEWALL	7	1.0	9
-31.70503	-9.72205	-90.47455	LAX_RV_FREEWALL	7	1.0	9
-28.68395	-11.32334	-92.50661	LAX_RV_FREEWALL	7	1.0	9
-25.77364	-12.12398	-93.38791	LAX_RV_FREEWALL	7	1.0	9
-22.86332	-12.92463	-94.26922	LAX_RV_FREEWALL	7	1.0	9
-19.95300	-13.72528	-95.15053	LAX_RV_FREEWALL	7	1.0	9
-17.04268	-14.52592	-96.03183	LAX_RV_FREEWALL	7	1.0	9
-14.13236	-15.32657	-96.91314	LAX_RV_FREEWALL	7	1.0	9
-11.22204	-16.12722	-97.79444	LAX_RV_FREEWALL	7	1.0	9
-8.31172	-16.92786	-98.67575	LAX_RV_FREEWALL	7	1.0	9
-5.40140	-17.72851	-99.55706	LAX_RV_FREEWALL	7	1.0	9
-2.49108	-18.52916	-100.43836	LAX_RV_FREEWALL	7	1.0	9
0.30848	-18.52916	-100.16891	LAX_RV_FREEWALL	7	1.0	9
3.10804	-18.52916	-99.89946	LAX_RV_FREEWALL	7	1.0	9
6.01836	-19.32980	-100.78077	LAX_RV_FREEWALL	7	1.0	9
8.81792	-19.32980	-100.51132	LAX_RV_FREEWALL	7	1.0	9
11.61749	-19.32981	-100.24187	LAX_RV_FREEWALL	7	1.0	9
14.52780	-20.13045	-101.12318	LAX_RV_FREEWALL	7	1.0	9
17.32737	-20.13045	-100.85373	LAX_RV_FREEWALL	7	1.0	9
20.23769	-20.93110	-101.73504	LAX_RV_FREEWALL	7	1.0	9
22.92649	-20.13045	-100.31483	LAX_RV_FREEWALL	7	1.0	9
-43.05409	1.48700	-75.30704	LAX_RV_EPICARDIAL	7	1.0	9
-45.85365	1.48700	-75.57649	LAX_RV_EPICARDIAL	7	1.0	9
-47.03192	-0.11429	-78.01273	LAX_RV_EPICARDIAL	7	1.0	9
-48.21019	-1.71559	-80.44896	LAX_RV_EPICARDIAL	7	1.0	9
-49.38846	-3.31688	-82.88520	LAX_RV_EPICARDIAL	7	1.0	9
-47.76716	-4.91817	-85.05198	LAX_RV_EPICARDIAL	7	1.0	9
-46.25663	-5.71881	-86.06802	LAX_RV_EPICARDIAL	7	1.0	9
-43.34631	-6.51946	-86.94932	LAX_RV_EPICARDIAL	7	1.0	9
-40.32523	-8.12075	-88.98138	LAX_RV_EPICARDIAL	7	1.0	9
-38.70394	-9.72204	-91.14817	LAX_RV_EPICARDIAL	7	1.0	9
-35.79362	-10.52269	-92.02948	LAX_RV_EPICARDIAL	7	1.0	9
-32.77254	-12.12398	-94.06154	LAX_RV_EPICARDIAL	7	1.0	9
-29.86222	-12.92463	-94.94284	LAX_RV_EPICARDIAL	7	1.0	9
-26.95190	-13.72528	-95.82415	LAX_RV_EPICARDIAL	7	1.0	9
-24.04159	-14.52592	-96.70546	LAX_RV_EPICARDIAL	7	1.0	9
-21.02051	-16.12721	-98.73752	LAX_RV_EPICARDIAL	7	1.0	9
-18.11019	-16.92786	-99.61882	LAX_RV_EPICARDIAL	7	1.0	9
-15.19987	-17.72851	-100.50013	LAX_RV_EPICARDIAL	7	1.0	9
-12.28955	-18.52915	-101.38144	LAX_RV_EPICARDIAL	7	1.0	9
-9.37923	-19.32980	-102.26274	LAX_RV_EPICARDIAL	7	1.0	9
-6.57967	-19.32980	-101.99329	LAX_RV_EPICARDIAL	7	1.0	9
-3.66935	-20.13045	-102.87460	LAX_RV_EPICARDIAL	7	1.0	9
-0.75903	-20.93109	-103.75591	LAX_RV_EPICARDIAL	7	1.0	9
2.04053	-20.93109	-103.48646	LAX_RV_EPICARDIAL	7	1.0	9
4.84009	-20.93109	-103.21701	LAX_RV_EPICARDIAL	7	1.0	9
7.75041	-21.73174	-104.09831	LAX_RV_EPICARDIAL	7	1.0	9
10.54997	-21.73174	-103.82886	LAX_RV_EPICARDIAL	7	1.0	9
13.34954	-21.73174	-103.55941	LAX_RV_EPICARDIAL	7	1.0	9
16.14910	-21.73174	-103.28996	LAX_RV_EPICARDIAL	7	1.0	9
19.05942	-22.53239	-104.17127	LAX_RV_EPICARDIAL	7	1.0	9
21.85898	-22.53239	-103.90182	LAX_RV_EPICARDIAL	7	1.0	9
24.54779	-21.73175	-102.48162	LAX_RV_EPICARDIAL	7	1.0	9
27.12584	-20.13046	-99.91066	LAX_RV_EPICARDIAL	7	1.0	9
25.50454	-18.52916	-97.74387	LAX_RV_EPICARDIAL	7	1.0	9
25.50454	-18.52916	-97.74387	LAX_RV_SEPTUM	7	1.0	9
22.59422	-17.72852	-96.86256	LAX_RV_SEPTUM	7	1.0	9
19.57315	-16.12723	-94.83050	LAX_RV_SEPTUM	7	1.0	9
16.66283	-15.32658	-93.94920	LAX_RV_SEPTUM	7	1.0	9
13.64175	-13.72529	-91.91713	LAX_RV_SEPTUM	7	1.0	9
10.73143	-12.92464	-91.03583	LAX_RV_SEPTUM	7	1.0	9
7.71036	-11.32335	-89.00377	LAX_RV_SEPTUM	7	1.0	9
4.68928	-9.72206	-86.97171	LAX_RV_SEPTUM	7	1.0	9
1.66821	-8.12076	-84.93964	LAX_RV_SEPTUM	7	1.0	9
0.04691	-6.51947	-82.77286	LAX_RV_SEPTUM	7	1.0	9
-2.97416	-4.91818	-80.74080	LAX_RV_SEPTUM	7	1.0	9
-4.59546	-3.31689	-78.57401	LAX_RV_SEPTUM	7	1.0	9
-6.21675	-1.71560	-76.40722	LAX_RV_SEPTUM	7	1.0	9
-7.83805	-0.11431	-74.24044	LAX_RV_SEPTUM	7	1.0	9
-9.45934	1.48699	-72.07365	LAX_RV_SEPTUM	7	1.0	9
-11.08064	3.08828	-69.90686	LAX_RV_SEPTUM	7	1.0	9
-12.70193	4.68957	-67.74008	LAX_RV_SEPTUM	7	1.0	9
-15.72300	6.29086	-65.70802	LAX_RV_SEPTUM	7	1.0	9
-17.34430	7.89215	-63.54123	LAX_RV_SEPTUM	7	1.0	9
-17.56581	9.49344	-61.23972	LAX_RV_SEPTUM	7	1.0	9
-19.18711	11.09474	-59.07293	LAX_RV_SEPTUM	7	1.0	9
-20.80840	12.69603	-56.90615	LAX_RV_SEPTUM	7	1.0	9
-20.29467	19.10119	-47.56538	LAX_LV_EPICARDIAL	7	1.0	9
-20.07316	17.49990	-49.86689	LAX_LV_EPICARDIAL	7	1.0	9
-19.85165	15.89861	-52.16840	LAX_LV_EPICARDIAL	7	1.0	9
-19.63013	14.29732	-54.46991	LAX_LV_EPICARDIAL	7	1.0	9
29.70389	-18.52916	-97.33970	LAX_LV_EPICARDIAL	7	1.0	9
32.50345	-18.52917	-97.07025	LAX_LV_EPICARDIAL	7	1.0	9
35.30301	-18.52917	-96.80080	LAX_LV_EPICARDIAL	7	1.0	9
38.10257	-18.52917	-96.53135	LAX_LV_EPICARDIAL	7	1.0	9
40.90214	-18.52917	-96.26190	LAX_LV_EPICARDIAL	7	1.0	9
43.59094	-17.72852	-94.84169	LAX_LV_EPICARDIAL	7	1.0	9
46.16899	-16.12723	-92.27073	LAX_LV_EPICARDIAL	7	1.0	9
47.34726	-14.52594	-89.83450	LAX_LV_EPICARDIAL	7	1.0	9
48.52553	-12.92465	-87.39826	LAX_LV_EPICARDIAL	7	1.0	9
49.70380	-11.32336	-84.96203	LAX_LV_EPICARDIAL	7	1.0	9
49.48228	-9.72207	-82.66052	LAX_LV_EPICARDIAL	7	1.0	9
50.66055	-8.12078	-80.22428	LAX_LV_EPICARDIAL	7	1.0	9
50.43904	-6.51949	-77.92277	LAX_LV_EPICARDIAL	7	1.0	9
51.61731	-4.91820	-75.48653	LAX_LV_EPICARDIAL	7	1.0	9
51.39579	-3.31690	-73.18502	LAX_LV_EPICARDIAL	7	1.0	9
52.57406	-1.71561	-70.74879	LAX_LV_EPICARDIAL	7	1.0	9
52.35255	-0.11432	-68.44728	LAX_LV_EPICARDIAL	7	1.0	9
52.13103	1.48697	-66.14577	LAX_LV_EPICARDIAL	7	1.0	9
53.30930	3.08826	-63.70953	LAX_LV_EPICARDIAL	7	1.0	9
53.08779	4.68955	-61.40802	LAX_LV_EPICARDIAL	7	1.0	9
51.46650	6.29084	-59.24123	LAX_LV_EPICARDIAL	7	1.0	9
51.24498	7.89213	-56.93972	LAX_LV_EPICARDIAL	7	1.0	9
51.02347	9.49342	-54.63821	LAX_LV_EPICARDIAL	7	1.0	9
49.40217	11.09472	-52.47142	LAX_LV_EPICARDIAL	7	1.0	9
49.18066	12.69601	-50.16991	LAX_LV_EPICARDIAL	7	1.0	9
47.55937	14.29730	-48.00313	LAX_LV_EPICARDIAL	7	1.0	9
45.93807	15.89859	-45.83634	LAX_LV_EPICARDIAL	7	1.0	9
45.71656	17.49988	-43.53483	LAX_LV_EPICARDIAL	7	1.0	9
44.09527	19.10117	-41.36804	LAX_LV_EPICARDIAL	7	1.0	9
42.47397	20.70247	-39.20126	LAX_LV_EPICARDIAL	7	1.0	9
40.85268	22.30376	-37.03447	LAX_LV_EPICARDIAL	7	1.0	9
39.23138	23.90505	-34.86769	LAX_LV_EPICARDIAL	7	1.0	9
37.61009	25.50634	-32.70090	LAX_LV_EPICARDIAL	7	1.0	9
34.58901	27.10763	-30.66884	LAX_LV_EPICARDIAL	7	1.0	9
31.56794	28.70892	-28.63678	LAX_LV_EPICARDIAL	7	1.0	9
28.65762	29.50957	-27.75547	LAX_LV_EPICARDIAL	7	1.0	9
25.74730	30.31022	-26.87416	LAX_LV_EPICARDIAL	7	1.0	9
22.94774	30.31022	-27.14361	LAX_LV_EPICARDIAL	7	1.0	9
-17.60587	19.90184	-46.14517	LAX_LV_ENDOCARDIAL	7	1.0	9
-17.38435	18.30055	-48.44668	LAX_LV_ENDOCARDIAL	7	1.0	9
-15.76306	16.69925	-50.61347	LAX_LV_ENDOCARDIAL	7	1.0	9
-12.74198	15.09796	-52.64553	LAX_LV_ENDOCARDIAL	7	1.0	9
-11.12069	13.49667	-54.81232	LAX_LV_ENDOCARDIAL	7	1.0	9
-8.09961	11.89538	-56.84438	LAX_LV_ENDOCARDIAL	7	1.0	9
-6.47832	10.29409	-59.01117	LAX_LV_ENDOCARDIAL	7	1.0	9
-3.45724	8.69279	-61.04323	LAX_LV_ENDOCARDIAL	7	1.0	9
-0.43617	7.09150	-63.07529	LAX_LV_ENDOCARDIAL	7	1.0	9
1.18513	5.49021	-65.24208	LAX_LV_ENDOCARDIAL	7	1.0	9
4.20620	3.88892	-67.27414	LAX_LV_ENDOCARDIAL	7	1.0	9
5.82750	2.28763	-69.44092	LAX_LV_ENDOCARDIAL	7	1.0	9
8.84857	0.68634	-71.47299	LAX_LV_ENDOCARDIAL	7	1.0	9
10.46987	-0.91496	-73.63977	LAX_LV_ENDOCARDIAL	7	1.0	9
12.09116	-2.51625	-75.80656	LAX_LV_ENDOCARDIAL	7	1.0	9
15.11224	-4.11754	-77.83862	LAX_LV_ENDOCARDIAL	7	1.0	9
18.13331	-5.71883	-79.87068	LAX_LV_ENDOCARDIAL	7	1.0	9
21.15439	-7.32012	-81.90274	LAX_LV_ENDOCARDIAL	7	1.0	9
24.17546	-8.92142	-83.93480	LAX_LV_ENDOCARDIAL	7	1.0	9
25.79676	-10.52271	-86.10159	LAX_LV_ENDOCARDIAL	7	1.0	9
28.70708	-11.32335	-86.98290	LAX_LV_ENDOCARDIAL	7	1.0	9
31.72815	-12.92465	-89.01496	LAX_LV_ENDOCARDIAL	7	1.0	9
34.63847	-13.72529	-89.89626	LAX_LV_ENDOCARDIAL	7	1.0	9
37.54879	-14.52594	-90.77757	LAX_LV_ENDOCARDIAL	7	1.0	9
40.23760	-13.72529	-89.35737	LAX_LV_ENDOCARDIAL	7	1.0	9
40.01608	-12.12400	-87.05586	LAX_LV_ENDOCARDIAL	7	1.0	9
39.79457	-10.52271	-84.75434	LAX_LV_ENDOCARDIAL	7	1.0	9
40.97284	-8.92142	-82.31811	LAX_LV_ENDOCARDIAL	7	1.0	9
40.75132	-7.32013	-80.01660	LAX_LV_ENDOCARDIAL	7	1.0	9
40.52981	-5.71884	-77.71509	LAX_LV_ENDOCARDIAL	7	1.0	9
41.70808	-4.11755	-75.27885	LAX_LV_ENDOCARDIAL	7	1.0	9
41.48657	-2.51626	-72.97734	LAX_LV_ENDOCARDIAL	7	1.0	9
41.26505	-0.91496	-70.67583	LAX_LV_ENDOCARDIAL	7	1.0	9
41.04354	0.68633	-68.37432	LAX_LV_ENDOCARDIAL	7	1.0	9
40.82203	2.28762	-66.07281	LAX_LV_ENDOCARDIAL	7	1.0	9
40.60051	3.88891	-63.77130	LAX_LV_ENDOCARDIAL	7	1.0	9
38.97922	5.49020	-61.60451	LAX_LV_ENDOCARDIAL	7	1.0	9
38.75771	7.09149	-59.30300	LAX_LV_ENDOCARDIAL	7	1.0	9
37.13641	8.69278	-57.13621	LAX_LV_ENDOCARDIAL	7	1.0	9
36.91490	10.29407	-54.83470	LAX_LV_ENDOCARDIAL	7	1.0	9
35.29361	11.89537	-52.66792	LAX_LV_ENDOCARDIAL	7	1.0	9
35.07209	13.49666	-50.36640	LAX_LV_ENDOCARDIAL	7	1.0	9
33.45080	15.09795	-48.19962	LAX_LV_ENDOCARDIAL	7	1.0	9
31.82950	16.69924	-46.03283	LAX_LV_ENDOCARDIAL	7	1.0	9
30.20821	18.30053	-43.86605	LAX_LV_ENDOCARDIAL	7	1.0	9
28.58692	19.90182	-41.69926	LAX_LV_ENDOCARDIAL	7	1.0	9
26.96562	21.50312	-39.53247	LAX_LV_ENDOCARDIAL	7	1.0	9
25.34433	23.10441	-37.36569	LAX_LV_ENDOCARDIAL	7	1.0	9
22.32325	24.70570	-35.33363	LAX_LV_ENDOCARDIAL	7	1.0	9
20.70196	26.30699	-33.16684	LAX_LV_ENDOCARDIAL	7	1.0	9
19.08066	27.90828	-31.00005	LAX_LV_ENDOCARDIAL	7	1.0	9
-43.05409	1.48700	-75.30704	LAX_RV_EPICARDIAL	7	1.0	9
-45.85365	1.48700	-75.57649	LAX_RV_EPICARDIAL	7	1.0	9
-47.03192	-0.11429	-78.01273	LAX_RV_EPICARDIAL	7	1.0	9
-48.21019	-1.71559	-80.44896	LAX_RV_EPICARDIAL	7	1.0	9
-49.38846	-3.31688	-82.88520	LAX_RV_EPICARDIAL	7	1.0	9
-47.76716	-4.91817	-85.05198	LAX_RV_EPICARDIAL	7	1.0	9
-46.25663	-5.71881	-86.06802	LAX_RV_EPICARDIAL	7	1.0	9
-43.34631	-6.51946	-86.94932	LAX_RV_EPICARDIAL	7	1.0	9
-40.32523	-8.12075	-88.98138	LAX_RV_EPICARDIAL	7	1.0	9
-38.70394	-9.72204	-91.14817	LAX_RV_EPICARDIAL	7	1.0	9
-35.79362	-10.52269	-92.02948	LAX_RV_EPICARDIAL	7	1.0	9
-32.77254	-12.12398	-94.06154	LAX_RV_EPICARDIAL	7	1.0	9
-29.86222	-12.92463	-94.94284	LAX_RV_EPICARDIAL	7	1.0	9
-26.95190	-13.72528	-95.82415	LAX_RV_EPICARDIAL	7	1.0	9
-24.04159	-14.52592	-96.70546	LAX_RV_EPICARDIAL	7	1.0	9
-21.02051	-16.12721	-98.73752	LAX_RV_EPICARDIAL	7	1.0	9
-18.11019	-16.92786	-99.61882	LAX_RV_EPICARDIAL	7	1.0	9
-15.19987	-17.72851	-100.50013	LAX_RV_EPICARDIAL	7	1.0	9
-12.28955	-18.52915	-101.38144	LAX_RV_EPICARDIAL	7	1.0	9
-9.37923	-19.32980	-102.26274	LAX_RV_EPICARDIAL	7	1.0	9
-6.57967	-19.32980	-101.99329	LAX_RV_EPICARDIAL	7	1.0	9
-3.66935	-20.13045	-102.87460	LAX_RV_EPICARDIAL	7	1.0	9
-0.75903	-20.93109	-103.75591	LAX_RV_EPICARDIAL	7	1.0	9
2.04053	-20.93109	-103.48646	LAX_RV_EPICARDIAL	7	1.0	9
4.84009	-20.93109	-103.21701	LAX_RV_EPICARDIAL	7	1.0	9
7.75041	-21.73174	-104.09831	LAX_RV_EPICARDIAL	7	1.0	9
10.54997	-21.73174	-103.82886	LAX_RV_EPICARDIAL	7	1.0	9
13.34954	-21.73174	-103.55941	LAX_RV_EPICARDIAL	7	1.0	9
16.14910	-21.73174	-103.28996	LAX_RV_EPICARDIAL	7	1.0	9
19.05942	-22.53239	-104.17127	LAX_RV_EPICARDIAL	7	1.0	9
21.85898	-22.53239	-103.90182	LAX_RV_EPICARDIAL	7	1.0	9
24.54779	-21.73175	-102.48162	LAX_RV_EPICARDIAL	7	1.0	9
27.12584	-20.13046	-99.91066	LAX_RV_EPICARDIAL	7	1.0	9
25.50454	-18.52916	-97.74387	LAX_RV_EPICARDIAL	7	1.0	9
15.94883	30.31022	-27.81724	MITRAL_VALVE	7	1.0	9
-17.82738	21.50313	-43.84366	MITRAL_VALVE	7	1.0	9
-22.31894	13.49667	-55.89012	TRICUSPID_VALVE	7	1.0	9
-43.16485	2.28764	-74.15629	TRICUSPID_VALVE	7	1.0	9
40.90214	-18.52917	-96.26190	APEX_POINT	7	1.0	9
-10.42158	-18.58493	-5.34165	LAX_RV_FREEWALL	11	1.0	9
-10.04327	-18.57505	-8.12858	LAX_RV_FREEWALL	11	1.0	9
-9.66495	-18.56517	-10.91550	LAX_RV_FREEWALL	11	1.0	9
-9.28664	-18.55529	-13.70242	LAX_RV_FREEWALL	11	1.0	9
-8.90833	-18.54541	-16.48935	LAX_RV_FREEWALL	11	1.0	9
-8.44460	-19.93917	-19.26965	LAX_RV_FREEWALL	11	1.0	9
-8.06629	-19.92929	-22.05657	LAX_RV_FREEWALL	11	1.0	9
-7.68798	-19.91942	-24.84350	LAX_RV_FREEWALL	11	1.0	9
-7.22425	-21.31318	-27.62380	LAX_RV_FREEWALL	11	1.0	9
-6.76052	-22.70694	-30.40410	LAX_RV_FREEWALL	11	1.0	9
-6.38221	-22.69706	-33.19103	LAX_RV_FREEWALL	11	1.0	9
-5.91848	-24.09082	-35.97133	LAX_RV_FREEWALL	11	1.0	9
-5.54017	-24.08094	-38.75825	LAX_RV_FREEWALL	11	1.0	9
-5.16186	-24.07106	-41.54518	LAX_RV_FREEWALL	11	1.0	9
-4.78354	-24.06118	-44.33210	LAX_RV_FREEWALL	11	1.0	9
-4.40523	-24.05130	-47.11902	LAX_RV_FREEWALL	11	1.0	9
-4.02692	-24.04142	-49.90595	LAX_RV_FREEWALL	11	1.0	9
-3.64861	-24.03154	-52.69287	LAX_RV_FREEWALL	11	1.0	9
-3.27030	-24.02167	-55.47979	LAX_RV_FREEWALL	11	1.0	9
-2.89198	-24.01179	-58.26672	LAX_RV_FREEWALL	11	1.0	9
-2.51367	-24.00191	-61.05364	LAX_RV_FREEWALL	11	1.0	9
-2.04994	-25.39567	-63.83394	LAX_RV_FREEWALL	11	1.0	9
-1.58621	-26.78943	-66.61425	LAX_RV_FREEWALL	11	1.0	9
-1.20790	-26.77955	-69.40117	LAX_RV_FREEWALL	11	1.0	9
-0.82959	-26.76967	-72.18809	LAX_RV_FREEWALL	11	1.0	9
-0.53669	-25.35615	-74.98164	LAX_RV_FREEWALL	11	1.0	9
-0.07297	-26.74991	-77.76194	LAX_RV_FREEWALL	11	1.0	9
0.30535	-26.74003	-80.54886	LAX_RV_FREEWALL	11	1.0	9
0.68366	-26.73015	-83.33579	LAX_RV_FREEWALL	11	1.0	9
1.06197	-26.72028	-86.12271	LAX_RV_FREEWALL	11	1.0	9
1.44028	-26.71040	-88.90963	LAX_RV_FREEWALL	11	1.0	9
1.81859	-26.70052	-91.69655	LAX_RV_FREEWALL	11	1.0	9
2.11149	-25.28700	-94.49010	LAX_RV_FREEWALL	11	1.0	9
2.48980	-25.27712	-97.27702	LAX_RV_FREEWALL	11	1.0	9
2.78270	-23.86360	-100.07056	LAX_RV_FREEWALL	11	1.0	9
2.99018	-21.04645	-102.87072	LAX_RV_FREEWALL	11	1.0	9
2.81935	-18.23917	-102.88396	LAX_RV_FREEWALL	11	1.0	9
2.64852	-15.43189	-102.89720	LAX_RV_FREEWALL	11	1.0	9
2.28853	-12.62956	-101.51698	LAX_RV_FREEWALL	11	1.0	9
2.11770	-9.82228	-101.53022	LAX_RV_FREEWALL	11	1.0	9
1.56855	-7.02488	-98.75653	LAX_RV_FREEWALL	11	1.0	9
1.20856	-4.22254	-97.37631	LAX_RV_FREEWALL	11	1.0	9
0.65942	-1.42514	-94.60263	LAX_RV_FREEWALL	11	1.0	9
0.11028	1.37225	-91.82894	LAX_RV_FREEWALL	11	1.0	9
-0.43887	4.16965	-89.05526	LAX_RV_FREEWALL	11	1.0	9
-0.81718	4.15977	-86.26833	LAX_RV_FREEWALL	11	1.0	9
-1.02466	1.34262	-83.46817	LAX_RV_SEPTUM	11	1.0	9
-1.12840	-0.06596	-82.06809	LAX_RV_SEPTUM	11	1.0	9
-1.33588	-2.88312	-79.26793	LAX_RV_SEPTUM	11	1.0	9
-1.35420	-5.69533	-77.86123	LAX_RV_SEPTUM	11	1.0	9
-1.56168	-8.51249	-75.06107	LAX_RV_SEPTUM	11	1.0	9
-1.76917	-11.32964	-72.26091	LAX_RV_SEPTUM	11	1.0	9
-2.14748	-11.33952	-69.47398	LAX_RV_SEPTUM	11	1.0	9
-2.44037	-12.75304	-66.68044	LAX_RV_SEPTUM	11	1.0	9
-2.81869	-12.76292	-63.89352	LAX_RV_SEPTUM	11	1.0	9
-3.11158	-14.17644	-61.09997	LAX_RV_SEPTUM	11	1.0	9
-3.48989	-14.18632	-58.31305	LAX_RV_SEPTUM	11	1.0	9
-3.78279	-15.59983	-55.51951	LAX_RV_SEPTUM	11	1.0	9
-4.24652	-14.20607	-52.73921	LAX_RV_SEPTUM	11	1.0	9
-4.71025	-12.81231	-49.95890	LAX_RV_SEPTUM	11	1.0	9
-5.17397	-11.41855	-47.17860	LAX_RV_SEPTUM	11	1.0	9
-5.55229	-11.42843	-44.39167	LAX_RV_SEPTUM	11	1.0	9
-5.93060	-11.43831	-41.60475	LAX_RV_SEPTUM	11	1.0	9
-6.39433	-10.04455	-38.82445	LAX_RV_SEPTUM	11	1.0	9
-6.77264	-10.05443	-36.03752	LAX_RV_SEPTUM	11	1.0	9
-7.15095	-10.06431	-33.25060	LAX_RV_SEPTUM	11	1.0	9
-7.61468	-8.67055	-30.47030	LAX_RV_SEPTUM	11	1.0	9
-7.99299	-8.68043	-27.68337	LAX_RV_SEPTUM	11	1.0	9
-8.45672	-7.28667	-24.90307	LAX_RV_SEPTUM	11	1.0	9
-8.92045	-5.89291	-22.12277	LAX_RV_SEPTUM	11	1.0	9
-9.38418	-4.49915	-19.34246	LAX_RV_SEPTUM	11	1.0	9
-9.84790	-3.10539	-16.56216	LAX_RV_SEPTUM	11	1.0	9
-10.39705	-0.30799	-13.78848	LAX_RV_SEPTUM	11	1.0	9
-10.33616	-19.98857	-5.33503	LAX_RV_EPICARDIAL	11	1.0	9
-9.87243	-21.38233	-8.11534	LAX_RV_EPICARDIAL	11	1.0	9
-9.49412	-21.37245	-10.90226	LAX_RV_EPICARDIAL	11	1.0	9
-9.03039	-22.76621	-13.68257	LAX_RV_EPICARDIAL	11	1.0	9
-8.65208	-22.75633	-16.46949	LAX_RV_EPICARDIAL	11	1.0	9
-8.18835	-24.15009	-19.24979	LAX_RV_EPICARDIAL	11	1.0	9
-7.81004	-24.14021	-22.03672	LAX_RV_EPICARDIAL	11	1.0	9
-7.34631	-25.53397	-24.81702	LAX_RV_EPICARDIAL	11	1.0	9
-6.96800	-25.52409	-27.60394	LAX_RV_EPICARDIAL	11	1.0	9
-6.50427	-26.91785	-30.38425	LAX_RV_EPICARDIAL	11	1.0	9
-6.12596	-26.90797	-33.17117	LAX_RV_EPICARDIAL	11	1.0	9
-5.66223	-28.30173	-35.95147	LAX_RV_EPICARDIAL	11	1.0	9
-5.28392	-28.29185	-38.73840	LAX_RV_EPICARDIAL	11	1.0	9
-4.90561	-28.28197	-41.52532	LAX_RV_EPICARDIAL	11	1.0	9
-4.44188	-29.67573	-44.30562	LAX_RV_EPICARDIAL	11	1.0	9
-4.06357	-29.66586	-47.09255	LAX_RV_EPICARDIAL	11	1.0	9
-3.77067	-28.25234	-49.88609	LAX_RV_EPICARDIAL	11	1.0	9
-3.39236	-28.24246	-52.67301	LAX_RV_EPICARDIAL	11	1.0	9
-3.09946	-26.82894	-55.46655	LAX_RV_EPICARDIAL	11	1.0	9
-2.72115	-26.81906	-58.25348	LAX_RV_EPICARDIAL	11	1.0	9
-2.25742	-28.21282	-61.03378	LAX_RV_EPICARDIAL	11	1.0	9
-1.87911	-28.20294	-63.82070	LAX_RV_EPICARDIAL	11	1.0	9
-1.41538	-29.59670	-66.60101	LAX_RV_EPICARDIAL	11	1.0	9
-0.95165	-30.99046	-69.38131	LAX_RV_EPICARDIAL	11	1.0	9
-0.65876	-29.57695	-72.17485	LAX_RV_EPICARDIAL	11	1.0	9
-0.28045	-29.56707	-74.96178	LAX_RV_EPICARDIAL	11	1.0	9
0.09787	-29.55719	-77.74870	LAX_RV_EPICARDIAL	11	1.0	9
0.47618	-29.54731	-80.53562	LAX_RV_EPICARDIAL	11	1.0	9
0.93991	-30.94107	-83.31593	LAX_RV_EPICARDIAL	11	1.0	9
1.31822	-30.93119	-86.10285	LAX_RV_EPICARDIAL	11	1.0	9
1.69653	-30.92131	-88.88977	LAX_RV_EPICARDIAL	11	1.0	9
2.07484	-30.91143	-91.67670	LAX_RV_EPICARDIAL	11	1.0	9
2.36774	-29.49792	-94.47024	LAX_RV_EPICARDIAL	11	1.0	9
2.74605	-29.48804	-97.25716	LAX_RV_EPICARDIAL	11	1.0	9
3.03895	-28.07452	-100.05070	LAX_RV_EPICARDIAL	11	1.0	9
3.33184	-26.66100	-102.84425	LAX_RV_EPICARDIAL	11	1.0	9
3.62474	-25.24749	-105.63779	LAX_RV_EPICARDIAL	11	1.0	9
3.83222	-22.43033	-108.43795	LAX_RV_EPICARDIAL	11	1.0	9
3.47223	-19.62799	-107.05773	LAX_RV_EPICARDIAL	11	1.0	9
3.30140	-16.82071	-107.07097	LAX_RV_EPICARDIAL	11	1.0	9
3.13057	-14.01344	-107.08421	LAX_RV_EPICARDIAL	11	1.0	9
2.95974	-11.20616	-107.09745	LAX_RV_EPICARDIAL	11	1.0	9
2.59975	-8.40382	-105.71722	LAX_RV_EPICARDIAL	11	1.0	9
2.23976	-5.60148	-104.33700	LAX_RV_EPICARDIAL	11	1.0	9
1.87977	-2.79915	-102.95678	LAX_RV_EPICARDIAL	11	1.0	9
1.51979	0.00319	-101.57655	LAX_RV_EPICARDIAL	11	1.0	9
0.97064	2.80059	-98.80287	LAX_RV_EPICARDIAL	11	1.0	9
0.42150	5.59799	-96.02919	LAX_RV_EPICARDIAL	11	1.0	9
-0.12765	8.39539	-93.25550	LAX_RV_EPICARDIAL	11	1.0	9
-0.59137	9.78915	-90.47520	LAX_RV_EPICARDIAL	11	1.0	9
-1.05510	11.18291	-87.69489	LAX_RV_EPICARDIAL	11	1.0	9
-1.07343	8.37069	-86.28819	LAX_RV_EPICARDIAL	11	1.0	9
-0.90260	5.56341	-86.27495	LAX_RV_EPICARDIAL	11	1.0	9
-10.98905	-18.59975	-1.16127	PULMONARY_VALVE	11	1.0	9
-10.86078	1.08577	-11.00817	PULMONARY_VALVE	11	1.0	9
