x	y	z	contour type	frameID	weight	time frame
-51.05705	-23.16353	-38.57320	SAX_RV_FREEWALL	2	1.0	2
-52.75361	-22.05876	-40.97920	SAX_RV_FREEWALL	2	1.0	2
-54.98130	-22.05876	-42.69605	SAX_RV_FREEWALL	2	1.0	2
-56.67787	-20.95400	-45.10205	SAX_RV_FREEWALL	2	1.0	2
-58.90556	-20.95400	-46.81890	SAX_RV_FREEWALL	2	1.0	2
-60.60212	-19.84923	-49.22490	SAX_RV_FREEWALL	2	1.0	2
-62.29869	-18.74447	-51.63090	SAX_RV_FREEWALL	2	1.0	2
-63.99526	-17.63970	-54.03690	SAX_RV_FREEWALL	2	1.0	2
-65.69183	-16.53493	-56.44291	SAX_RV_FREEWALL	2	1.0	2
-67.38839	-15.43017	-58.84891	SAX_RV_FREEWALL	2	1.0	2
-67.44000	-13.22063	-61.08565	SAX_RV_FREEWALL	2	1.0	2
-68.60544	-11.01110	-64.18080	SAX_RV_FREEWALL	2	1.0	2
-68.65705	-8.80156	-66.41754	SAX_RV_FREEWALL	2	1.0	2
-68.70865	-6.59203	-68.65428	SAX_RV_FREEWALL	2	1.0	2
-67.64641	-4.38249	-70.03259	SAX_RV_FREEWALL	2	1.0	2
-67.69801	-2.17295	-72.26933	SAX_RV_FREEWALL	2	1.0	2
-67.74961	0.03658	-74.50606	SAX_RV_FREEWALL	2	1.0	2
-65.57352	2.24612	-75.02595	SAX_RV_FREEWALL	2	1.0	2
-64.51128	4.45566	-76.40427	SAX_RV_FREEWALL	2	1.0	2
-62.33520	6.66519	-76.92416	SAX_RV_FREEWALL	2	1.0	2
-60.15911	8.87473	-77.44405	SAX_RV_FREEWALL	2	1.0	2
-57.98302	11.08427	-77.96394	SAX_RV_FREEWALL	2	1.0	2
-54.69309	13.29381	-77.62541	SAX_RV_FREEWALL	2	1.0	2
-51.40316	15.50335	-77.28687	SAX_RV_FREEWALL	2	1.0	2
-49.22708	17.71288	-77.80676	SAX_RV_FREEWALL	2	1.0	2
-45.93715	19.92242	-77.46823	SAX_RV_FREEWALL	2	1.0	2
-43.17834	21.02719	-76.44054	SAX_RV_FREEWALL	2	1.0	2
-39.88841	23.23673	-76.10201	SAX_RV_FREEWALL	2	1.0	2
-37.12960	24.34150	-75.07432	SAX_RV_FREEWALL	2	1.0	2
-34.37079	25.44627	-74.04663	SAX_RV_FREEWALL	2	1.0	2
-31.61198	26.55104	-73.01894	SAX_RV_FREEWALL	2	1.0	2
-29.38429	26.55105	-71.30210	SAX_RV_FREEWALL	2	1.0	2
-27.15660	26.55105	-69.58525	SAX_RV_FREEWALL	2	1.0	2
-25.46004	25.44628	-67.17925	SAX_RV_FREEWALL	2	1.0	2
9.15724	-2.17288	-13.03815	SAX_RV_FREEWALL	2	1.0	2
8.09500	-4.38241	-11.65984	SAX_RV_FREEWALL	2	1.0	2
9.26045	-6.59195	-8.56468	SAX_RV_FREEWALL	2	1.0	2
8.19821	-8.80149	-7.18637	SAX_RV_FREEWALL	2	1.0	2
6.02212	-11.01102	-6.66648	SAX_RV_FREEWALL	2	1.0	2
4.37715	-12.11579	-6.83574	SAX_RV_FREEWALL	2	1.0	2
1.08722	-14.32533	-7.17427	SAX_RV_FREEWALL	2	1.0	2
-1.67159	-15.43010	-8.20196	SAX_RV_FREEWALL	2	1.0	2
-4.43040	-16.53487	-9.22965	SAX_RV_FREEWALL	2	1.0	2
-7.18920	-17.63964	-10.25734	SAX_RV_FREEWALL	2	1.0	2
-9.94801	-18.74441	-11.28503	SAX_RV_FREEWALL	2	1.0	2
-12.70682	-19.84918	-12.31272	SAX_RV_FREEWALL	2	1.0	2
-14.93451	-19.84919	-14.02956	SAX_RV_FREEWALL	2	1.0	2
-17.69332	-20.95396	-15.05725	SAX_RV_FREEWALL	2	1.0	2
-19.92101	-20.95396	-16.77410	SAX_RV_FREEWALL	2	1.0	2
-22.67982	-22.05873	-17.80179	SAX_RV_FREEWALL	2	1.0	2
-24.90751	-22.05873	-19.51863	SAX_RV_FREEWALL	2	1.0	2
-27.66632	-23.16350	-20.54632	SAX_RV_FREEWALL	2	1.0	2
-29.89401	-23.16350	-22.26317	SAX_RV_FREEWALL	2	1.0	2
-32.12169	-23.16351	-23.98001	SAX_RV_FREEWALL	2	1.0	2
-34.34938	-23.16351	-25.69686	SAX_RV_FREEWALL	2	1.0	2
-36.57707	-23.16351	-27.41370	SAX_RV_FREEWALL	2	1.0	2
-38.80476	-23.16351	-29.13055	SAX_RV_FREEWALL	2	1.0	2
-41.03245	-23.16352	-30.84740	SAX_RV_FREEWALL	2	1.0	2
-43.26014	-23.16352	-32.56424	SAX_RV_FREEWALL	2	1.0	2
-45.48782	-23.16352	-34.28109	SAX_RV_FREEWALL	2	1.0	2
-47.71551	-23.16352	-35.99793	SAX_RV_FREEWALL	2	1.0	2
-49.94320	-23.16352	-37.71478	SAX_RV_FREEWALL	2	1.0	2
-43.73965	-26.47782	-29.63835	SAX_RV_EPICARDIAL	2	1.0	2
-45.43622	-25.37306	-32.04435	SAX_RV_EPICARDIAL	2	1.0	2
-47.66391	-25.37306	-33.76120	SAX_RV_EPICARDIAL	2	1.0	2
-49.89160	-25.37306	-35.47804	SAX_RV_EPICARDIAL	2	1.0	2
-51.58817	-24.26829	-37.88404	SAX_RV_EPICARDIAL	2	1.0	2
-53.81585	-24.26830	-39.60089	SAX_RV_EPICARDIAL	2	1.0	2
-56.04354	-24.26830	-41.31774	SAX_RV_EPICARDIAL	2	1.0	2
-57.74011	-23.16353	-43.72374	SAX_RV_EPICARDIAL	2	1.0	2
-59.96780	-23.16353	-45.44058	SAX_RV_EPICARDIAL	2	1.0	2
-61.66437	-22.05877	-47.84659	SAX_RV_EPICARDIAL	2	1.0	2
-63.89205	-22.05877	-49.56343	SAX_RV_EPICARDIAL	2	1.0	2
-65.58862	-20.95400	-51.96943	SAX_RV_EPICARDIAL	2	1.0	2
-67.28519	-19.84924	-54.37544	SAX_RV_EPICARDIAL	2	1.0	2
-68.98176	-18.74447	-56.78144	SAX_RV_EPICARDIAL	2	1.0	2
-69.03336	-16.53494	-59.01818	SAX_RV_EPICARDIAL	2	1.0	2
-70.19881	-14.32540	-62.11333	SAX_RV_EPICARDIAL	2	1.0	2
-71.36425	-12.11587	-65.20849	SAX_RV_EPICARDIAL	2	1.0	2
-71.41586	-9.90633	-67.44523	SAX_RV_EPICARDIAL	2	1.0	2
-70.35361	-7.69680	-68.82354	SAX_RV_EPICARDIAL	2	1.0	2
-70.40522	-5.48726	-71.06028	SAX_RV_EPICARDIAL	2	1.0	2
-70.45682	-3.27772	-73.29702	SAX_RV_EPICARDIAL	2	1.0	2
-69.39458	-1.06819	-74.67533	SAX_RV_EPICARDIAL	2	1.0	2
-68.33233	1.14135	-76.05364	SAX_RV_EPICARDIAL	2	1.0	2
-67.27009	3.35088	-77.43196	SAX_RV_EPICARDIAL	2	1.0	2
-65.09401	5.56042	-77.95185	SAX_RV_EPICARDIAL	2	1.0	2
-62.91792	7.76996	-78.47174	SAX_RV_EPICARDIAL	2	1.0	2
-60.74183	9.97950	-78.99163	SAX_RV_EPICARDIAL	2	1.0	2
-58.56575	12.18904	-79.51152	SAX_RV_EPICARDIAL	2	1.0	2
-56.38966	14.39857	-80.03141	SAX_RV_EPICARDIAL	2	1.0	2
-53.09973	16.60811	-79.69288	SAX_RV_EPICARDIAL	2	1.0	2
-50.92365	18.81765	-80.21277	SAX_RV_EPICARDIAL	2	1.0	2
-48.74756	21.02719	-80.73266	SAX_RV_EPICARDIAL	2	1.0	2
-45.45763	23.23673	-80.39413	SAX_RV_EPICARDIAL	2	1.0	2
-42.69882	24.34150	-79.36644	SAX_RV_EPICARDIAL	2	1.0	2
-39.40889	26.55104	-79.02790	SAX_RV_EPICARDIAL	2	1.0	2
-36.65008	27.65581	-78.00022	SAX_RV_EPICARDIAL	2	1.0	2
-33.89127	28.76058	-76.97253	SAX_RV_EPICARDIAL	2	1.0	2
-31.13246	29.86535	-75.94484	SAX_RV_EPICARDIAL	2	1.0	2
-28.90477	29.86535	-74.22799	SAX_RV_EPICARDIAL	2	1.0	2
-26.67708	29.86535	-72.51115	SAX_RV_EPICARDIAL	2	1.0	2
-24.98052	28.76059	-70.10514	SAX_RV_EPICARDIAL	2	1.0	2
-22.75283	28.76059	-68.38830	SAX_RV_EPICARDIAL	2	1.0	2
-23.23235	25.44628	-65.46241	SAX_RV_EPICARDIAL	2	1.0	2
9.73997	-3.27765	-11.49057	SAX_RV_EPICARDIAL	2	1.0	2
11.43653	-4.38241	-9.08457	SAX_RV_EPICARDIAL	2	1.0	2
13.13310	-5.48718	-6.67857	SAX_RV_EPICARDIAL	2	1.0	2
12.07086	-7.69671	-5.30025	SAX_RV_EPICARDIAL	2	1.0	2
12.12246	-9.90625	-3.06352	SAX_RV_EPICARDIAL	2	1.0	2
9.94638	-12.11579	-2.54363	SAX_RV_EPICARDIAL	2	1.0	2
6.65644	-14.32533	-2.88216	SAX_RV_EPICARDIAL	2	1.0	2
3.36651	-16.53486	-3.22069	SAX_RV_EPICARDIAL	2	1.0	2
0.60771	-17.63964	-4.24838	SAX_RV_EPICARDIAL	2	1.0	2
-2.15110	-18.74441	-5.27607	SAX_RV_EPICARDIAL	2	1.0	2
-4.90991	-19.84918	-6.30376	SAX_RV_EPICARDIAL	2	1.0	2
-7.66872	-20.95395	-7.33145	SAX_RV_EPICARDIAL	2	1.0	2
-9.89641	-20.95395	-9.04829	SAX_RV_EPICARDIAL	2	1.0	2
-12.65522	-22.05872	-10.07598	SAX_RV_EPICARDIAL	2	1.0	2
-15.41403	-23.16349	-11.10367	SAX_RV_EPICARDIAL	2	1.0	2
-17.64172	-23.16349	-12.82052	SAX_RV_EPICARDIAL	2	1.0	2
-20.40053	-24.26826	-13.84821	SAX_RV_EPICARDIAL	2	1.0	2
-22.62822	-24.26826	-15.56505	SAX_RV_EPICARDIAL	2	1.0	2
-25.38703	-25.37304	-16.59274	SAX_RV_EPICARDIAL	2	1.0	2
-27.61471	-25.37304	-18.30959	SAX_RV_EPICARDIAL	2	1.0	2
-30.37352	-26.47781	-19.33727	SAX_RV_EPICARDIAL	2	1.0	2
-32.60121	-26.47781	-21.05412	SAX_RV_EPICARDIAL	2	1.0	2
-34.82890	-26.47781	-22.77097	SAX_RV_EPICARDIAL	2	1.0	2
-37.05659	-26.47781	-24.48781	SAX_RV_EPICARDIAL	2	1.0	2
-39.28428	-26.47782	-26.20466	SAX_RV_EPICARDIAL	2	1.0	2
-41.51197	-26.47782	-27.92150	SAX_RV_EPICARDIAL	2	1.0	2
-23.76347	24.34152	-64.77325	SAX_RV_SEPTUM	2	1.0	2
-23.71187	22.13198	-62.53651	SAX_RV_SEPTUM	2	1.0	2
-24.77411	19.92244	-61.15820	SAX_RV_SEPTUM	2	1.0	2
-24.72251	17.71291	-58.92146	SAX_RV_SEPTUM	2	1.0	2
-24.67090	15.50337	-56.68473	SAX_RV_SEPTUM	2	1.0	2
-25.73314	13.29384	-55.30641	SAX_RV_SEPTUM	2	1.0	2
-25.68154	11.08430	-53.06968	SAX_RV_SEPTUM	2	1.0	2
-24.51610	8.87477	-49.97452	SAX_RV_SEPTUM	2	1.0	2
-24.46449	6.66523	-47.73778	SAX_RV_SEPTUM	2	1.0	2
-23.29905	4.45570	-44.64262	SAX_RV_SEPTUM	2	1.0	2
-23.24744	2.24616	-42.40589	SAX_RV_SEPTUM	2	1.0	2
-22.08200	0.03663	-39.31073	SAX_RV_SEPTUM	2	1.0	2
-20.91655	-2.17291	-36.21557	SAX_RV_SEPTUM	2	1.0	2
-19.75110	-4.38244	-33.12041	SAX_RV_SEPTUM	2	1.0	2
-17.52342	-4.38244	-31.40356	SAX_RV_SEPTUM	2	1.0	2
-15.82685	-5.48721	-28.99756	SAX_RV_SEPTUM	2	1.0	2
-13.59916	-5.48720	-27.28072	SAX_RV_SEPTUM	2	1.0	2
-11.37147	-5.48720	-25.56387	SAX_RV_SEPTUM	2	1.0	2
-9.14378	-5.48720	-23.84702	SAX_RV_SEPTUM	2	1.0	2
-6.91610	-5.48720	-22.13018	SAX_RV_SEPTUM	2	1.0	2
-4.68841	-5.48720	-20.41333	SAX_RV_SEPTUM	2	1.0	2
-1.92960	-4.38242	-19.38564	SAX_RV_SEPTUM	2	1.0	2
0.29809	-4.38242	-17.66880	SAX_RV_SEPTUM	2	1.0	2
3.58802	-2.17288	-17.33027	SAX_RV_SEPTUM	2	1.0	2
6.34683	-1.06811	-16.30258	SAX_RV_SEPTUM	2	1.0	2
9.10564	0.03666	-15.27489	SAX_RV_SEPTUM	2	1.0	2
-20.52514	28.76059	-66.67145	SAX_LV_EPICARDIAL	2	1.0	2
-19.46290	30.97013	-68.04977	SAX_LV_EPICARDIAL	2	1.0	2
-17.28681	33.17966	-68.56966	SAX_LV_EPICARDIAL	2	1.0	2
-16.22457	35.38920	-69.94797	SAX_LV_EPICARDIAL	2	1.0	2
-14.04848	37.59874	-70.46786	SAX_LV_EPICARDIAL	2	1.0	2
-10.75855	39.80828	-70.12933	SAX_LV_EPICARDIAL	2	1.0	2
-8.58247	42.01781	-70.64922	SAX_LV_EPICARDIAL	2	1.0	2
-5.29254	44.22735	-70.31069	SAX_LV_EPICARDIAL	2	1.0	2
-2.53373	45.33212	-69.28300	SAX_LV_EPICARDIAL	2	1.0	2
0.75620	47.54166	-68.94447	SAX_LV_EPICARDIAL	2	1.0	2
3.51501	48.64643	-67.91678	SAX_LV_EPICARDIAL	2	1.0	2
6.27382	49.75120	-66.88909	SAX_LV_EPICARDIAL	2	1.0	2
9.03263	50.85597	-65.86140	SAX_LV_EPICARDIAL	2	1.0	2
11.79144	51.96074	-64.83371	SAX_LV_EPICARDIAL	2	1.0	2
14.01913	51.96075	-63.11687	SAX_LV_EPICARDIAL	2	1.0	2
16.24682	51.96075	-61.40002	SAX_LV_EPICARDIAL	2	1.0	2
19.00563	53.06552	-60.37233	SAX_LV_EPICARDIAL	2	1.0	2
21.23331	53.06552	-58.65548	SAX_LV_EPICARDIAL	2	1.0	2
23.46100	53.06552	-56.93864	SAX_LV_EPICARDIAL	2	1.0	2
25.15757	51.96076	-54.53264	SAX_LV_EPICARDIAL	2	1.0	2
27.38526	51.96076	-52.81579	SAX_LV_EPICARDIAL	2	1.0	2
29.61295	51.96076	-51.09895	SAX_LV_EPICARDIAL	2	1.0	2
31.30951	50.85600	-48.69294	SAX_LV_EPICARDIAL	2	1.0	2
33.00608	49.75123	-46.28694	SAX_LV_EPICARDIAL	2	1.0	2
34.70265	48.64646	-43.88094	SAX_LV_EPICARDIAL	2	1.0	2
35.86810	46.43693	-40.78578	SAX_LV_EPICARDIAL	2	1.0	2
37.03354	44.22740	-37.69062	SAX_LV_EPICARDIAL	2	1.0	2
38.19899	42.01786	-34.59546	SAX_LV_EPICARDIAL	2	1.0	2
38.25059	39.80833	-32.35873	SAX_LV_EPICARDIAL	2	1.0	2
38.30219	37.59879	-30.12199	SAX_LV_EPICARDIAL	2	1.0	2
38.35380	35.38925	-27.88525	SAX_LV_EPICARDIAL	2	1.0	2
38.40540	33.17972	-25.64852	SAX_LV_EPICARDIAL	2	1.0	2
37.34316	30.97018	-24.27020	SAX_LV_EPICARDIAL	2	1.0	2
37.39476	28.76065	-22.03347	SAX_LV_EPICARDIAL	2	1.0	2
36.33252	26.55111	-20.65515	SAX_LV_EPICARDIAL	2	1.0	2
35.27028	24.34157	-19.27684	SAX_LV_EPICARDIAL	2	1.0	2
34.20803	22.13204	-17.89853	SAX_LV_EPICARDIAL	2	1.0	2
33.14579	19.92250	-16.52021	SAX_LV_EPICARDIAL	2	1.0	2
30.96971	17.71296	-16.00032	SAX_LV_EPICARDIAL	2	1.0	2
28.79362	15.50343	-15.48043	SAX_LV_EPICARDIAL	2	1.0	2
27.73138	13.29389	-14.10212	SAX_LV_EPICARDIAL	2	1.0	2
24.44145	11.08435	-14.44065	SAX_LV_EPICARDIAL	2	1.0	2
22.26536	8.87481	-13.92076	SAX_LV_EPICARDIAL	2	1.0	2
18.97543	6.66527	-14.25929	SAX_LV_EPICARDIAL	2	1.0	2
15.68550	4.45573	-14.59782	SAX_LV_EPICARDIAL	2	1.0	2
-9.35019	3.35094	-32.79397	SAX_LV_ENDOCARDIAL	2	1.0	2
-11.04676	4.45571	-35.19997	SAX_LV_ENDOCARDIAL	2	1.0	2
-13.27445	4.45571	-36.91682	SAX_LV_ENDOCARDIAL	2	1.0	2
-14.97102	5.56047	-39.32282	SAX_LV_ENDOCARDIAL	2	1.0	2
-16.13646	7.77001	-42.41798	SAX_LV_ENDOCARDIAL	2	1.0	2
-17.30191	9.97954	-45.51314	SAX_LV_ENDOCARDIAL	2	1.0	2
-18.46736	12.18908	-48.60830	SAX_LV_ENDOCARDIAL	2	1.0	2
-18.51896	14.39861	-50.84503	SAX_LV_ENDOCARDIAL	2	1.0	2
-18.57056	16.60815	-53.08177	SAX_LV_ENDOCARDIAL	2	1.0	2
-17.50832	18.81768	-54.46008	SAX_LV_ENDOCARDIAL	2	1.0	2
-17.55992	21.02722	-56.69682	SAX_LV_ENDOCARDIAL	2	1.0	2
-16.49768	23.23675	-58.07513	SAX_LV_ENDOCARDIAL	2	1.0	2
-15.43544	25.44629	-59.45345	SAX_LV_ENDOCARDIAL	2	1.0	2
-14.37320	27.65583	-60.83176	SAX_LV_ENDOCARDIAL	2	1.0	2
-13.31095	29.86536	-62.21007	SAX_LV_ENDOCARDIAL	2	1.0	2
-12.24871	32.07490	-63.58839	SAX_LV_ENDOCARDIAL	2	1.0	2
-10.07263	34.28444	-64.10828	SAX_LV_ENDOCARDIAL	2	1.0	2
-7.89654	36.49398	-64.62817	SAX_LV_ENDOCARDIAL	2	1.0	2
-4.60661	38.70352	-64.28964	SAX_LV_ENDOCARDIAL	2	1.0	2
-1.84780	39.80829	-63.26195	SAX_LV_ENDOCARDIAL	2	1.0	2
1.44213	42.01782	-62.92341	SAX_LV_ENDOCARDIAL	2	1.0	2
4.20094	43.12259	-61.89573	SAX_LV_ENDOCARDIAL	2	1.0	2
6.95975	44.22737	-60.86804	SAX_LV_ENDOCARDIAL	2	1.0	2
9.71856	45.33214	-59.84035	SAX_LV_ENDOCARDIAL	2	1.0	2
12.47737	46.43691	-58.81266	SAX_LV_ENDOCARDIAL	2	1.0	2
14.70506	46.43691	-57.09581	SAX_LV_ENDOCARDIAL	2	1.0	2
16.93274	46.43691	-55.37897	SAX_LV_ENDOCARDIAL	2	1.0	2
19.16043	46.43691	-53.66212	SAX_LV_ENDOCARDIAL	2	1.0	2
21.38812	46.43692	-51.94528	SAX_LV_ENDOCARDIAL	2	1.0	2
23.61581	46.43692	-50.22843	SAX_LV_ENDOCARDIAL	2	1.0	2
25.31238	45.33215	-47.82243	SAX_LV_ENDOCARDIAL	2	1.0	2
27.54007	45.33215	-46.10558	SAX_LV_ENDOCARDIAL	2	1.0	2
29.23663	44.22739	-43.69958	SAX_LV_ENDOCARDIAL	2	1.0	2
30.40208	42.01785	-40.60442	SAX_LV_ENDOCARDIAL	2	1.0	2
31.56753	39.80832	-37.50926	SAX_LV_ENDOCARDIAL	2	1.0	2
31.61913	37.59878	-35.27253	SAX_LV_ENDOCARDIAL	2	1.0	2
31.67073	35.38925	-33.03579	SAX_LV_ENDOCARDIAL	2	1.0	2
31.72233	33.17971	-30.79905	SAX_LV_ENDOCARDIAL	2	1.0	2
31.77394	30.97018	-28.56232	SAX_LV_ENDOCARDIAL	2	1.0	2
30.71169	28.76064	-27.18400	SAX_LV_ENDOCARDIAL	2	1.0	2
30.76330	26.55110	-24.94727	SAX_LV_ENDOCARDIAL	2	1.0	2
29.70105	24.34157	-23.56895	SAX_LV_ENDOCARDIAL	2	1.0	2
27.52497	22.13203	-23.04906	SAX_LV_ENDOCARDIAL	2	1.0	2
26.46273	19.92249	-21.67075	SAX_LV_ENDOCARDIAL	2	1.0	2
24.28664	17.71296	-21.15086	SAX_LV_ENDOCARDIAL	2	1.0	2
20.99671	15.50342	-21.48939	SAX_LV_ENDOCARDIAL	2	1.0	2
18.82062	13.29388	-20.96950	SAX_LV_ENDOCARDIAL	2	1.0	2
15.53069	11.08434	-21.30803	SAX_LV_ENDOCARDIAL	2	1.0	2
12.77188	9.97957	-22.33572	SAX_LV_ENDOCARDIAL	2	1.0	2
9.48195	7.77003	-22.67425	SAX_LV_ENDOCARDIAL	2	1.0	2
6.72314	6.66526	-23.70194	SAX_LV_ENDOCARDIAL	2	1.0	2
4.49546	6.66526	-25.41879	SAX_LV_ENDOCARDIAL	2	1.0	2
1.73665	5.56049	-26.44648	SAX_LV_ENDOCARDIAL	2	1.0	2
-1.02216	4.45572	-27.47417	SAX_LV_ENDOCARDIAL	2	1.0	2
-3.24985	4.45572	-29.19101	SAX_LV_ENDOCARDIAL	2	1.0	2
-5.47754	4.45571	-30.90786	SAX_LV_ENDOCARDIAL	2	1.0	2
-8.23635	3.35094	-31.93555	SAX_LV_ENDOCARDIAL	2	1.0	2
9.15724	-2.17288	-13.03815	RV_INSERT	2	1.0	2
-25.46004	25.44628	-67.17925	RV_INSERT	2	1.0	2
-49.93704	-28.59119	-60.75879	SAX_RV_FREEWALL	3	1.0	2
-51.63361	-27.48643	-63.16479	SAX_RV_FREEWALL	3	1.0	2
-53.33017	-26.38166	-65.57079	SAX_RV_FREEWALL	3	1.0	2
-54.49562	-24.17213	-68.66595	SAX_RV_FREEWALL	3	1.0	2
-56.19219	-23.06736	-71.07196	SAX_RV_FREEWALL	3	1.0	2
-57.35763	-20.85783	-74.16712	SAX_RV_FREEWALL	3	1.0	2
-57.40924	-18.64829	-76.40385	SAX_RV_FREEWALL	3	1.0	2
-57.46084	-16.43876	-78.64059	SAX_RV_FREEWALL	3	1.0	2
-56.39860	-14.22922	-80.01890	SAX_RV_FREEWALL	3	1.0	2
-56.45020	-12.01968	-82.25564	SAX_RV_FREEWALL	3	1.0	2
-54.27411	-9.81015	-82.77553	SAX_RV_FREEWALL	3	1.0	2
-53.21187	-7.60061	-84.15384	SAX_RV_FREEWALL	3	1.0	2
-51.03579	-5.39107	-84.67373	SAX_RV_FREEWALL	3	1.0	2
-48.85970	-3.18153	-85.19362	SAX_RV_FREEWALL	3	1.0	2
-45.56977	-0.97200	-84.85509	SAX_RV_FREEWALL	3	1.0	2
-43.39368	1.23754	-85.37498	SAX_RV_FREEWALL	3	1.0	2
-41.21760	3.44708	-85.89487	SAX_RV_FREEWALL	3	1.0	2
-37.92767	5.65662	-85.55634	SAX_RV_FREEWALL	3	1.0	2
-34.63774	7.86616	-85.21781	SAX_RV_FREEWALL	3	1.0	2
-31.34781	10.07570	-84.87928	SAX_RV_FREEWALL	3	1.0	2
-28.05788	12.28523	-84.54074	SAX_RV_FREEWALL	3	1.0	2
-25.29907	13.39001	-83.51305	SAX_RV_FREEWALL	3	1.0	2
-22.54026	14.49478	-82.48537	SAX_RV_FREEWALL	3	1.0	2
-19.78145	15.59955	-81.45768	SAX_RV_FREEWALL	3	1.0	2
-17.02264	16.70432	-80.42999	SAX_RV_FREEWALL	3	1.0	2
-14.79495	16.70432	-78.71314	SAX_RV_FREEWALL	3	1.0	2
2.73835	-18.64823	-30.04902	SAX_RV_FREEWALL	3	1.0	2
-0.02046	-19.75300	-31.07671	SAX_RV_FREEWALL	3	1.0	2
-2.77927	-20.85777	-32.10440	SAX_RV_FREEWALL	3	1.0	2
-5.00696	-20.85777	-33.82124	SAX_RV_FREEWALL	3	1.0	2
-7.76577	-21.96255	-34.84893	SAX_RV_FREEWALL	3	1.0	2
-11.05570	-24.17208	-35.18746	SAX_RV_FREEWALL	3	1.0	2
-13.81450	-25.27685	-36.21515	SAX_RV_FREEWALL	3	1.0	2
-16.57331	-26.38163	-37.24284	SAX_RV_FREEWALL	3	1.0	2
-19.33212	-27.48640	-38.27053	SAX_RV_FREEWALL	3	1.0	2
-21.55981	-27.48640	-39.98738	SAX_RV_FREEWALL	3	1.0	2
-24.31862	-28.59117	-41.01507	SAX_RV_FREEWALL	3	1.0	2
-26.54631	-28.59117	-42.73191	SAX_RV_FREEWALL	3	1.0	2
-28.77400	-28.59117	-44.44876	SAX_RV_FREEWALL	3	1.0	2
-31.00169	-28.59117	-46.16560	SAX_RV_FREEWALL	3	1.0	2
-33.22938	-28.59118	-47.88245	SAX_RV_FREEWALL	3	1.0	2
-35.45706	-28.59118	-49.59929	SAX_RV_FREEWALL	3	1.0	2
-37.68475	-28.59118	-51.31614	SAX_RV_FREEWALL	3	1.0	2
-39.91244	-28.59118	-53.03298	SAX_RV_FREEWALL	3	1.0	2
-42.14013	-28.59119	-54.74983	SAX_RV_FREEWALL	3	1.0	2
-44.36782	-28.59119	-56.46668	SAX_RV_FREEWALL	3	1.0	2
-46.59551	-28.59119	-58.18352	SAX_RV_FREEWALL	3	1.0	2
-48.82319	-28.59119	-59.90037	SAX_RV_FREEWALL	3	1.0	2
-43.15077	-33.01026	-51.13478	SAX_RV_EPICARDIAL	3	1.0	2
-44.84734	-31.90549	-53.54078	SAX_RV_EPICARDIAL	3	1.0	2
-47.07502	-31.90549	-55.25763	SAX_RV_EPICARDIAL	3	1.0	2
-49.30271	-31.90550	-56.97447	SAX_RV_EPICARDIAL	3	1.0	2
-50.99928	-30.80073	-59.38048	SAX_RV_EPICARDIAL	3	1.0	2
-53.22697	-30.80073	-61.09732	SAX_RV_EPICARDIAL	3	1.0	2
-54.92354	-29.69597	-63.50332	SAX_RV_EPICARDIAL	3	1.0	2
-56.62010	-28.59120	-65.90933	SAX_RV_EPICARDIAL	3	1.0	2
-57.78555	-26.38167	-69.00449	SAX_RV_EPICARDIAL	3	1.0	2
-58.95100	-24.17213	-72.09965	SAX_RV_EPICARDIAL	3	1.0	2
-60.64756	-23.06737	-74.50565	SAX_RV_EPICARDIAL	3	1.0	2
-60.69917	-20.85783	-76.74238	SAX_RV_EPICARDIAL	3	1.0	2
-59.63692	-18.64829	-78.12070	SAX_RV_EPICARDIAL	3	1.0	2
-59.68853	-16.43876	-80.35743	SAX_RV_EPICARDIAL	3	1.0	2
-58.62629	-14.22922	-81.73575	SAX_RV_EPICARDIAL	3	1.0	2
-57.56404	-12.01969	-83.11406	SAX_RV_EPICARDIAL	3	1.0	2
-56.50180	-9.81015	-84.49237	SAX_RV_EPICARDIAL	3	1.0	2
-55.43956	-7.60061	-85.87069	SAX_RV_EPICARDIAL	3	1.0	2
-54.37732	-5.39108	-87.24900	SAX_RV_EPICARDIAL	3	1.0	2
-52.20123	-3.18154	-87.76889	SAX_RV_EPICARDIAL	3	1.0	2
-50.02515	-0.97200	-88.28878	SAX_RV_EPICARDIAL	3	1.0	2
-46.73522	1.23754	-87.95025	SAX_RV_EPICARDIAL	3	1.0	2
-44.55913	3.44708	-88.47014	SAX_RV_EPICARDIAL	3	1.0	2
-41.26920	5.65662	-88.13161	SAX_RV_EPICARDIAL	3	1.0	2
-39.09311	7.86615	-88.65150	SAX_RV_EPICARDIAL	3	1.0	2
-35.80318	10.07569	-88.31297	SAX_RV_EPICARDIAL	3	1.0	2
-33.04437	11.18046	-87.28528	SAX_RV_EPICARDIAL	3	1.0	2
-29.75444	13.39000	-86.94675	SAX_RV_EPICARDIAL	3	1.0	2
-26.99563	14.49477	-85.91906	SAX_RV_EPICARDIAL	3	1.0	2
-23.70570	16.70431	-85.58052	SAX_RV_EPICARDIAL	3	1.0	2
-20.94689	17.80908	-84.55284	SAX_RV_EPICARDIAL	3	1.0	2
-18.18808	18.91385	-83.52515	SAX_RV_EPICARDIAL	3	1.0	2
-15.42928	20.01862	-82.49746	SAX_RV_EPICARDIAL	3	1.0	2
-13.20159	20.01862	-80.78061	SAX_RV_EPICARDIAL	3	1.0	2
-10.97390	20.01863	-79.06377	SAX_RV_EPICARDIAL	3	1.0	2
-11.45342	16.70432	-76.13787	SAX_RV_EPICARDIAL	3	1.0	2
7.14213	-16.43869	-28.85206	SAX_RV_EPICARDIAL	3	1.0	2
7.19373	-18.64823	-26.61533	SAX_RV_EPICARDIAL	3	1.0	2
3.90380	-20.85777	-26.95386	SAX_RV_EPICARDIAL	3	1.0	2
1.14499	-21.96254	-27.98155	SAX_RV_EPICARDIAL	3	1.0	2
-1.61382	-23.06731	-29.00924	SAX_RV_EPICARDIAL	3	1.0	2
-4.37263	-24.17208	-30.03693	SAX_RV_EPICARDIAL	3	1.0	2
-7.13144	-25.27685	-31.06462	SAX_RV_EPICARDIAL	3	1.0	2
-9.89025	-26.38162	-32.09231	SAX_RV_EPICARDIAL	3	1.0	2
-12.64906	-27.48639	-33.11999	SAX_RV_EPICARDIAL	3	1.0	2
-15.40787	-28.59116	-34.14768	SAX_RV_EPICARDIAL	3	1.0	2
-18.16668	-29.69593	-35.17537	SAX_RV_EPICARDIAL	3	1.0	2
-20.92549	-30.80070	-36.20306	SAX_RV_EPICARDIAL	3	1.0	2
-23.68430	-31.90547	-37.23075	SAX_RV_EPICARDIAL	3	1.0	2
-25.91198	-31.90547	-38.94760	SAX_RV_EPICARDIAL	3	1.0	2
-28.13967	-31.90548	-40.66444	SAX_RV_EPICARDIAL	3	1.0	2
-30.89848	-33.01025	-41.69213	SAX_RV_EPICARDIAL	3	1.0	2
-33.12617	-33.01025	-43.40898	SAX_RV_EPICARDIAL	3	1.0	2
-35.35386	-33.01025	-45.12582	SAX_RV_EPICARDIAL	3	1.0	2
-37.58155	-33.01025	-46.84267	SAX_RV_EPICARDIAL	3	1.0	2
-39.80924	-33.01025	-48.55951	SAX_RV_EPICARDIAL	3	1.0	2
-42.03692	-33.01026	-50.27636	SAX_RV_EPICARDIAL	3	1.0	2
-13.09838	15.59955	-76.30714	SAX_RV_SEPTUM	3	1.0	2
-12.51566	14.49479	-74.75956	SAX_RV_SEPTUM	3	1.0	2
-13.57790	12.28525	-73.38125	SAX_RV_SEPTUM	3	1.0	2
-13.52630	10.07571	-71.14451	SAX_RV_SEPTUM	3	1.0	2
-13.47470	7.86618	-68.90777	SAX_RV_SEPTUM	3	1.0	2
-14.53694	5.65664	-67.52946	SAX_RV_SEPTUM	3	1.0	2
-14.48534	3.44711	-65.29272	SAX_RV_SEPTUM	3	1.0	2
-14.43373	1.23757	-63.05599	SAX_RV_SEPTUM	3	1.0	2
-14.38213	-0.97196	-60.81925	SAX_RV_SEPTUM	3	1.0	2
-14.33053	-3.18150	-58.58252	SAX_RV_SEPTUM	3	1.0	2
-13.16508	-5.39103	-55.48736	SAX_RV_SEPTUM	3	1.0	2
-13.11348	-7.60057	-53.25062	SAX_RV_SEPTUM	3	1.0	2
-11.94803	-9.81010	-50.15546	SAX_RV_SEPTUM	3	1.0	2
-10.25147	-10.91487	-47.74946	SAX_RV_SEPTUM	3	1.0	2
-8.55490	-12.01964	-45.34346	SAX_RV_SEPTUM	3	1.0	2
-6.85833	-13.12440	-42.93745	SAX_RV_SEPTUM	3	1.0	2
-5.16176	-14.22917	-40.53145	SAX_RV_SEPTUM	3	1.0	2
-3.46520	-15.33393	-38.12545	SAX_RV_SEPTUM	3	1.0	2
-1.23751	-15.33393	-36.40860	SAX_RV_SEPTUM	3	1.0	2
0.99018	-15.33393	-34.69176	SAX_RV_SEPTUM	3	1.0	2
3.21787	-15.33393	-32.97491	SAX_RV_SEPTUM	3	1.0	2
4.91444	-16.43869	-30.56891	SAX_RV_SEPTUM	3	1.0	2
5.49716	-17.54346	-29.02133	SAX_RV_SEPTUM	3	1.0	2
-9.27733	18.91386	-76.65776	SAX_LV_EPICARDIAL	3	1.0	2
-8.21509	21.12340	-78.03608	SAX_LV_EPICARDIAL	3	1.0	2
-6.03900	23.33293	-78.55597	SAX_LV_EPICARDIAL	3	1.0	2
-3.86292	25.54247	-79.07586	SAX_LV_EPICARDIAL	3	1.0	2
-1.68683	27.75201	-79.59575	SAX_LV_EPICARDIAL	3	1.0	2
0.48926	29.96155	-80.11564	SAX_LV_EPICARDIAL	3	1.0	2
3.77919	32.17109	-79.77711	SAX_LV_EPICARDIAL	3	1.0	2
7.06912	34.38062	-79.43858	SAX_LV_EPICARDIAL	3	1.0	2
9.82793	35.48540	-78.41089	SAX_LV_EPICARDIAL	3	1.0	2
13.11786	37.69493	-78.07235	SAX_LV_EPICARDIAL	3	1.0	2
15.87667	38.79970	-77.04467	SAX_LV_EPICARDIAL	3	1.0	2
18.63547	39.90448	-76.01698	SAX_LV_EPICARDIAL	3	1.0	2
21.39428	41.00925	-74.98929	SAX_LV_EPICARDIAL	3	1.0	2
23.62197	41.00925	-73.27244	SAX_LV_EPICARDIAL	3	1.0	2
26.38078	42.11402	-72.24475	SAX_LV_EPICARDIAL	3	1.0	2
28.60847	42.11402	-70.52791	SAX_LV_EPICARDIAL	3	1.0	2
30.83616	42.11402	-68.81106	SAX_LV_EPICARDIAL	3	1.0	2
33.59497	43.21879	-67.78337	SAX_LV_EPICARDIAL	3	1.0	2
35.82266	43.21880	-66.06653	SAX_LV_EPICARDIAL	3	1.0	2
37.51922	42.11403	-63.66053	SAX_LV_EPICARDIAL	3	1.0	2
39.74691	42.11403	-61.94368	SAX_LV_EPICARDIAL	3	1.0	2
41.44348	41.00927	-59.53768	SAX_LV_EPICARDIAL	3	1.0	2
43.67117	41.00927	-57.82083	SAX_LV_EPICARDIAL	3	1.0	2
44.83661	38.79973	-54.72567	SAX_LV_EPICARDIAL	3	1.0	2
46.53318	37.69497	-52.31967	SAX_LV_EPICARDIAL	3	1.0	2
47.69863	35.48543	-49.22451	SAX_LV_EPICARDIAL	3	1.0	2
48.86408	33.27590	-46.12935	SAX_LV_EPICARDIAL	3	1.0	2
48.91568	31.06636	-43.89262	SAX_LV_EPICARDIAL	3	1.0	2
50.08112	28.85683	-40.79746	SAX_LV_EPICARDIAL	3	1.0	2
50.13273	26.64729	-38.56072	SAX_LV_EPICARDIAL	3	1.0	2
50.18433	24.43776	-36.32398	SAX_LV_EPICARDIAL	3	1.0	2
49.12209	22.22822	-34.94567	SAX_LV_EPICARDIAL	3	1.0	2
49.17369	20.01869	-32.70893	SAX_LV_EPICARDIAL	3	1.0	2
48.11145	17.80915	-31.33062	SAX_LV_EPICARDIAL	3	1.0	2
47.04921	15.59961	-29.95231	SAX_LV_EPICARDIAL	3	1.0	2
45.98696	13.39008	-28.57399	SAX_LV_EPICARDIAL	3	1.0	2
44.92472	11.18054	-27.19568	SAX_LV_EPICARDIAL	3	1.0	2
43.86248	8.97100	-25.81737	SAX_LV_EPICARDIAL	3	1.0	2
41.68639	6.76147	-25.29748	SAX_LV_EPICARDIAL	3	1.0	2
40.62415	4.55193	-23.91916	SAX_LV_EPICARDIAL	3	1.0	2
38.44807	2.34239	-23.39927	SAX_LV_EPICARDIAL	3	1.0	2
37.38582	0.13285	-22.02096	SAX_LV_EPICARDIAL	3	1.0	2
35.20974	-2.07668	-21.50107	SAX_LV_EPICARDIAL	3	1.0	2
33.03365	-4.28622	-20.98118	SAX_LV_EPICARDIAL	3	1.0	2
30.85757	-6.49576	-20.46129	SAX_LV_EPICARDIAL	3	1.0	2
27.56764	-8.70530	-20.79982	SAX_LV_EPICARDIAL	3	1.0	2
24.27771	-10.91484	-21.13835	SAX_LV_EPICARDIAL	3	1.0	2
21.51890	-12.01961	-22.16604	SAX_LV_EPICARDIAL	3	1.0	2
18.76009	-13.12438	-23.19373	SAX_LV_EPICARDIAL	3	1.0	2
16.00128	-14.22915	-24.22142	SAX_LV_EPICARDIAL	3	1.0	2
13.24247	-15.33392	-25.24911	SAX_LV_EPICARDIAL	3	1.0	2
11.01478	-15.33392	-26.96595	SAX_LV_EPICARDIAL	3	1.0	2
10.85997	-8.70531	-33.67616	SAX_LV_ENDOCARDIAL	3	1.0	2
9.16340	-7.60055	-36.08216	SAX_LV_ENDOCARDIAL	3	1.0	2
6.93572	-7.60055	-37.79901	SAX_LV_ENDOCARDIAL	3	1.0	2
5.23915	-6.49578	-40.20501	SAX_LV_ENDOCARDIAL	3	1.0	2
3.01146	-6.49579	-41.92186	SAX_LV_ENDOCARDIAL	3	1.0	2
1.31489	-5.39102	-44.32786	SAX_LV_ENDOCARDIAL	3	1.0	2
-0.38167	-4.28625	-46.73386	SAX_LV_ENDOCARDIAL	3	1.0	2
-2.07824	-3.18149	-49.13986	SAX_LV_ENDOCARDIAL	3	1.0	2
-3.24369	-0.97195	-52.23502	SAX_LV_ENDOCARDIAL	3	1.0	2
-3.29529	1.23758	-54.47176	SAX_LV_ENDOCARDIAL	3	1.0	2
-4.46074	3.44712	-57.56692	SAX_LV_ENDOCARDIAL	3	1.0	2
-4.51234	5.65665	-59.80366	SAX_LV_ENDOCARDIAL	3	1.0	2
-4.56394	7.86619	-62.04039	SAX_LV_ENDOCARDIAL	3	1.0	2
-4.61554	10.07572	-64.27713	SAX_LV_ENDOCARDIAL	3	1.0	2
-4.66715	12.28526	-66.51386	SAX_LV_ENDOCARDIAL	3	1.0	2
-3.60490	14.49479	-67.89218	SAX_LV_ENDOCARDIAL	3	1.0	2
-2.54266	16.70433	-69.27049	SAX_LV_ENDOCARDIAL	3	1.0	2
-1.48042	18.91387	-70.64880	SAX_LV_ENDOCARDIAL	3	1.0	2
0.69567	21.12341	-71.16870	SAX_LV_ENDOCARDIAL	3	1.0	2
1.75791	23.33294	-72.54701	SAX_LV_ENDOCARDIAL	3	1.0	2
3.93399	25.54248	-73.06690	SAX_LV_ENDOCARDIAL	3	1.0	2
7.22392	27.75202	-72.72837	SAX_LV_ENDOCARDIAL	3	1.0	2
9.40001	29.96156	-73.24826	SAX_LV_ENDOCARDIAL	3	1.0	2
12.68994	32.17109	-72.90973	SAX_LV_ENDOCARDIAL	3	1.0	2
15.44875	33.27587	-71.88204	SAX_LV_ENDOCARDIAL	3	1.0	2
18.20756	34.38064	-70.85435	SAX_LV_ENDOCARDIAL	3	1.0	2
20.96637	35.48541	-69.82666	SAX_LV_ENDOCARDIAL	3	1.0	2
23.19406	35.48541	-68.10981	SAX_LV_ENDOCARDIAL	3	1.0	2
25.95287	36.59018	-67.08212	SAX_LV_ENDOCARDIAL	3	1.0	2
28.18055	36.59018	-65.36528	SAX_LV_ENDOCARDIAL	3	1.0	2
30.40824	36.59018	-63.64843	SAX_LV_ENDOCARDIAL	3	1.0	2
32.63593	36.59019	-61.93159	SAX_LV_ENDOCARDIAL	3	1.0	2
34.86362	36.59019	-60.21474	SAX_LV_ENDOCARDIAL	3	1.0	2
37.09131	36.59019	-58.49790	SAX_LV_ENDOCARDIAL	3	1.0	2
38.78788	35.48542	-56.09189	SAX_LV_ENDOCARDIAL	3	1.0	2
40.48444	34.38066	-53.68589	SAX_LV_ENDOCARDIAL	3	1.0	2
42.18101	33.27589	-51.27989	SAX_LV_ENDOCARDIAL	3	1.0	2
42.23261	31.06636	-49.04315	SAX_LV_ENDOCARDIAL	3	1.0	2
43.39806	28.85682	-45.94799	SAX_LV_ENDOCARDIAL	3	1.0	2
44.56351	26.64729	-42.85283	SAX_LV_ENDOCARDIAL	3	1.0	2
44.61511	24.43775	-40.61610	SAX_LV_ENDOCARDIAL	3	1.0	2
44.66671	22.22822	-38.37936	SAX_LV_ENDOCARDIAL	3	1.0	2
43.60447	20.01868	-37.00105	SAX_LV_ENDOCARDIAL	3	1.0	2
43.65607	17.80914	-34.76431	SAX_LV_ENDOCARDIAL	3	1.0	2
42.59383	15.59961	-33.38600	SAX_LV_ENDOCARDIAL	3	1.0	2
41.53159	13.39007	-32.00769	SAX_LV_ENDOCARDIAL	3	1.0	2
39.35550	11.18053	-31.48779	SAX_LV_ENDOCARDIAL	3	1.0	2
38.29326	8.97100	-30.10948	SAX_LV_ENDOCARDIAL	3	1.0	2
37.23102	6.76146	-28.73117	SAX_LV_ENDOCARDIAL	3	1.0	2
35.05493	4.55192	-28.21128	SAX_LV_ENDOCARDIAL	3	1.0	2
32.87885	2.34239	-27.69139	SAX_LV_ENDOCARDIAL	3	1.0	2
30.70276	0.13285	-27.17150	SAX_LV_ENDOCARDIAL	3	1.0	2
28.52667	-2.07669	-26.65161	SAX_LV_ENDOCARDIAL	3	1.0	2
26.88171	-3.18146	-26.82087	SAX_LV_ENDOCARDIAL	3	1.0	2
23.59178	-5.39100	-27.15940	SAX_LV_ENDOCARDIAL	3	1.0	2
20.83297	-6.49577	-28.18709	SAX_LV_ENDOCARDIAL	3	1.0	2
18.07416	-7.60054	-29.21478	SAX_LV_ENDOCARDIAL	3	1.0	2
15.84647	-7.60054	-30.93163	SAX_LV_ENDOCARDIAL	3	1.0	2
13.61878	-7.60054	-32.64847	SAX_LV_ENDOCARDIAL	3	1.0	2
5.49716	-17.54346	-29.02133	RV_INSERT	3	1.0	2
-13.09838	15.59955	-76.30714	RV_INSERT	3	1.0	2
-36.03462	-32.91358	-74.19039	SAX_RV_FREEWALL	4	1.0	2
-37.73119	-31.80882	-76.59639	SAX_RV_FREEWALL	4	1.0	2
-39.95888	-31.80882	-78.31323	SAX_RV_FREEWALL	4	1.0	2
-41.65545	-30.70405	-80.71924	SAX_RV_FREEWALL	4	1.0	2
-42.82089	-28.49452	-83.81439	SAX_RV_FREEWALL	4	1.0	2
-42.87250	-26.28498	-86.05113	SAX_RV_FREEWALL	4	1.0	2
-44.03794	-24.07545	-89.14629	SAX_RV_FREEWALL	4	1.0	2
-44.08955	-21.86591	-91.38303	SAX_RV_FREEWALL	4	1.0	2
-43.02730	-19.65638	-92.76134	SAX_RV_FREEWALL	4	1.0	2
-41.96506	-17.44684	-94.13965	SAX_RV_FREEWALL	4	1.0	2
-39.78898	-15.23730	-94.65954	SAX_RV_FREEWALL	4	1.0	2
-36.49905	-13.02776	-94.32101	SAX_RV_FREEWALL	4	1.0	2
-33.20912	-10.81822	-93.98248	SAX_RV_FREEWALL	4	1.0	2
-31.03303	-8.60869	-94.50237	SAX_RV_FREEWALL	4	1.0	2
-27.74310	-6.39915	-94.16384	SAX_RV_FREEWALL	4	1.0	2
-24.45317	-4.18961	-93.82531	SAX_RV_FREEWALL	4	1.0	2
-21.16324	-1.98007	-93.48677	SAX_RV_FREEWALL	4	1.0	2
-18.40443	-0.87530	-92.45908	SAX_RV_FREEWALL	4	1.0	2
-15.11450	1.33424	-92.12055	SAX_RV_FREEWALL	4	1.0	2
-12.35569	2.43901	-91.09286	SAX_RV_FREEWALL	4	1.0	2
-9.59688	3.54378	-90.06517	SAX_RV_FREEWALL	4	1.0	2
-6.83807	4.64855	-89.03749	SAX_RV_FREEWALL	4	1.0	2
-4.07926	5.75332	-88.00980	SAX_RV_FREEWALL	4	1.0	2
1.09855	-25.18017	-53.26180	SAX_RV_FREEWALL	4	1.0	2
-1.66026	-26.28494	-54.28949	SAX_RV_FREEWALL	4	1.0	2
-4.41907	-27.38971	-55.31718	SAX_RV_FREEWALL	4	1.0	2
-6.64676	-27.38971	-57.03402	SAX_RV_FREEWALL	4	1.0	2
-9.40557	-28.49448	-58.06171	SAX_RV_FREEWALL	4	1.0	2
-12.16438	-29.59925	-59.08940	SAX_RV_FREEWALL	4	1.0	2
-14.92319	-30.70403	-60.11709	SAX_RV_FREEWALL	4	1.0	2
-17.15088	-30.70403	-61.83393	SAX_RV_FREEWALL	4	1.0	2
-19.90968	-31.80880	-62.86162	SAX_RV_FREEWALL	4	1.0	2
-22.13737	-31.80880	-64.57847	SAX_RV_FREEWALL	4	1.0	2
-24.89618	-32.91357	-65.60616	SAX_RV_FREEWALL	4	1.0	2
-27.12387	-32.91357	-67.32300	SAX_RV_FREEWALL	4	1.0	2
-29.35156	-32.91358	-69.03985	SAX_RV_FREEWALL	4	1.0	2
-31.57925	-32.91358	-70.75669	SAX_RV_FREEWALL	4	1.0	2
-33.80694	-32.91358	-72.47354	SAX_RV_FREEWALL	4	1.0	2
-39.32455	-35.12312	-74.52892	SAX_RV_EPICARDIAL	4	1.0	2
-41.02112	-34.01835	-76.93492	SAX_RV_EPICARDIAL	4	1.0	2
-42.71769	-32.91359	-79.34092	SAX_RV_EPICARDIAL	4	1.0	2
-44.41426	-31.80882	-81.74692	SAX_RV_EPICARDIAL	4	1.0	2
-45.57970	-29.59929	-84.84208	SAX_RV_EPICARDIAL	4	1.0	2
-45.63131	-27.38975	-87.07882	SAX_RV_EPICARDIAL	4	1.0	2
-46.79675	-25.18022	-90.17398	SAX_RV_EPICARDIAL	4	1.0	2
-45.73451	-22.97068	-91.55229	SAX_RV_EPICARDIAL	4	1.0	2
-45.78611	-20.76115	-93.78903	SAX_RV_EPICARDIAL	4	1.0	2
-44.72387	-18.55161	-95.16734	SAX_RV_EPICARDIAL	4	1.0	2
-43.66163	-16.34207	-96.54566	SAX_RV_EPICARDIAL	4	1.0	2
-41.48554	-14.13254	-97.06555	SAX_RV_EPICARDIAL	4	1.0	2
-38.19561	-11.92300	-96.72701	SAX_RV_EPICARDIAL	4	1.0	2
-34.90568	-9.71346	-96.38848	SAX_RV_EPICARDIAL	4	1.0	2
-32.72960	-7.50392	-96.90837	SAX_RV_EPICARDIAL	4	1.0	2
-30.55351	-5.29438	-97.42826	SAX_RV_EPICARDIAL	4	1.0	2
-27.26358	-3.08484	-97.08973	SAX_RV_EPICARDIAL	4	1.0	2
-23.97365	-0.87531	-96.75120	SAX_RV_EPICARDIAL	4	1.0	2
-21.21484	0.22947	-95.72351	SAX_RV_EPICARDIAL	4	1.0	2
-17.92491	2.43900	-95.38498	SAX_RV_EPICARDIAL	4	1.0	2
-15.16610	3.54377	-94.35729	SAX_RV_EPICARDIAL	4	1.0	2
-12.40729	4.64855	-93.32960	SAX_RV_EPICARDIAL	4	1.0	2
-9.64848	5.75332	-92.30191	SAX_RV_EPICARDIAL	4	1.0	2
-6.88967	6.85809	-91.27422	SAX_RV_EPICARDIAL	4	1.0	2
-4.13086	7.96286	-90.24653	SAX_RV_EPICARDIAL	4	1.0	2
-0.84093	10.17240	-89.90800	SAX_RV_EPICARDIAL	4	1.0	2
1.38676	10.17240	-88.19115	SAX_RV_EPICARDIAL	4	1.0	2
-0.20661	6.85809	-86.12368	SAX_RV_EPICARDIAL	4	1.0	2
6.61617	-22.97063	-51.20642	SAX_RV_EPICARDIAL	4	1.0	2
7.78161	-25.18016	-48.11126	SAX_RV_EPICARDIAL	4	1.0	2
5.02280	-26.28493	-49.13895	SAX_RV_EPICARDIAL	4	1.0	2
2.26400	-27.38971	-50.16664	SAX_RV_EPICARDIAL	4	1.0	2
-0.49481	-28.49448	-51.19433	SAX_RV_EPICARDIAL	4	1.0	2
-2.72250	-28.49448	-52.91117	SAX_RV_EPICARDIAL	4	1.0	2
-5.48131	-29.59925	-53.93886	SAX_RV_EPICARDIAL	4	1.0	2
-8.24012	-30.70402	-54.96655	SAX_RV_EPICARDIAL	4	1.0	2
-10.46781	-30.70402	-56.68340	SAX_RV_EPICARDIAL	4	1.0	2
-13.22662	-31.80879	-57.71109	SAX_RV_EPICARDIAL	4	1.0	2
-15.98543	-32.91356	-58.73877	SAX_RV_EPICARDIAL	4	1.0	2
-18.74424	-34.01833	-59.76646	SAX_RV_EPICARDIAL	4	1.0	2
-20.97193	-34.01833	-61.48331	SAX_RV_EPICARDIAL	4	1.0	2
-23.73074	-35.12311	-62.51100	SAX_RV_EPICARDIAL	4	1.0	2
-25.95842	-35.12311	-64.22784	SAX_RV_EPICARDIAL	4	1.0	2
-28.18611	-35.12311	-65.94469	SAX_RV_EPICARDIAL	4	1.0	2
-30.41380	-35.12311	-67.66153	SAX_RV_EPICARDIAL	4	1.0	2
-32.64149	-35.12311	-69.37838	SAX_RV_EPICARDIAL	4	1.0	2
-34.86918	-35.12312	-71.09523	SAX_RV_EPICARDIAL	4	1.0	2
-37.09687	-35.12312	-72.81207	SAX_RV_EPICARDIAL	4	1.0	2
-1.32045	6.85809	-86.98211	SAX_RV_SEPTUM	4	1.0	2
-1.26885	4.64856	-84.74537	SAX_RV_SEPTUM	4	1.0	2
-2.33109	2.43902	-83.36706	SAX_RV_SEPTUM	4	1.0	2
-3.39333	0.22948	-81.98874	SAX_RV_SEPTUM	4	1.0	2
-3.34173	-1.98005	-79.75201	SAX_RV_SEPTUM	4	1.0	2
-4.40397	-4.18959	-78.37369	SAX_RV_SEPTUM	4	1.0	2
-4.35237	-6.39912	-76.13696	SAX_RV_SEPTUM	4	1.0	2
-4.30077	-8.60866	-73.90022	SAX_RV_SEPTUM	4	1.0	2
-4.24917	-10.81820	-71.66349	SAX_RV_SEPTUM	4	1.0	2
-3.08372	-13.02773	-68.56833	SAX_RV_SEPTUM	4	1.0	2
-3.03212	-15.23727	-66.33159	SAX_RV_SEPTUM	4	1.0	2
-1.33555	-16.34203	-63.92559	SAX_RV_SEPTUM	4	1.0	2
-0.17010	-18.55157	-60.83043	SAX_RV_SEPTUM	4	1.0	2
1.52647	-19.65633	-58.42443	SAX_RV_SEPTUM	4	1.0	2
3.22303	-20.76110	-56.01842	SAX_RV_SEPTUM	4	1.0	2
4.91960	-21.86586	-53.61242	SAX_RV_SEPTUM	4	1.0	2
3.85736	-24.07540	-52.23411	SAX_RV_SEPTUM	4	1.0	2
8.84386	-22.97063	-49.48957	SAX_LV_EPICARDIAL	4	1.0	2
2.55220	7.96286	-85.09600	SAX_LV_EPICARDIAL	4	1.0	2
3.61444	10.17240	-86.47431	SAX_LV_EPICARDIAL	4	1.0	2
5.79053	12.38194	-86.99420	SAX_LV_EPICARDIAL	4	1.0	2
7.96662	14.59148	-87.51409	SAX_LV_EPICARDIAL	4	1.0	2
10.14270	16.80101	-88.03398	SAX_LV_EPICARDIAL	4	1.0	2
12.31879	19.01055	-88.55387	SAX_LV_EPICARDIAL	4	1.0	2
15.60872	21.22009	-88.21534	SAX_LV_EPICARDIAL	4	1.0	2
18.89865	23.42963	-87.87681	SAX_LV_EPICARDIAL	4	1.0	2
22.18858	25.63917	-87.53828	SAX_LV_EPICARDIAL	4	1.0	2
24.94739	26.74394	-86.51059	SAX_LV_EPICARDIAL	4	1.0	2
27.70620	27.84871	-85.48290	SAX_LV_EPICARDIAL	4	1.0	2
30.46501	28.95348	-84.45521	SAX_LV_EPICARDIAL	4	1.0	2
32.69270	28.95348	-82.73836	SAX_LV_EPICARDIAL	4	1.0	2
35.45151	30.05825	-81.71067	SAX_LV_EPICARDIAL	4	1.0	2
37.67919	30.05825	-79.99383	SAX_LV_EPICARDIAL	4	1.0	2
39.90688	30.05826	-78.27698	SAX_LV_EPICARDIAL	4	1.0	2
41.60345	28.95349	-75.87098	SAX_LV_EPICARDIAL	4	1.0	2
43.83114	28.95349	-74.15413	SAX_LV_EPICARDIAL	4	1.0	2
45.52771	27.84873	-71.74813	SAX_LV_EPICARDIAL	4	1.0	2
47.22427	26.74396	-69.34213	SAX_LV_EPICARDIAL	4	1.0	2
48.92084	25.63919	-66.93613	SAX_LV_EPICARDIAL	4	1.0	2
50.61741	24.53443	-64.53013	SAX_LV_EPICARDIAL	4	1.0	2
52.31398	23.42966	-62.12412	SAX_LV_EPICARDIAL	4	1.0	2
53.47942	21.22013	-59.02896	SAX_LV_EPICARDIAL	4	1.0	2
53.53102	19.01059	-56.79223	SAX_LV_EPICARDIAL	4	1.0	2
53.58263	16.80106	-54.55549	SAX_LV_EPICARDIAL	4	1.0	2
53.63423	14.59152	-52.31876	SAX_LV_EPICARDIAL	4	1.0	2
53.68583	12.38199	-50.08202	SAX_LV_EPICARDIAL	4	1.0	2
53.73743	10.17245	-47.84528	SAX_LV_EPICARDIAL	4	1.0	2
52.67519	7.96291	-46.46697	SAX_LV_EPICARDIAL	4	1.0	2
51.61295	5.75338	-45.08866	SAX_LV_EPICARDIAL	4	1.0	2
50.55071	3.54384	-43.71034	SAX_LV_EPICARDIAL	4	1.0	2
49.48847	1.33430	-42.33203	SAX_LV_EPICARDIAL	4	1.0	2
48.42622	-0.87523	-40.95372	SAX_LV_EPICARDIAL	4	1.0	2
46.25014	-3.08477	-40.43382	SAX_LV_EPICARDIAL	4	1.0	2
45.18790	-5.29431	-39.05551	SAX_LV_EPICARDIAL	4	1.0	2
43.01181	-7.50385	-38.53562	SAX_LV_EPICARDIAL	4	1.0	2
41.94957	-9.71338	-37.15731	SAX_LV_EPICARDIAL	4	1.0	2
38.65964	-11.92292	-37.49584	SAX_LV_EPICARDIAL	4	1.0	2
36.48355	-14.13246	-36.97595	SAX_LV_EPICARDIAL	4	1.0	2
33.19362	-16.34200	-37.31448	SAX_LV_EPICARDIAL	4	1.0	2
29.90369	-18.55154	-37.65301	SAX_LV_EPICARDIAL	4	1.0	2
27.14488	-19.65631	-38.68070	SAX_LV_EPICARDIAL	4	1.0	2
24.38607	-20.76108	-39.70839	SAX_LV_EPICARDIAL	4	1.0	2
21.62726	-21.86585	-40.73608	SAX_LV_EPICARDIAL	4	1.0	2
19.39957	-21.86585	-42.45293	SAX_LV_EPICARDIAL	4	1.0	2
16.64077	-22.97062	-43.48061	SAX_LV_EPICARDIAL	4	1.0	2
14.41308	-22.97062	-45.19746	SAX_LV_EPICARDIAL	4	1.0	2
12.18539	-22.97062	-46.91431	SAX_LV_EPICARDIAL	4	1.0	2
9.95770	-22.97063	-48.63115	SAX_LV_EPICARDIAL	4	1.0	2
16.48596	-16.34201	-50.19082	SAX_LV_ENDOCARDIAL	4	1.0	2
14.78939	-15.23725	-52.59683	SAX_LV_ENDOCARDIAL	4	1.0	2
12.56170	-15.23725	-54.31367	SAX_LV_ENDOCARDIAL	4	1.0	2
10.86514	-14.13248	-56.71967	SAX_LV_ENDOCARDIAL	4	1.0	2
9.16857	-13.02772	-59.12568	SAX_LV_ENDOCARDIAL	4	1.0	2
7.47200	-11.92295	-61.53168	SAX_LV_ENDOCARDIAL	4	1.0	2
5.77543	-10.81819	-63.93768	SAX_LV_ENDOCARDIAL	4	1.0	2
4.60999	-8.60865	-67.03284	SAX_LV_ENDOCARDIAL	4	1.0	2
4.55838	-6.39912	-69.26958	SAX_LV_ENDOCARDIAL	4	1.0	2
4.50678	-4.18958	-71.50631	SAX_LV_ENDOCARDIAL	4	1.0	2
4.45518	-1.98004	-73.74305	SAX_LV_ENDOCARDIAL	4	1.0	2
4.40358	0.22949	-75.97978	SAX_LV_ENDOCARDIAL	4	1.0	2
5.46582	2.43903	-77.35810	SAX_LV_ENDOCARDIAL	4	1.0	2
6.52806	4.64856	-78.73641	SAX_LV_ENDOCARDIAL	4	1.0	2
7.59030	6.85810	-80.11472	SAX_LV_ENDOCARDIAL	4	1.0	2
8.65254	9.06764	-81.49304	SAX_LV_ENDOCARDIAL	4	1.0	2
10.82863	11.27717	-82.01293	SAX_LV_ENDOCARDIAL	4	1.0	2
13.00472	13.48671	-82.53282	SAX_LV_ENDOCARDIAL	4	1.0	2
15.18080	15.69625	-83.05271	SAX_LV_ENDOCARDIAL	4	1.0	2
18.47073	17.90579	-82.71418	SAX_LV_ENDOCARDIAL	4	1.0	2
21.76066	20.11533	-82.37565	SAX_LV_ENDOCARDIAL	4	1.0	2
24.51947	21.22010	-81.34796	SAX_LV_ENDOCARDIAL	4	1.0	2
27.27828	22.32487	-80.32027	SAX_LV_ENDOCARDIAL	4	1.0	2
29.50597	22.32487	-78.60342	SAX_LV_ENDOCARDIAL	4	1.0	2
32.26478	23.42964	-77.57573	SAX_LV_ENDOCARDIAL	4	1.0	2
34.49247	23.42964	-75.85889	SAX_LV_ENDOCARDIAL	4	1.0	2
36.72016	23.42965	-74.14204	SAX_LV_ENDOCARDIAL	4	1.0	2
38.94784	23.42965	-72.42520	SAX_LV_ENDOCARDIAL	4	1.0	2
41.17553	23.42965	-70.70835	SAX_LV_ENDOCARDIAL	4	1.0	2
42.87210	22.32488	-68.30235	SAX_LV_ENDOCARDIAL	4	1.0	2
44.56867	21.22012	-65.89635	SAX_LV_ENDOCARDIAL	4	1.0	2
46.26524	20.11535	-63.49034	SAX_LV_ENDOCARDIAL	4	1.0	2
47.43068	17.90582	-60.39518	SAX_LV_ENDOCARDIAL	4	1.0	2
47.48228	15.69628	-58.15845	SAX_LV_ENDOCARDIAL	4	1.0	2
48.64773	13.48675	-55.06329	SAX_LV_ENDOCARDIAL	4	1.0	2
48.69933	11.27721	-52.82655	SAX_LV_ENDOCARDIAL	4	1.0	2
47.63709	9.06768	-51.44824	SAX_LV_ENDOCARDIAL	4	1.0	2
46.57485	6.85814	-50.06993	SAX_LV_ENDOCARDIAL	4	1.0	2
46.62645	4.64860	-47.83319	SAX_LV_ENDOCARDIAL	4	1.0	2
44.45037	2.43907	-47.31330	SAX_LV_ENDOCARDIAL	4	1.0	2
43.38812	0.22953	-45.93499	SAX_LV_ENDOCARDIAL	4	1.0	2
41.21204	-1.98001	-45.41510	SAX_LV_ENDOCARDIAL	4	1.0	2
39.03595	-4.18955	-44.89520	SAX_LV_ENDOCARDIAL	4	1.0	2
36.85987	-6.39908	-44.37531	SAX_LV_ENDOCARDIAL	4	1.0	2
34.68378	-8.60862	-43.85542	SAX_LV_ENDOCARDIAL	4	1.0	2
31.39385	-10.81816	-44.19396	SAX_LV_ENDOCARDIAL	4	1.0	2
28.10392	-13.02770	-44.53249	SAX_LV_ENDOCARDIAL	4	1.0	2
25.34511	-14.13247	-45.56018	SAX_LV_ENDOCARDIAL	4	1.0	2
22.58630	-15.23724	-46.58787	SAX_LV_ENDOCARDIAL	4	1.0	2
19.82749	-16.34201	-47.61555	SAX_LV_ENDOCARDIAL	4	1.0	2
17.59980	-16.34201	-49.33240	SAX_LV_ENDOCARDIAL	4	1.0	2
-1.32045	6.85809	-86.98211	RV_INSERT	4	1.0	2
3.85736	-24.07540	-52.23411	RV_INSERT	4	1.0	2
-13.95899	-29.50259	-89.01289	SAX_RV_FREEWALL	5	1.0	2
-15.65555	-28.39782	-91.41889	SAX_RV_FREEWALL	5	1.0	2
-17.35212	-27.29306	-93.82489	SAX_RV_FREEWALL	5	1.0	2
-19.04869	-26.18829	-96.23089	SAX_RV_FREEWALL	5	1.0	2
-19.10029	-23.97875	-98.46763	SAX_RV_FREEWALL	5	1.0	2
-16.92421	-21.76922	-98.98752	SAX_RV_FREEWALL	5	1.0	2
-14.74812	-19.55968	-99.50741	SAX_RV_FREEWALL	5	1.0	2
-11.45819	-17.35014	-99.16888	SAX_RV_FREEWALL	5	1.0	2
-9.28210	-15.14060	-99.68877	SAX_RV_FREEWALL	5	1.0	2
-5.99217	-12.93106	-99.35024	SAX_RV_FREEWALL	5	1.0	2
-2.70224	-10.72152	-99.01170	SAX_RV_FREEWALL	5	1.0	2
0.58769	-8.51199	-98.67317	SAX_RV_FREEWALL	5	1.0	2
3.87762	-6.30245	-98.33464	SAX_RV_FREEWALL	5	1.0	2
6.63643	-5.19768	-97.30695	SAX_RV_FREEWALL	5	1.0	2
9.39524	-4.09291	-96.27926	SAX_RV_FREEWALL	5	1.0	2
11.62293	-4.09290	-94.56242	SAX_RV_FREEWALL	5	1.0	2
8.21469	-25.08349	-76.31790	SAX_RV_FREEWALL	5	1.0	2
5.98700	-25.08350	-78.03475	SAX_RV_FREEWALL	5	1.0	2
3.75932	-25.08350	-79.75159	SAX_RV_FREEWALL	5	1.0	2
1.53163	-25.08350	-81.46844	SAX_RV_FREEWALL	5	1.0	2
-1.22718	-26.18827	-82.49613	SAX_RV_FREEWALL	5	1.0	2
-3.98599	-27.29304	-83.52382	SAX_RV_FREEWALL	5	1.0	2
-6.74480	-28.39781	-84.55151	SAX_RV_FREEWALL	5	1.0	2
-8.97249	-28.39781	-86.26835	SAX_RV_FREEWALL	5	1.0	2
-11.73130	-29.50259	-87.29604	SAX_RV_FREEWALL	5	1.0	2
-17.78004	-32.81689	-88.66226	SAX_RV_EPICARDIAL	5	1.0	2
-19.47661	-31.71213	-91.06826	SAX_RV_EPICARDIAL	5	1.0	2
-21.17317	-30.60736	-93.47427	SAX_RV_EPICARDIAL	5	1.0	2
-22.86974	-29.50260	-95.88027	SAX_RV_EPICARDIAL	5	1.0	2
-22.92134	-27.29306	-98.11700	SAX_RV_EPICARDIAL	5	1.0	2
-21.85910	-25.08352	-99.49532	SAX_RV_EPICARDIAL	5	1.0	2
-20.79686	-22.87399	-100.87363	SAX_RV_EPICARDIAL	5	1.0	2
-18.62077	-20.66445	-101.39352	SAX_RV_EPICARDIAL	5	1.0	2
-16.44469	-18.45491	-101.91341	SAX_RV_EPICARDIAL	5	1.0	2
-13.15476	-16.24537	-101.57488	SAX_RV_EPICARDIAL	5	1.0	2
-10.97867	-14.03584	-102.09477	SAX_RV_EPICARDIAL	5	1.0	2
-7.68874	-11.82630	-101.75624	SAX_RV_EPICARDIAL	5	1.0	2
-4.39881	-9.61676	-101.41771	SAX_RV_EPICARDIAL	5	1.0	2
-1.10888	-7.40722	-101.07917	SAX_RV_EPICARDIAL	5	1.0	2
1.64993	-6.30245	-100.05149	SAX_RV_EPICARDIAL	5	1.0	2
4.93986	-4.09291	-99.71295	SAX_RV_EPICARDIAL	5	1.0	2
7.69867	-2.98814	-98.68526	SAX_RV_EPICARDIAL	5	1.0	2
10.45748	-1.88337	-97.65758	SAX_RV_EPICARDIAL	5	1.0	2
12.68517	-1.88337	-95.94073	SAX_RV_EPICARDIAL	5	1.0	2
14.91286	-1.88337	-94.22388	SAX_RV_EPICARDIAL	5	1.0	2
14.38173	-2.98813	-93.53473	SAX_RV_EPICARDIAL	5	1.0	2
13.78391	-25.08349	-72.02579	SAX_RV_EPICARDIAL	5	1.0	2
14.36664	-26.18826	-70.47821	SAX_RV_EPICARDIAL	5	1.0	2
12.13895	-26.18826	-72.19505	SAX_RV_EPICARDIAL	5	1.0	2
9.38014	-27.29303	-73.22274	SAX_RV_EPICARDIAL	5	1.0	2
7.15245	-27.29303	-74.93959	SAX_RV_EPICARDIAL	5	1.0	2
4.92476	-27.29303	-76.65643	SAX_RV_EPICARDIAL	5	1.0	2
2.69707	-27.29304	-78.37328	SAX_RV_EPICARDIAL	5	1.0	2
-0.06174	-28.39781	-79.40097	SAX_RV_EPICARDIAL	5	1.0	2
-2.82054	-29.50258	-80.42866	SAX_RV_EPICARDIAL	5	1.0	2
-5.04823	-29.50258	-82.14550	SAX_RV_EPICARDIAL	5	1.0	2
-7.80704	-30.60735	-83.17319	SAX_RV_EPICARDIAL	5	1.0	2
-10.56585	-31.71212	-84.20088	SAX_RV_EPICARDIAL	5	1.0	2
-12.79354	-31.71212	-85.91773	SAX_RV_EPICARDIAL	5	1.0	2
-15.55235	-32.81689	-86.94542	SAX_RV_EPICARDIAL	5	1.0	2
13.85061	-4.09290	-92.84557	SAX_RV_SEPTUM	5	1.0	2
12.78837	-6.30244	-91.46726	SAX_RV_SEPTUM	5	1.0	2
11.72613	-8.51197	-90.08894	SAX_RV_SEPTUM	5	1.0	2
10.66389	-10.72151	-88.71063	SAX_RV_SEPTUM	5	1.0	2
10.71549	-12.93105	-86.47389	SAX_RV_SEPTUM	5	1.0	2
9.65325	-15.14058	-85.09558	SAX_RV_SEPTUM	5	1.0	2
10.81870	-17.35012	-82.00042	SAX_RV_SEPTUM	5	1.0	2
10.87030	-19.55965	-79.76369	SAX_RV_SEPTUM	5	1.0	2
12.03574	-21.76919	-76.66853	SAX_RV_SEPTUM	5	1.0	2
13.20119	-23.97872	-73.57337	SAX_RV_SEPTUM	5	1.0	2
10.44238	-25.08349	-74.60106	SAX_RV_SEPTUM	5	1.0	2
18.82201	-26.18825	-67.04452	SAX_LV_EPICARDIAL	5	1.0	2
17.12545	-25.08349	-69.45052	SAX_LV_EPICARDIAL	5	1.0	2
17.67167	-0.77859	-93.19620	SAX_LV_EPICARDIAL	5	1.0	2
19.84775	1.43094	-93.71609	SAX_LV_EPICARDIAL	5	1.0	2
22.02384	3.64048	-94.23598	SAX_LV_EPICARDIAL	5	1.0	2
25.31377	5.85002	-93.89744	SAX_LV_EPICARDIAL	5	1.0	2
28.60370	8.05956	-93.55891	SAX_LV_EPICARDIAL	5	1.0	2
31.36251	9.16433	-92.53122	SAX_LV_EPICARDIAL	5	1.0	2
34.12132	10.26910	-91.50353	SAX_LV_EPICARDIAL	5	1.0	2
36.34900	10.26910	-89.78669	SAX_LV_EPICARDIAL	5	1.0	2
39.10781	11.37387	-88.75900	SAX_LV_EPICARDIAL	5	1.0	2
41.33550	11.37387	-87.04215	SAX_LV_EPICARDIAL	5	1.0	2
43.56319	11.37388	-85.32531	SAX_LV_EPICARDIAL	5	1.0	2
45.79088	11.37388	-83.60846	SAX_LV_EPICARDIAL	5	1.0	2
47.48745	10.26911	-81.20246	SAX_LV_EPICARDIAL	5	1.0	2
49.18401	9.16435	-78.79646	SAX_LV_EPICARDIAL	5	1.0	2
51.41170	9.16435	-77.07961	SAX_LV_EPICARDIAL	5	1.0	2
52.57715	6.95481	-73.98445	SAX_LV_EPICARDIAL	5	1.0	2
54.27372	5.85005	-71.57845	SAX_LV_EPICARDIAL	5	1.0	2
54.32532	3.64051	-69.34171	SAX_LV_EPICARDIAL	5	1.0	2
54.37692	1.43098	-67.10498	SAX_LV_EPICARDIAL	5	1.0	2
54.42852	-0.77856	-64.86824	SAX_LV_EPICARDIAL	5	1.0	2
54.48013	-2.98809	-62.63151	SAX_LV_EPICARDIAL	5	1.0	2
53.41788	-5.19763	-61.25319	SAX_LV_EPICARDIAL	5	1.0	2
52.35564	-7.40717	-59.87488	SAX_LV_EPICARDIAL	5	1.0	2
51.29340	-9.61670	-58.49657	SAX_LV_EPICARDIAL	5	1.0	2
49.11731	-11.82624	-57.97668	SAX_LV_EPICARDIAL	5	1.0	2
48.05507	-14.03578	-56.59836	SAX_LV_EPICARDIAL	5	1.0	2
45.87899	-16.24532	-56.07847	SAX_LV_EPICARDIAL	5	1.0	2
43.70290	-18.45485	-55.55858	SAX_LV_EPICARDIAL	5	1.0	2
40.41297	-20.66439	-55.89711	SAX_LV_EPICARDIAL	5	1.0	2
37.12304	-22.87393	-56.23564	SAX_LV_EPICARDIAL	5	1.0	2
34.36423	-23.97870	-57.26333	SAX_LV_EPICARDIAL	5	1.0	2
31.60542	-25.08347	-58.29102	SAX_LV_EPICARDIAL	5	1.0	2
28.84661	-26.18824	-59.31871	SAX_LV_EPICARDIAL	5	1.0	2
26.61892	-26.18824	-61.03556	SAX_LV_EPICARDIAL	5	1.0	2
24.39124	-26.18825	-62.75240	SAX_LV_EPICARDIAL	5	1.0	2
22.16355	-26.18825	-64.46925	SAX_LV_EPICARDIAL	5	1.0	2
19.93586	-26.18825	-66.18609	SAX_LV_EPICARDIAL	5	1.0	2
23.70531	-20.66441	-68.77345	SAX_LV_ENDOCARDIAL	5	1.0	2
22.00874	-19.55964	-71.17946	SAX_LV_ENDOCARDIAL	5	1.0	2
20.31217	-18.45488	-73.58546	SAX_LV_ENDOCARDIAL	5	1.0	2
19.14673	-16.24534	-76.68062	SAX_LV_ENDOCARDIAL	5	1.0	2
17.98128	-14.03581	-79.77578	SAX_LV_ENDOCARDIAL	5	1.0	2
17.92968	-11.82627	-82.01251	SAX_LV_ENDOCARDIAL	5	1.0	2
17.87807	-9.61674	-84.24925	SAX_LV_ENDOCARDIAL	5	1.0	2
18.94032	-7.40720	-85.62756	SAX_LV_ENDOCARDIAL	5	1.0	2
20.00256	-5.19766	-87.00588	SAX_LV_ENDOCARDIAL	5	1.0	2
21.06480	-2.98813	-88.38419	SAX_LV_ENDOCARDIAL	5	1.0	2
23.24089	-0.77859	-88.90408	SAX_LV_ENDOCARDIAL	5	1.0	2
26.53082	1.43095	-88.56555	SAX_LV_ENDOCARDIAL	5	1.0	2
29.82075	3.64049	-88.22702	SAX_LV_ENDOCARDIAL	5	1.0	2
32.57956	4.74526	-87.19933	SAX_LV_ENDOCARDIAL	5	1.0	2
34.80724	4.74526	-85.48248	SAX_LV_ENDOCARDIAL	5	1.0	2
37.56605	5.85003	-84.45479	SAX_LV_ENDOCARDIAL	5	1.0	2
39.79374	5.85003	-82.73795	SAX_LV_ENDOCARDIAL	5	1.0	2
42.02143	5.85004	-81.02110	SAX_LV_ENDOCARDIAL	5	1.0	2
43.71800	4.74527	-78.61510	SAX_LV_ENDOCARDIAL	5	1.0	2
45.41457	3.64050	-76.20910	SAX_LV_ENDOCARDIAL	5	1.0	2
47.11113	2.53574	-73.80309	SAX_LV_ENDOCARDIAL	5	1.0	2
48.27658	0.32620	-70.70794	SAX_LV_ENDOCARDIAL	5	1.0	2
48.32818	-1.88333	-68.47120	SAX_LV_ENDOCARDIAL	5	1.0	2
47.26594	-4.09287	-67.09289	SAX_LV_ENDOCARDIAL	5	1.0	2
46.20370	-6.30240	-65.71457	SAX_LV_ENDOCARDIAL	5	1.0	2
45.14146	-8.51194	-64.33626	SAX_LV_ENDOCARDIAL	5	1.0	2
44.07921	-10.72148	-62.95795	SAX_LV_ENDOCARDIAL	5	1.0	2
41.90313	-12.93102	-62.43806	SAX_LV_ENDOCARDIAL	5	1.0	2
39.72704	-15.14055	-61.91816	SAX_LV_ENDOCARDIAL	5	1.0	2
36.43711	-17.35009	-62.25670	SAX_LV_ENDOCARDIAL	5	1.0	2
33.67830	-18.45486	-63.28439	SAX_LV_ENDOCARDIAL	5	1.0	2
30.91949	-19.55963	-64.31207	SAX_LV_ENDOCARDIAL	5	1.0	2
28.16068	-20.66440	-65.33976	SAX_LV_ENDOCARDIAL	5	1.0	2
25.93300	-20.66441	-67.05661	SAX_LV_ENDOCARDIAL	5	1.0	2
11.62293	-4.09290	-94.56242	RV_INSERT	5	1.0	2
10.44238	-25.08349	-74.60106	RV_INSERT	5	1.0	2
13.73847	-28.30212	-97.30654	SAX_RV_FREEWALL	6	1.0	2
12.04191	-27.19736	-99.71254	SAX_RV_FREEWALL	6	1.0	2
9.81422	-27.19736	-101.42938	SAX_RV_FREEWALL	6	1.0	2
7.58653	-27.19736	-103.14623	SAX_RV_FREEWALL	6	1.0	2
7.53493	-24.98783	-105.38297	SAX_RV_FREEWALL	6	1.0	2
7.48333	-22.77829	-107.61970	SAX_RV_FREEWALL	6	1.0	2
8.54557	-20.56875	-108.99802	SAX_RV_FREEWALL	6	1.0	2
10.72165	-18.35922	-109.51791	SAX_RV_FREEWALL	6	1.0	2
13.48046	-17.25445	-108.49022	SAX_RV_FREEWALL	6	1.0	2
16.23927	-16.14968	-107.46253	SAX_RV_FREEWALL	6	1.0	2
19.52920	-13.94014	-107.12400	SAX_RV_FREEWALL	6	1.0	2
21.75689	-13.94013	-105.40715	SAX_RV_FREEWALL	6	1.0	2
16.49728	-27.19735	-96.27885	SAX_RV_FREEWALL	6	1.0	2
6.52429	-29.40690	-101.76792	SAX_RV_EPICARDIAL	6	1.0	2
4.82772	-28.30213	-104.17392	SAX_RV_EPICARDIAL	6	1.0	2
4.77612	-26.09260	-106.41065	SAX_RV_EPICARDIAL	6	1.0	2
3.61067	-23.88306	-109.50581	SAX_RV_EPICARDIAL	6	1.0	2
5.78676	-21.67352	-110.02570	SAX_RV_EPICARDIAL	6	1.0	2
6.84900	-19.46399	-111.40402	SAX_RV_EPICARDIAL	6	1.0	2
10.13893	-17.25445	-111.06549	SAX_RV_EPICARDIAL	6	1.0	2
12.89774	-16.14968	-110.03780	SAX_RV_EPICARDIAL	6	1.0	2
16.18767	-13.94014	-109.69926	SAX_RV_EPICARDIAL	6	1.0	2
17.88424	-15.04491	-107.29326	SAX_RV_EPICARDIAL	6	1.0	2
20.64305	-13.94014	-106.26557	SAX_RV_EPICARDIAL	6	1.0	2
23.40186	-12.83537	-105.23788	SAX_RV_EPICARDIAL	6	1.0	2
20.90106	-24.98781	-95.08189	SAX_RV_EPICARDIAL	6	1.0	2
22.06650	-27.19735	-91.98673	SAX_RV_EPICARDIAL	6	1.0	2
20.42154	-28.30212	-92.15600	SAX_RV_EPICARDIAL	6	1.0	2
18.19385	-28.30212	-93.87284	SAX_RV_EPICARDIAL	6	1.0	2
15.43504	-29.40689	-94.90053	SAX_RV_EPICARDIAL	6	1.0	2
13.20735	-29.40689	-96.61738	SAX_RV_EPICARDIAL	6	1.0	2
10.97966	-29.40689	-98.33422	SAX_RV_EPICARDIAL	6	1.0	2
8.75198	-29.40690	-100.05107	SAX_RV_EPICARDIAL	6	1.0	2
24.51570	-12.83536	-104.37946	SAX_RV_SEPTUM	6	1.0	2
23.45346	-15.04490	-103.00115	SAX_RV_SEPTUM	6	1.0	2
22.39122	-17.25444	-101.62283	SAX_RV_SEPTUM	6	1.0	2
21.32897	-19.46397	-100.24452	SAX_RV_SEPTUM	6	1.0	2
21.38058	-21.67351	-98.00778	SAX_RV_SEPTUM	6	1.0	2
21.43218	-23.88304	-95.77105	SAX_RV_SEPTUM	6	1.0	2
19.25609	-26.09258	-95.25116	SAX_RV_SEPTUM	6	1.0	2
27.15621	-30.51165	-84.76873	SAX_LV_EPICARDIAL	6	1.0	2
25.45964	-29.40688	-87.17473	SAX_LV_EPICARDIAL	6	1.0	2
23.76307	-28.30211	-89.58073	SAX_LV_EPICARDIAL	6	1.0	2
31.09556	-8.41629	-103.70240	SAX_LV_EPICARDIAL	6	1.0	2
33.85437	-7.31152	-102.67471	SAX_LV_EPICARDIAL	6	1.0	2
36.61318	-6.20675	-101.64702	SAX_LV_EPICARDIAL	6	1.0	2
38.84087	-6.20674	-99.93017	SAX_LV_EPICARDIAL	6	1.0	2
41.59968	-5.10197	-98.90248	SAX_LV_EPICARDIAL	6	1.0	2
43.82737	-5.10197	-97.18564	SAX_LV_EPICARDIAL	6	1.0	2
45.52393	-6.20674	-94.77964	SAX_LV_EPICARDIAL	6	1.0	2
47.75162	-6.20673	-93.06279	SAX_LV_EPICARDIAL	6	1.0	2
49.44819	-7.31150	-90.65679	SAX_LV_EPICARDIAL	6	1.0	2
50.61364	-9.52103	-87.56163	SAX_LV_EPICARDIAL	6	1.0	2
50.66524	-11.73057	-85.32489	SAX_LV_EPICARDIAL	6	1.0	2
49.60300	-13.94011	-83.94658	SAX_LV_EPICARDIAL	6	1.0	2
49.65460	-16.14964	-81.70984	SAX_LV_EPICARDIAL	6	1.0	2
48.59236	-18.35918	-80.33153	SAX_LV_EPICARDIAL	6	1.0	2
47.53011	-20.56872	-78.95322	SAX_LV_EPICARDIAL	6	1.0	2
45.35403	-22.77825	-78.43333	SAX_LV_EPICARDIAL	6	1.0	2
43.17794	-24.98779	-77.91344	SAX_LV_EPICARDIAL	6	1.0	2
41.00186	-27.19733	-77.39354	SAX_LV_EPICARDIAL	6	1.0	2
38.24305	-28.30210	-78.42123	SAX_LV_EPICARDIAL	6	1.0	2
35.48424	-29.40687	-79.44892	SAX_LV_EPICARDIAL	6	1.0	2
32.72543	-30.51164	-80.47661	SAX_LV_EPICARDIAL	6	1.0	2
30.49774	-30.51164	-82.19346	SAX_LV_EPICARDIAL	6	1.0	2
28.27005	-30.51164	-83.91030	SAX_LV_EPICARDIAL	6	1.0	2
30.39453	-26.09257	-86.66693	SAX_LV_ENDOCARDIAL	6	1.0	2
28.69797	-24.98781	-89.07293	SAX_LV_ENDOCARDIAL	6	1.0	2
27.53252	-22.77827	-92.16809	SAX_LV_ENDOCARDIAL	6	1.0	2
27.48092	-20.56874	-94.40483	SAX_LV_ENDOCARDIAL	6	1.0	2
27.42932	-18.35920	-96.64156	SAX_LV_ENDOCARDIAL	6	1.0	2
28.49156	-16.14966	-98.01988	SAX_LV_ENDOCARDIAL	6	1.0	2
29.55380	-13.94013	-99.39819	SAX_LV_ENDOCARDIAL	6	1.0	2
31.72989	-11.73059	-99.91808	SAX_LV_ENDOCARDIAL	6	1.0	2
34.48870	-10.62582	-98.89039	SAX_LV_ENDOCARDIAL	6	1.0	2
37.24750	-9.52105	-97.86270	SAX_LV_ENDOCARDIAL	6	1.0	2
39.47519	-9.52105	-96.14586	SAX_LV_ENDOCARDIAL	6	1.0	2
41.70288	-9.52104	-94.42901	SAX_LV_ENDOCARDIAL	6	1.0	2
43.39945	-10.62581	-92.02301	SAX_LV_ENDOCARDIAL	6	1.0	2
44.56490	-12.83534	-88.92785	SAX_LV_ENDOCARDIAL	6	1.0	2
44.61650	-15.04488	-86.69111	SAX_LV_ENDOCARDIAL	6	1.0	2
43.55426	-17.25442	-85.31280	SAX_LV_ENDOCARDIAL	6	1.0	2
43.60586	-19.46395	-83.07606	SAX_LV_ENDOCARDIAL	6	1.0	2
41.42977	-21.67349	-82.55617	SAX_LV_ENDOCARDIAL	6	1.0	2
39.25369	-23.88303	-82.03628	SAX_LV_ENDOCARDIAL	6	1.0	2
36.49488	-24.98780	-83.06397	SAX_LV_ENDOCARDIAL	6	1.0	2
33.73607	-26.09257	-84.09166	SAX_LV_ENDOCARDIAL	6	1.0	2
31.50838	-26.09257	-85.80851	SAX_LV_ENDOCARDIAL	6	1.0	2
24.51570	-12.83536	-104.37946	RV_INSERT	6	1.0	2
19.25609	-26.09258	-95.25116	RV_INSERT	6	1.0	2
6.69733	21.45578	-19.92973	LAX_LV_ENDOCARDIAL	9	1.0	2
8.50012	19.28745	-21.32112	LAX_LV_ENDOCARDIAL	9	1.0	2
10.24786	17.08396	-21.30777	LAX_LV_ENDOCARDIAL	9	1.0	2
12.05066	14.91563	-22.69916	LAX_LV_ENDOCARDIAL	9	1.0	2
13.85345	12.74729	-24.09055	LAX_LV_ENDOCARDIAL	9	1.0	2
15.60119	10.54380	-24.07720	LAX_LV_ENDOCARDIAL	9	1.0	2
17.40398	8.37547	-25.46859	LAX_LV_ENDOCARDIAL	9	1.0	2
19.15173	6.17198	-25.45524	LAX_LV_ENDOCARDIAL	9	1.0	2
20.89948	3.96850	-25.44190	LAX_LV_ENDOCARDIAL	9	1.0	2
22.64722	1.76501	-25.42855	LAX_LV_ENDOCARDIAL	9	1.0	2
24.45001	-0.40333	-26.81994	LAX_LV_ENDOCARDIAL	9	1.0	2
26.25281	-2.57166	-28.21133	LAX_LV_ENDOCARDIAL	9	1.0	2
28.11064	-4.70484	-31.00745	LAX_LV_ENDOCARDIAL	9	1.0	2
29.96848	-6.83803	-33.80356	LAX_LV_ENDOCARDIAL	9	1.0	2
30.07857	-6.76772	-36.61303	LAX_LV_ENDOCARDIAL	9	1.0	2
31.06253	-7.79916	-39.41582	LAX_LV_ENDOCARDIAL	9	1.0	2
32.04649	-8.83060	-42.21861	LAX_LV_ENDOCARDIAL	9	1.0	2
33.03045	-9.86204	-45.02141	LAX_LV_ENDOCARDIAL	9	1.0	2
34.01442	-10.89348	-47.82420	LAX_LV_ENDOCARDIAL	9	1.0	2
34.99838	-11.92492	-50.62699	LAX_LV_ENDOCARDIAL	9	1.0	2
35.98234	-12.95636	-53.42978	LAX_LV_ENDOCARDIAL	9	1.0	2
36.96630	-13.98780	-56.23258	LAX_LV_ENDOCARDIAL	9	1.0	2
37.95027	-15.01924	-59.03537	LAX_LV_ENDOCARDIAL	9	1.0	2
38.06035	-14.94894	-61.84483	LAX_LV_ENDOCARDIAL	9	1.0	2
39.04432	-15.98038	-64.64763	LAX_LV_ENDOCARDIAL	9	1.0	2
40.02828	-17.01182	-67.45042	LAX_LV_ENDOCARDIAL	9	1.0	2
40.13837	-16.94151	-70.25988	LAX_LV_ENDOCARDIAL	9	1.0	2
41.12233	-17.97295	-73.06268	LAX_LV_ENDOCARDIAL	9	1.0	2
42.10629	-19.00439	-75.86547	LAX_LV_ENDOCARDIAL	9	1.0	2
42.21638	-18.93409	-78.67493	LAX_LV_ENDOCARDIAL	9	1.0	2
42.32647	-18.86378	-81.48440	LAX_LV_ENDOCARDIAL	9	1.0	2
42.43656	-18.79348	-84.29387	LAX_LV_ENDOCARDIAL	9	1.0	2
42.54665	-18.72318	-87.10333	LAX_LV_ENDOCARDIAL	9	1.0	2
42.65674	-18.65287	-89.91280	LAX_LV_ENDOCARDIAL	9	1.0	2
42.76683	-18.58257	-92.72226	LAX_LV_ENDOCARDIAL	9	1.0	2
42.00304	-17.41052	-95.53840	LAX_LV_ENDOCARDIAL	9	1.0	2
40.36539	-15.13673	-98.36121	LAX_LV_ENDOCARDIAL	9	1.0	2
38.67268	-12.89809	-99.77929	LAX_LV_ENDOCARDIAL	9	1.0	2
36.92494	-10.69461	-99.79264	LAX_LV_ENDOCARDIAL	9	1.0	2
35.12215	-8.52627	-98.40125	LAX_LV_ENDOCARDIAL	9	1.0	2
33.31936	-6.35794	-97.00986	LAX_LV_ENDOCARDIAL	9	1.0	2
31.51656	-4.18960	-95.61847	LAX_LV_ENDOCARDIAL	9	1.0	2
29.71377	-2.02127	-94.22709	LAX_LV_ENDOCARDIAL	9	1.0	2
27.91098	0.14707	-92.83570	LAX_LV_ENDOCARDIAL	9	1.0	2
26.16324	2.35056	-92.84905	LAX_LV_ENDOCARDIAL	9	1.0	2
24.36044	4.51889	-91.45766	LAX_LV_ENDOCARDIAL	9	1.0	2
22.55765	6.68723	-90.06627	LAX_LV_ENDOCARDIAL	9	1.0	2
20.75486	8.85556	-88.67489	LAX_LV_ENDOCARDIAL	9	1.0	2
18.95207	11.02390	-87.28350	LAX_LV_ENDOCARDIAL	9	1.0	2
17.14928	13.19223	-85.89211	LAX_LV_ENDOCARDIAL	9	1.0	2
15.34649	15.36057	-84.50073	LAX_LV_ENDOCARDIAL	9	1.0	2
13.59874	17.56405	-84.51407	LAX_LV_ENDOCARDIAL	9	1.0	2
11.79595	19.73239	-83.12268	LAX_LV_ENDOCARDIAL	9	1.0	2
9.93812	21.86557	-80.32656	LAX_LV_ENDOCARDIAL	9	1.0	2
8.13532	24.03391	-78.93518	LAX_LV_ENDOCARDIAL	9	1.0	2
6.33253	26.20224	-77.54379	LAX_LV_ENDOCARDIAL	9	1.0	2
4.52974	28.37058	-76.15240	LAX_LV_ENDOCARDIAL	9	1.0	2
2.72695	30.53891	-74.76102	LAX_LV_ENDOCARDIAL	9	1.0	2
0.86912	32.67209	-71.96490	LAX_LV_ENDOCARDIAL	9	1.0	2
-0.98872	34.80528	-69.16878	LAX_LV_ENDOCARDIAL	9	1.0	2
-2.84656	36.93846	-66.37266	LAX_LV_ENDOCARDIAL	9	1.0	2
-3.83052	37.96990	-63.56987	LAX_LV_ENDOCARDIAL	9	1.0	2
-4.81448	39.00134	-60.76707	LAX_LV_ENDOCARDIAL	9	1.0	2
-6.67232	41.13452	-57.97095	LAX_LV_ENDOCARDIAL	9	1.0	2
4.94958	23.65927	-19.94308	LAX_LV_ENDOCARDIAL	9	1.0	2
17.01867	8.12941	-15.63546	LAX_LV_EPICARDIAL	9	1.0	2
18.82146	5.96107	-17.02685	LAX_LV_EPICARDIAL	9	1.0	2
20.62425	3.79274	-18.41823	LAX_LV_EPICARDIAL	9	1.0	2
22.37200	1.58925	-18.40489	LAX_LV_EPICARDIAL	9	1.0	2
24.17479	-0.57909	-19.79628	LAX_LV_EPICARDIAL	9	1.0	2
25.97758	-2.74742	-21.18766	LAX_LV_EPICARDIAL	9	1.0	2
27.78037	-4.91576	-22.57905	LAX_LV_EPICARDIAL	9	1.0	2
29.63821	-7.04894	-25.37517	LAX_LV_EPICARDIAL	9	1.0	2
31.49605	-9.18212	-28.17129	LAX_LV_EPICARDIAL	9	1.0	2
33.35388	-11.31531	-30.96741	LAX_LV_EPICARDIAL	9	1.0	2
34.33784	-12.34674	-33.77020	LAX_LV_EPICARDIAL	9	1.0	2
36.19568	-14.47993	-36.56632	LAX_LV_EPICARDIAL	9	1.0	2
37.17964	-15.51137	-39.36911	LAX_LV_EPICARDIAL	9	1.0	2
38.16360	-16.54281	-42.17190	LAX_LV_EPICARDIAL	9	1.0	2
39.14757	-17.57425	-44.97470	LAX_LV_EPICARDIAL	9	1.0	2
39.25766	-17.50394	-47.78416	LAX_LV_EPICARDIAL	9	1.0	2
40.24162	-18.53538	-50.58695	LAX_LV_EPICARDIAL	9	1.0	2
41.22558	-19.56682	-53.38975	LAX_LV_EPICARDIAL	9	1.0	2
42.20954	-20.59826	-56.19254	LAX_LV_EPICARDIAL	9	1.0	2
43.19351	-21.62970	-58.99533	LAX_LV_EPICARDIAL	9	1.0	2
43.30359	-21.55940	-61.80480	LAX_LV_EPICARDIAL	9	1.0	2
44.28756	-22.59084	-64.60759	LAX_LV_EPICARDIAL	9	1.0	2
44.39765	-22.52053	-67.41705	LAX_LV_EPICARDIAL	9	1.0	2
45.38161	-23.55197	-70.21985	LAX_LV_EPICARDIAL	9	1.0	2
45.49170	-23.48167	-73.02931	LAX_LV_EPICARDIAL	9	1.0	2
45.60179	-23.41137	-75.83878	LAX_LV_EPICARDIAL	9	1.0	2
46.58575	-24.44281	-78.64157	LAX_LV_EPICARDIAL	9	1.0	2
46.69584	-24.37250	-81.45104	LAX_LV_EPICARDIAL	9	1.0	2
46.80593	-24.30220	-84.26050	LAX_LV_EPICARDIAL	9	1.0	2
46.04214	-23.13015	-87.07664	LAX_LV_EPICARDIAL	9	1.0	2
46.15223	-23.05985	-89.88610	LAX_LV_EPICARDIAL	9	1.0	2
45.38845	-21.88780	-92.70224	LAX_LV_EPICARDIAL	9	1.0	2
45.49854	-21.81750	-95.51171	LAX_LV_EPICARDIAL	9	1.0	2
44.73475	-20.64545	-98.32785	LAX_LV_EPICARDIAL	9	1.0	2
43.09710	-18.37166	-101.15066	LAX_LV_EPICARDIAL	9	1.0	2
42.27827	-17.23476	-102.56206	LAX_LV_EPICARDIAL	9	1.0	2
40.58556	-14.99612	-103.98014	LAX_LV_EPICARDIAL	9	1.0	2
38.89286	-12.75749	-105.39822	LAX_LV_EPICARDIAL	9	1.0	2
37.14512	-10.55400	-105.41157	LAX_LV_EPICARDIAL	9	1.0	2
35.34233	-8.38566	-104.02018	LAX_LV_EPICARDIAL	9	1.0	2
33.59458	-6.18218	-104.03352	LAX_LV_EPICARDIAL	9	1.0	2
31.79179	-4.01384	-102.64214	LAX_LV_EPICARDIAL	9	1.0	2
29.98900	-1.84551	-101.25075	LAX_LV_EPICARDIAL	9	1.0	2
28.18621	0.32283	-99.85936	LAX_LV_EPICARDIAL	9	1.0	2
26.43846	2.52632	-99.87271	LAX_LV_EPICARDIAL	9	1.0	2
24.63567	4.69465	-98.48132	LAX_LV_EPICARDIAL	9	1.0	2
22.83288	6.86299	-97.08994	LAX_LV_EPICARDIAL	9	1.0	2
21.08513	9.06647	-97.10328	LAX_LV_EPICARDIAL	9	1.0	2
19.28234	11.23481	-95.71189	LAX_LV_EPICARDIAL	9	1.0	2
17.47955	13.40314	-94.32051	LAX_LV_EPICARDIAL	9	1.0	2
15.67676	15.57148	-92.92912	LAX_LV_EPICARDIAL	9	1.0	2
13.87397	17.73981	-91.53773	LAX_LV_EPICARDIAL	9	1.0	2
12.12622	19.94330	-91.55108	LAX_LV_EPICARDIAL	9	1.0	2
10.32343	22.11163	-90.15969	LAX_LV_EPICARDIAL	9	1.0	2
8.52064	24.27997	-88.76831	LAX_LV_EPICARDIAL	9	1.0	2
6.71785	26.44830	-87.37692	LAX_LV_EPICARDIAL	9	1.0	2
4.91505	28.61664	-85.98553	LAX_LV_EPICARDIAL	9	1.0	2
3.11226	30.78497	-84.59415	LAX_LV_EPICARDIAL	9	1.0	2
1.30947	32.95331	-83.20276	LAX_LV_EPICARDIAL	9	1.0	2
-0.49332	35.12164	-81.81137	LAX_LV_EPICARDIAL	9	1.0	2
-2.35115	37.25483	-79.01525	LAX_LV_EPICARDIAL	9	1.0	2
-4.15395	39.42316	-77.62387	LAX_LV_EPICARDIAL	9	1.0	2
-6.01178	41.55635	-74.82775	LAX_LV_EPICARDIAL	9	1.0	2
-7.86962	43.68953	-72.03163	LAX_LV_EPICARDIAL	9	1.0	2
-8.85358	44.72097	-69.22883	LAX_LV_EPICARDIAL	9	1.0	2
-8.96367	44.65066	-66.41937	LAX_LV_EPICARDIAL	9	1.0	2
-9.94763	45.68210	-63.61658	LAX_LV_EPICARDIAL	9	1.0	2
-10.05772	45.61180	-60.80711	LAX_LV_EPICARDIAL	9	1.0	2
-9.29394	44.43975	-57.99097	LAX_LV_EPICARDIAL	9	1.0	2
4.89454	23.62412	-18.53835	LAX_LV_EPICARDIAL	9	1.0	2
6.58724	21.38548	-17.12027	LAX_LV_EPICARDIAL	9	1.0	2
8.27994	19.14684	-15.70219	LAX_LV_EPICARDIAL	9	1.0	2
10.02769	16.94335	-15.68884	LAX_LV_EPICARDIAL	9	1.0	2
11.77543	14.73987	-15.67550	LAX_LV_EPICARDIAL	9	1.0	2
13.52318	12.53638	-15.66215	LAX_LV_EPICARDIAL	9	1.0	2
15.27093	10.33289	-15.64881	LAX_LV_EPICARDIAL	9	1.0	2
3.20183	25.86276	-19.95642	MITRAL_VALVE	9	1.0	2
-7.71132	42.13081	-53.76343	MITRAL_VALVE	9	1.0	2
-31.94176	-10.52195	-0.97588	LAX_RV_FREEWALL	8	1.0	1.0
-31.59765	-13.23885	-2.52111	LAX_RV_FREEWALL	8	1.0	1.0
-30.35159	-15.95575	-5.14525	LAX_RV_FREEWALL	8	1.0	1.0
-28.82663	-17.31420	-7.53623	LAX_RV_FREEWALL	8	1.0	1.0
-27.30166	-18.67265	-9.92721	LAX_RV_FREEWALL	8	1.0	1.0
-25.77669	-20.03110	-12.31819	LAX_RV_FREEWALL	8	1.0	1.0
-23.97281	-20.03110	-14.47601	LAX_RV_FREEWALL	8	1.0	1.0
-22.44784	-21.38955	-16.86699	LAX_RV_FREEWALL	8	1.0	1.0
-20.92287	-22.74800	-19.25796	LAX_RV_FREEWALL	8	1.0	1.0
-19.39790	-24.10645	-21.64894	LAX_RV_FREEWALL	8	1.0	1.0
-17.59402	-24.10645	-23.80676	LAX_RV_FREEWALL	8	1.0	1.0
-16.06905	-25.46490	-26.19774	LAX_RV_FREEWALL	8	1.0	1.0
-14.26517	-25.46491	-28.35556	LAX_RV_FREEWALL	8	1.0	1.0
-12.18238	-24.10646	-30.28021	LAX_RV_FREEWALL	8	1.0	1.0
-10.37850	-24.10646	-32.43803	LAX_RV_FREEWALL	8	1.0	1.0
-8.29570	-22.74801	-34.36269	LAX_RV_FREEWALL	8	1.0	1.0
-6.49182	-22.74802	-36.52050	LAX_RV_FREEWALL	8	1.0	1.0
-4.68794	-22.74802	-38.67832	LAX_RV_FREEWALL	8	1.0	1.0
-2.88406	-22.74802	-40.83614	LAX_RV_FREEWALL	8	1.0	1.0
-1.35909	-24.10647	-43.22712	LAX_RV_FREEWALL	8	1.0	1.0
0.44479	-24.10647	-45.38494	LAX_RV_FREEWALL	8	1.0	1.0
2.24867	-24.10647	-47.54275	LAX_RV_FREEWALL	8	1.0	1.0
4.05255	-24.10647	-49.70057	LAX_RV_FREEWALL	8	1.0	1.0
-15.55832	-1.01282	-16.60628	LAX_RV_FREEWALL	8	1.0	1.0
-17.36221	-1.01282	-14.44847	LAX_RV_FREEWALL	8	1.0	1.0
-18.88717	0.34563	-12.05749	LAX_RV_FREEWALL	8	1.0	1.0
-20.69106	0.34563	-9.89967	LAX_RV_FREEWALL	8	1.0	1.0
-22.21602	1.70408	-7.50869	LAX_RV_FREEWALL	8	1.0	1.0
-24.01991	1.70408	-5.35087	LAX_RV_FREEWALL	8	1.0	1.0
-25.82379	1.70409	-3.19306	LAX_RV_FREEWALL	8	1.0	1.0
-27.90658	0.34564	-1.26840	LAX_RV_FREEWALL	8	1.0	1.0
-30.26829	-2.37126	0.42309	LAX_RV_FREEWALL	8	1.0	1.0
-30.82611	-5.08815	-0.04323	LAX_RV_FREEWALL	8	1.0	1.0
-31.38394	-7.80505	-0.50955	LAX_RV_FREEWALL	8	1.0	1.0
-34.36867	-9.16350	2.49401	LAX_RV_EPICARDIAL	8	1.0	1.0
-34.02456	-11.88040	0.94878	LAX_RV_EPICARDIAL	8	1.0	1.0
-33.68044	-14.59729	-0.59645	LAX_RV_EPICARDIAL	8	1.0	1.0
-32.43439	-17.31419	-3.22060	LAX_RV_EPICARDIAL	8	1.0	1.0
-31.18833	-20.03109	-5.84474	LAX_RV_EPICARDIAL	8	1.0	1.0
-29.66336	-21.38954	-8.23572	LAX_RV_EPICARDIAL	8	1.0	1.0
-28.13840	-22.74799	-10.62669	LAX_RV_EPICARDIAL	8	1.0	1.0
-26.61343	-24.10644	-13.01767	LAX_RV_EPICARDIAL	8	1.0	1.0
-25.08846	-25.46490	-15.40865	LAX_RV_EPICARDIAL	8	1.0	1.0
-23.28458	-25.46490	-17.56647	LAX_RV_EPICARDIAL	8	1.0	1.0
-21.75961	-26.82335	-19.95745	LAX_RV_EPICARDIAL	8	1.0	1.0
-20.23464	-28.18180	-22.34843	LAX_RV_EPICARDIAL	8	1.0	1.0
-18.43076	-28.18180	-24.50625	LAX_RV_EPICARDIAL	8	1.0	1.0
-16.62688	-28.18180	-26.66407	LAX_RV_EPICARDIAL	8	1.0	1.0
-14.82300	-28.18180	-28.82188	LAX_RV_EPICARDIAL	8	1.0	1.0
-13.01912	-28.18180	-30.97970	LAX_RV_EPICARDIAL	8	1.0	1.0
-10.93632	-26.82336	-32.90436	LAX_RV_EPICARDIAL	8	1.0	1.0
-9.13244	-26.82336	-35.06217	LAX_RV_EPICARDIAL	8	1.0	1.0
-7.32856	-26.82336	-37.21999	LAX_RV_EPICARDIAL	8	1.0	1.0
-5.24576	-25.46491	-39.14465	LAX_RV_EPICARDIAL	8	1.0	1.0
-3.72080	-26.82336	-41.53563	LAX_RV_EPICARDIAL	8	1.0	1.0
-1.91691	-26.82337	-43.69344	LAX_RV_EPICARDIAL	8	1.0	1.0
-0.11303	-26.82337	-45.85126	LAX_RV_EPICARDIAL	8	1.0	1.0
1.69085	-26.82337	-48.00908	LAX_RV_EPICARDIAL	8	1.0	1.0
3.77364	-25.46492	-49.93373	LAX_RV_EPICARDIAL	8	1.0	1.0
5.57752	-25.46492	-52.09155	LAX_RV_EPICARDIAL	8	1.0	1.0
5.85644	-24.10648	-51.85839	LAX_RV_EPICARDIAL	8	1.0	1.0
-18.05044	4.42098	-11.35800	LAX_RV_EPICARDIAL	8	1.0	1.0
-19.85432	4.42098	-9.20018	LAX_RV_EPICARDIAL	8	1.0	1.0
-21.65820	4.42098	-7.04237	LAX_RV_EPICARDIAL	8	1.0	1.0
-23.46208	4.42098	-4.88455	LAX_RV_EPICARDIAL	8	1.0	1.0
-25.54487	3.06253	-2.95989	LAX_RV_EPICARDIAL	8	1.0	1.0
-27.62767	1.70409	-1.03524	LAX_RV_EPICARDIAL	8	1.0	1.0
-29.71046	0.34564	0.88942	LAX_RV_EPICARDIAL	8	1.0	1.0
-31.17023	-2.37126	1.50200	LAX_RV_EPICARDIAL	8	1.0	1.0
-32.62999	-5.08815	2.11459	LAX_RV_EPICARDIAL	8	1.0	1.0
-34.08976	-7.80505	2.72717	LAX_RV_EPICARDIAL	8	1.0	1.0
5.85644	-24.10648	-51.85839	LAX_RV_SEPTUM	8	1.0	1.0
5.51232	-21.38958	-50.31316	LAX_RV_SEPTUM	8	1.0	1.0
3.98735	-20.03113	-47.92218	LAX_RV_SEPTUM	8	1.0	1.0
2.46238	-18.67268	-45.53120	LAX_RV_SEPTUM	8	1.0	1.0
0.93742	-17.31423	-43.14022	LAX_RV_SEPTUM	8	1.0	1.0
-0.58755	-15.95578	-40.74924	LAX_RV_SEPTUM	8	1.0	1.0
-2.11252	-14.59733	-38.35826	LAX_RV_SEPTUM	8	1.0	1.0
-3.35858	-11.88043	-35.73412	LAX_RV_SEPTUM	8	1.0	1.0
-4.88355	-10.52198	-33.34314	LAX_RV_SEPTUM	8	1.0	1.0
-6.40851	-9.16352	-30.95216	LAX_RV_SEPTUM	8	1.0	1.0
-7.65457	-6.44663	-28.32802	LAX_RV_SEPTUM	8	1.0	1.0
-9.17954	-5.08818	-25.93704	LAX_RV_SEPTUM	8	1.0	1.0
-10.70451	-3.72972	-23.54606	LAX_RV_SEPTUM	8	1.0	1.0
-12.22947	-2.37127	-21.15508	LAX_RV_SEPTUM	8	1.0	1.0
-13.75444	-1.01282	-18.76410	LAX_RV_SEPTUM	8	1.0	1.0
-15.62353	3.06253	-14.82789	LAX_LV_EPICARDIAL	8	1.0	1.0
-14.09856	1.70407	-17.21887	LAX_LV_EPICARDIAL	8	1.0	1.0
8.56226	-24.10648	-55.09512	LAX_LV_EPICARDIAL	8	1.0	1.0
10.08723	-25.46493	-57.48610	LAX_LV_EPICARDIAL	8	1.0	1.0
11.89111	-25.46493	-59.64391	LAX_LV_EPICARDIAL	8	1.0	1.0
13.69499	-25.46493	-61.80173	LAX_LV_EPICARDIAL	8	1.0	1.0
15.21996	-26.82338	-64.19271	LAX_LV_EPICARDIAL	8	1.0	1.0
17.02384	-26.82338	-66.35053	LAX_LV_EPICARDIAL	8	1.0	1.0
18.54881	-28.18184	-68.74151	LAX_LV_EPICARDIAL	8	1.0	1.0
20.35269	-28.18184	-70.89932	LAX_LV_EPICARDIAL	8	1.0	1.0
22.15657	-28.18184	-73.05714	LAX_LV_EPICARDIAL	8	1.0	1.0
23.68154	-29.54029	-75.44812	LAX_LV_EPICARDIAL	8	1.0	1.0
25.48542	-29.54029	-77.60594	LAX_LV_EPICARDIAL	8	1.0	1.0
27.28930	-29.54029	-79.76376	LAX_LV_EPICARDIAL	8	1.0	1.0
29.09318	-29.54029	-81.92157	LAX_LV_EPICARDIAL	8	1.0	1.0
31.17598	-28.18185	-83.84623	LAX_LV_EPICARDIAL	8	1.0	1.0
32.97986	-28.18185	-86.00405	LAX_LV_EPICARDIAL	8	1.0	1.0
34.78374	-28.18185	-88.16186	LAX_LV_EPICARDIAL	8	1.0	1.0
36.86653	-26.82340	-90.08652	LAX_LV_EPICARDIAL	8	1.0	1.0
38.94933	-25.46496	-92.01118	LAX_LV_EPICARDIAL	8	1.0	1.0
41.03212	-24.10651	-93.93583	LAX_LV_EPICARDIAL	8	1.0	1.0
43.39383	-21.38961	-95.62732	LAX_LV_EPICARDIAL	8	1.0	1.0
44.85359	-18.67272	-96.23991	LAX_LV_EPICARDIAL	8	1.0	1.0
45.41142	-15.95582	-95.77359	LAX_LV_EPICARDIAL	8	1.0	1.0
46.87119	-13.23892	-96.38617	LAX_LV_EPICARDIAL	8	1.0	1.0
47.42901	-10.52203	-95.91985	LAX_LV_EPICARDIAL	8	1.0	1.0
47.08490	-7.80513	-94.37461	LAX_LV_EPICARDIAL	8	1.0	1.0
47.64272	-5.08823	-93.90829	LAX_LV_EPICARDIAL	8	1.0	1.0
47.29861	-2.37133	-92.36306	LAX_LV_EPICARDIAL	8	1.0	1.0
46.95449	0.34557	-90.81783	LAX_LV_EPICARDIAL	8	1.0	1.0
46.61038	3.06247	-89.27259	LAX_LV_EPICARDIAL	8	1.0	1.0
46.26626	5.77936	-87.72736	LAX_LV_EPICARDIAL	8	1.0	1.0
45.92215	8.49626	-86.18213	LAX_LV_EPICARDIAL	8	1.0	1.0
45.57803	11.21316	-84.63690	LAX_LV_EPICARDIAL	8	1.0	1.0
45.23392	13.93006	-83.09166	LAX_LV_EPICARDIAL	8	1.0	1.0
44.88980	16.64696	-81.54643	LAX_LV_EPICARDIAL	8	1.0	1.0
44.54569	19.36386	-80.00120	LAX_LV_EPICARDIAL	8	1.0	1.0
44.20157	22.08075	-78.45597	LAX_LV_EPICARDIAL	8	1.0	1.0
43.85746	24.79765	-76.91073	LAX_LV_EPICARDIAL	8	1.0	1.0
42.61140	27.51455	-74.28659	LAX_LV_EPICARDIAL	8	1.0	1.0
42.26729	30.23145	-72.74136	LAX_LV_EPICARDIAL	8	1.0	1.0
41.92317	32.94835	-71.19613	LAX_LV_EPICARDIAL	8	1.0	1.0
40.67712	35.66525	-68.57199	LAX_LV_EPICARDIAL	8	1.0	1.0
40.33300	38.38215	-67.02675	LAX_LV_EPICARDIAL	8	1.0	1.0
39.08694	41.09904	-64.40261	LAX_LV_EPICARDIAL	8	1.0	1.0
37.84089	43.81594	-61.77847	LAX_LV_EPICARDIAL	8	1.0	1.0
36.59483	46.53284	-59.15433	LAX_LV_EPICARDIAL	8	1.0	1.0
35.06986	47.89129	-56.76335	LAX_LV_EPICARDIAL	8	1.0	1.0
33.54490	49.24974	-54.37237	LAX_LV_EPICARDIAL	8	1.0	1.0
32.01993	50.60819	-51.98139	LAX_LV_EPICARDIAL	8	1.0	1.0
30.49496	51.96665	-49.59041	LAX_LV_EPICARDIAL	8	1.0	1.0
28.96999	53.32510	-47.19943	LAX_LV_EPICARDIAL	8	1.0	1.0
27.44502	54.68355	-44.80845	LAX_LV_EPICARDIAL	8	1.0	1.0
25.64114	54.68355	-42.65064	LAX_LV_EPICARDIAL	8	1.0	1.0
23.83726	54.68355	-40.49282	LAX_LV_EPICARDIAL	8	1.0	1.0
22.03338	54.68355	-38.33500	LAX_LV_EPICARDIAL	8	1.0	1.0
20.22950	54.68355	-36.17718	LAX_LV_EPICARDIAL	8	1.0	1.0
18.14670	53.32511	-34.25253	LAX_LV_EPICARDIAL	8	1.0	1.0
16.06391	51.96666	-32.32787	LAX_LV_EPICARDIAL	8	1.0	1.0
14.60414	49.24976	-31.71529	LAX_LV_EPICARDIAL	8	1.0	1.0
-3.04346	24.79770	-20.80748	LAX_LV_EPICARDIAL	8	1.0	1.0
-4.84734	24.79770	-18.64966	LAX_LV_EPICARDIAL	8	1.0	1.0
-6.65122	24.79770	-16.49184	LAX_LV_EPICARDIAL	8	1.0	1.0
-12.35988	5.77942	-17.59829	LAX_LV_ENDOCARDIAL	8	1.0	1.0
-10.55600	5.77942	-19.75611	LAX_LV_ENDOCARDIAL	8	1.0	1.0
-8.75212	5.77942	-21.91393	LAX_LV_ENDOCARDIAL	8	1.0	1.0
-6.94824	5.77941	-24.07174	LAX_LV_ENDOCARDIAL	8	1.0	1.0
-5.14435	5.77941	-26.22956	LAX_LV_ENDOCARDIAL	8	1.0	1.0
-3.34047	5.77941	-28.38738	LAX_LV_ENDOCARDIAL	8	1.0	1.0
-1.53659	5.77941	-30.54520	LAX_LV_ENDOCARDIAL	8	1.0	1.0
-0.01162	4.42096	-32.93618	LAX_LV_ENDOCARDIAL	8	1.0	1.0
1.51335	3.06251	-35.32716	LAX_LV_ENDOCARDIAL	8	1.0	1.0
2.75940	0.34561	-37.95130	LAX_LV_ENDOCARDIAL	8	1.0	1.0
3.10352	-2.37129	-39.49653	LAX_LV_ENDOCARDIAL	8	1.0	1.0
4.34957	-5.08819	-42.12067	LAX_LV_ENDOCARDIAL	8	1.0	1.0
5.87454	-6.44664	-44.51165	LAX_LV_ENDOCARDIAL	8	1.0	1.0
7.12060	-9.16354	-47.13579	LAX_LV_ENDOCARDIAL	8	1.0	1.0
8.64556	-10.52199	-49.52677	LAX_LV_ENDOCARDIAL	8	1.0	1.0
9.89162	-13.23889	-52.15091	LAX_LV_ENDOCARDIAL	8	1.0	1.0
11.41659	-14.59734	-54.54189	LAX_LV_ENDOCARDIAL	8	1.0	1.0
13.22047	-14.59734	-56.69971	LAX_LV_ENDOCARDIAL	8	1.0	1.0
14.74544	-15.95579	-59.09069	LAX_LV_ENDOCARDIAL	8	1.0	1.0
16.27041	-17.31424	-61.48167	LAX_LV_ENDOCARDIAL	8	1.0	1.0
18.07429	-17.31424	-63.63948	LAX_LV_ENDOCARDIAL	8	1.0	1.0
19.59926	-18.67269	-66.03046	LAX_LV_ENDOCARDIAL	8	1.0	1.0
21.12422	-20.03114	-68.42144	LAX_LV_ENDOCARDIAL	8	1.0	1.0
22.92811	-20.03115	-70.57926	LAX_LV_ENDOCARDIAL	8	1.0	1.0
24.45307	-21.38960	-72.97024	LAX_LV_ENDOCARDIAL	8	1.0	1.0
25.97804	-22.74805	-75.36122	LAX_LV_ENDOCARDIAL	8	1.0	1.0
27.78192	-22.74805	-77.51904	LAX_LV_ENDOCARDIAL	8	1.0	1.0
29.58580	-22.74805	-79.67686	LAX_LV_ENDOCARDIAL	8	1.0	1.0
31.38969	-22.74805	-81.83467	LAX_LV_ENDOCARDIAL	8	1.0	1.0
33.19357	-22.74805	-83.99249	LAX_LV_ENDOCARDIAL	8	1.0	1.0
34.99745	-22.74806	-86.15031	LAX_LV_ENDOCARDIAL	8	1.0	1.0
36.80133	-22.74806	-88.30812	LAX_LV_ENDOCARDIAL	8	1.0	1.0
38.60521	-22.74806	-90.46594	LAX_LV_ENDOCARDIAL	8	1.0	1.0
40.68801	-21.38961	-92.39060	LAX_LV_ENDOCARDIAL	8	1.0	1.0
42.14777	-18.67271	-93.00318	LAX_LV_ENDOCARDIAL	8	1.0	1.0
43.60754	-15.95582	-93.61577	LAX_LV_ENDOCARDIAL	8	1.0	1.0
44.16536	-13.23892	-93.14944	LAX_LV_ENDOCARDIAL	8	1.0	1.0
43.82125	-10.52202	-91.60421	LAX_LV_ENDOCARDIAL	8	1.0	1.0
43.47713	-7.80512	-90.05898	LAX_LV_ENDOCARDIAL	8	1.0	1.0
43.13302	-5.08823	-88.51375	LAX_LV_ENDOCARDIAL	8	1.0	1.0
42.78890	-2.37133	-86.96851	LAX_LV_ENDOCARDIAL	8	1.0	1.0
42.44479	0.34557	-85.42328	LAX_LV_ENDOCARDIAL	8	1.0	1.0
42.10067	3.06247	-83.87805	LAX_LV_ENDOCARDIAL	8	1.0	1.0
41.75656	5.77937	-82.33282	LAX_LV_ENDOCARDIAL	8	1.0	1.0
41.41244	8.49627	-80.78758	LAX_LV_ENDOCARDIAL	8	1.0	1.0
41.06833	11.21316	-79.24235	LAX_LV_ENDOCARDIAL	8	1.0	1.0
40.72421	13.93006	-77.69712	LAX_LV_ENDOCARDIAL	8	1.0	1.0
40.38010	16.64696	-76.15189	LAX_LV_ENDOCARDIAL	8	1.0	1.0
39.13404	19.36386	-73.52775	LAX_LV_ENDOCARDIAL	8	1.0	1.0
39.69187	22.08076	-73.06142	LAX_LV_ENDOCARDIAL	8	1.0	1.0
38.44581	24.79766	-70.43728	LAX_LV_ENDOCARDIAL	8	1.0	1.0
37.19976	27.51456	-67.81314	LAX_LV_ENDOCARDIAL	8	1.0	1.0
36.85564	30.23145	-66.26791	LAX_LV_ENDOCARDIAL	8	1.0	1.0
35.60959	32.94835	-63.64377	LAX_LV_ENDOCARDIAL	8	1.0	1.0
34.36353	35.66525	-61.01962	LAX_LV_ENDOCARDIAL	8	1.0	1.0
33.11748	38.38215	-58.39548	LAX_LV_ENDOCARDIAL	8	1.0	1.0
31.59251	39.74060	-56.00450	LAX_LV_ENDOCARDIAL	8	1.0	1.0
30.06754	41.09905	-53.61352	LAX_LV_ENDOCARDIAL	8	1.0	1.0
28.54257	42.45750	-51.22254	LAX_LV_ENDOCARDIAL	8	1.0	1.0
27.29651	45.17440	-48.59840	LAX_LV_ENDOCARDIAL	8	1.0	1.0
25.77155	46.53285	-46.20742	LAX_LV_ENDOCARDIAL	8	1.0	1.0
24.24658	47.89130	-43.81645	LAX_LV_ENDOCARDIAL	8	1.0	1.0
22.72161	49.24975	-41.42547	LAX_LV_ENDOCARDIAL	8	1.0	1.0
20.63881	47.89131	-39.50081	LAX_LV_ENDOCARDIAL	8	1.0	1.0
18.55602	46.53286	-37.57615	LAX_LV_ENDOCARDIAL	8	1.0	1.0
-3.04346	24.79770	-20.80748	LAX_LV_ENDOCARDIAL	8	1.0	1.0
-4.84734	24.79770	-18.64966	LAX_LV_ENDOCARDIAL	8	1.0	1.0
-6.65122	24.79770	-16.49184	LAX_LV_ENDOCARDIAL	8	1.0	1.0
-34.36867	-9.16350	2.49401	LAX_RV_EPICARDIAL	8	1.0	1.0
-34.02456	-11.88040	0.94878	LAX_RV_EPICARDIAL	8	1.0	1.0
-33.68044	-14.59729	-0.59645	LAX_RV_EPICARDIAL	8	1.0	1.0
-32.43439	-17.31419	-3.22060	LAX_RV_EPICARDIAL	8	1.0	1.0
-31.18833	-20.03109	-5.84474	LAX_RV_EPICARDIAL	8	1.0	1.0
-29.66336	-21.38954	-8.23572	LAX_RV_EPICARDIAL	8	1.0	1.0
-28.13840	-22.74799	-10.62669	LAX_RV_EPICARDIAL	8	1.0	1.0
-26.61343	-24.10644	-13.01767	LAX_RV_EPICARDIAL	8	1.0	1.0
-25.08846	-25.46490	-15.40865	LAX_RV_EPICARDIAL	8	1.0	1.0
-23.28458	-25.46490	-17.56647	LAX_RV_EPICARDIAL	8	1.0	1.0
-21.75961	-26.82335	-19.95745	LAX_RV_EPICARDIAL	8	1.0	1.0
-20.23464	-28.18180	-22.34843	LAX_RV_EPICARDIAL	8	1.0	1.0
-18.43076	-28.18180	-24.50625	LAX_RV_EPICARDIAL	8	1.0	1.0
-16.62688	-28.18180	-26.66407	LAX_RV_EPICARDIAL	8	1.0	1.0
-14.82300	-28.18180	-28.82188	LAX_RV_EPICARDIAL	8	1.0	1.0
-13.01912	-28.18180	-30.97970	LAX_RV_EPICARDIAL	8	1.0	1.0
-10.93632	-26.82336	-32.90436	LAX_RV_EPICARDIAL	8	1.0	1.0
-9.13244	-26.82336	-35.06217	LAX_RV_EPICARDIAL	8	1.0	1.0
-7.32856	-26.82336	-37.21999	LAX_RV_EPICARDIAL	8	1.0	1.0
-5.24576	-25.46491	-39.14465	LAX_RV_EPICARDIAL	8	1.0	1.0
-3.72080	-26.82336	-41.53563	LAX_RV_EPICARDIAL	8	1.0	1.0
-1.91691	-26.82337	-43.69344	LAX_RV_EPICARDIAL	8	1.0	1.0
-0.11303	-26.82337	-45.85126	LAX_RV_EPICARDIAL	8	1.0	1.0
1.69085	-26.82337	-48.00908	LAX_RV_EPICARDIAL	8	1.0	1.0
3.77364	-25.46492	-49.93373	LAX_RV_EPICARDIAL	8	1.0	1.0
5.57752	-25.46492	-52.09155	LAX_RV_EPICARDIAL	8	1.0	1.0
5.85644	-24.10648	-51.85839	LAX_RV_EPICARDIAL	8	1.0	1.0
-18.05044	4.42098	-11.35800	LAX_RV_EPICARDIAL	8	1.0	1.0
-19.85432	4.42098	-9.20018	LAX_RV_EPICARDIAL	8	1.0	1.0
-21.65820	4.42098	-7.04237	LAX_RV_EPICARDIAL	8	1.0	1.0
-23.46208	4.42098	-4.88455	LAX_RV_EPICARDIAL	8	1.0	1.0
-25.54487	3.06253	-2.95989	LAX_RV_EPICARDIAL	8	1.0	1.0
-27.62767	1.70409	-1.03524	LAX_RV_EPICARDIAL	8	1.0	1.0
-29.71046	0.34564	0.88942	LAX_RV_EPICARDIAL	8	1.0	1.0
-31.17023	-2.37126	1.50200	LAX_RV_EPICARDIAL	8	1.0	1.0
-32.62999	-5.08815	2.11459	LAX_RV_EPICARDIAL	8	1.0	1.0
-34.08976	-7.80505	2.72717	LAX_RV_EPICARDIAL	8	1.0	1.0
15.29237	43.81597	-34.80575	MITRAL_VALVE	8	1.0	1.0
-0.40284	28.87304	-22.26581	MITRAL_VALVE	8	1.0	1.0
-15.06570	5.77942	-14.36157	AORTA_VALVE	8	1.0	1.0
-8.45510	24.79770	-14.33403	AORTA_VALVE	8	1.0	1.0
-69.02545	7.09152	-69.67680	LAX_RV_FREEWALL	7	1.0	2
-67.40415	5.49023	-71.84358	LAX_RV_FREEWALL	7	1.0	2
-65.78286	3.88894	-74.01037	LAX_RV_FREEWALL	7	1.0	2
-65.56135	2.28765	-76.31188	LAX_RV_FREEWALL	7	1.0	2
-62.54027	0.68636	-78.34394	LAX_RV_FREEWALL	7	1.0	2
-60.91898	-0.91494	-80.51073	LAX_RV_FREEWALL	7	1.0	2
-59.29768	-2.51623	-82.67752	LAX_RV_FREEWALL	7	1.0	2
-57.67639	-4.11752	-84.84430	LAX_RV_FREEWALL	7	1.0	2
-56.05509	-5.71881	-87.01109	LAX_RV_FREEWALL	7	1.0	2
-53.03402	-7.32010	-89.04315	LAX_RV_FREEWALL	7	1.0	2
-51.41272	-8.92139	-91.20994	LAX_RV_FREEWALL	7	1.0	2
-49.79143	-10.52269	-93.37672	LAX_RV_FREEWALL	7	1.0	2
-46.77035	-12.12398	-95.40878	LAX_RV_FREEWALL	7	1.0	2
-43.74928	-13.72527	-97.44085	LAX_RV_FREEWALL	7	1.0	2
-40.83896	-14.52592	-98.32215	LAX_RV_FREEWALL	7	1.0	2
-37.92864	-15.32656	-99.20346	LAX_RV_FREEWALL	7	1.0	2
-35.01832	-16.12721	-100.08476	LAX_RV_FREEWALL	7	1.0	2
-32.10800	-16.92786	-100.96607	LAX_RV_FREEWALL	7	1.0	2
-29.19768	-17.72850	-101.84738	LAX_RV_FREEWALL	7	1.0	2
-26.39812	-17.72850	-101.57793	LAX_RV_FREEWALL	7	1.0	2
-23.48780	-18.52915	-102.45923	LAX_RV_FREEWALL	7	1.0	2
-20.57748	-19.32980	-103.34054	LAX_RV_FREEWALL	7	1.0	2
-17.77792	-19.32980	-103.07109	LAX_RV_FREEWALL	7	1.0	2
-14.86760	-20.13044	-103.95240	LAX_RV_FREEWALL	7	1.0	2
-12.06804	-20.13044	-103.68295	LAX_RV_FREEWALL	7	1.0	2
-9.15772	-20.93109	-104.56425	LAX_RV_FREEWALL	7	1.0	2
-6.35816	-20.93109	-104.29480	LAX_RV_FREEWALL	7	1.0	2
-3.55860	-20.93109	-104.02535	LAX_RV_FREEWALL	7	1.0	2
-0.64828	-21.73174	-104.90666	LAX_RV_FREEWALL	7	1.0	2
2.15129	-21.73174	-104.63721	LAX_RV_FREEWALL	7	1.0	2
5.06161	-22.53239	-105.51852	LAX_RV_FREEWALL	7	1.0	2
7.97192	-23.33303	-106.39982	LAX_RV_FREEWALL	7	1.0	2
10.77149	-23.33303	-106.13037	LAX_RV_FREEWALL	7	1.0	2
13.68181	-24.13368	-107.01168	LAX_RV_FREEWALL	7	1.0	2
16.48137	-24.13368	-106.74223	LAX_RV_FREEWALL	7	1.0	2
19.17017	-23.33304	-105.32203	LAX_RV_FREEWALL	7	1.0	2
21.85898	-22.53239	-103.90182	LAX_RV_FREEWALL	7	1.0	2
-69.24696	8.69281	-67.37529	LAX_RV_EPICARDIAL	7	1.0	2
-70.53599	7.89217	-68.66077	LAX_RV_EPICARDIAL	7	1.0	2
-70.31447	6.29088	-70.96228	LAX_RV_EPICARDIAL	7	1.0	2
-70.09296	4.68959	-73.26379	LAX_RV_EPICARDIAL	7	1.0	2
-68.47167	3.08829	-75.43058	LAX_RV_EPICARDIAL	7	1.0	2
-68.25015	1.48700	-77.73209	LAX_RV_EPICARDIAL	7	1.0	2
-66.62886	-0.11429	-79.89887	LAX_RV_EPICARDIAL	7	1.0	2
-65.00756	-1.71558	-82.06566	LAX_RV_EPICARDIAL	7	1.0	2
-63.38627	-3.31687	-84.23245	LAX_RV_EPICARDIAL	7	1.0	2
-61.76498	-4.91816	-86.39923	LAX_RV_EPICARDIAL	7	1.0	2
-61.54346	-6.51946	-88.70074	LAX_RV_EPICARDIAL	7	1.0	2
-58.52239	-8.12075	-90.73280	LAX_RV_EPICARDIAL	7	1.0	2
-56.90109	-9.72204	-92.89959	LAX_RV_EPICARDIAL	7	1.0	2
-53.88002	-11.32333	-94.93165	LAX_RV_EPICARDIAL	7	1.0	2
-52.25872	-12.92462	-97.09844	LAX_RV_EPICARDIAL	7	1.0	2
-49.23765	-14.52591	-99.13050	LAX_RV_EPICARDIAL	7	1.0	2
-46.32733	-15.32656	-100.01181	LAX_RV_EPICARDIAL	7	1.0	2
-43.41701	-16.12721	-100.89311	LAX_RV_EPICARDIAL	7	1.0	2
-40.50669	-16.92785	-101.77442	LAX_RV_EPICARDIAL	7	1.0	2
-37.59637	-17.72850	-102.65572	LAX_RV_EPICARDIAL	7	1.0	2
-34.68605	-18.52915	-103.53703	LAX_RV_EPICARDIAL	7	1.0	2
-31.77573	-19.32979	-104.41834	LAX_RV_EPICARDIAL	7	1.0	2
-28.86541	-20.13044	-105.29964	LAX_RV_EPICARDIAL	7	1.0	2
-26.06585	-20.13044	-105.03019	LAX_RV_EPICARDIAL	7	1.0	2
-23.15553	-20.93109	-105.91150	LAX_RV_EPICARDIAL	7	1.0	2
-20.35597	-20.93109	-105.64205	LAX_RV_EPICARDIAL	7	1.0	2
-17.44565	-21.73173	-106.52336	LAX_RV_EPICARDIAL	7	1.0	2
-14.53533	-22.53238	-107.40466	LAX_RV_EPICARDIAL	7	1.0	2
-11.73577	-22.53238	-107.13521	LAX_RV_EPICARDIAL	7	1.0	2
-8.82545	-23.33303	-108.01652	LAX_RV_EPICARDIAL	7	1.0	2
-6.02589	-23.33303	-107.74707	LAX_RV_EPICARDIAL	7	1.0	2
-3.22633	-23.33303	-107.47762	LAX_RV_EPICARDIAL	7	1.0	2
-0.42676	-23.33303	-107.20817	LAX_RV_EPICARDIAL	7	1.0	2
2.37280	-23.33303	-106.93872	LAX_RV_EPICARDIAL	7	1.0	2
5.28312	-24.13368	-107.82003	LAX_RV_EPICARDIAL	7	1.0	2
8.19344	-24.93432	-108.70133	LAX_RV_EPICARDIAL	7	1.0	2
10.99300	-24.93432	-108.43189	LAX_RV_EPICARDIAL	7	1.0	2
13.79256	-24.93433	-108.16244	LAX_RV_EPICARDIAL	7	1.0	2
16.70288	-25.73497	-109.04374	LAX_RV_EPICARDIAL	7	1.0	2
19.39169	-24.93433	-107.62354	LAX_RV_EPICARDIAL	7	1.0	2
22.19125	-24.93433	-107.35409	LAX_RV_EPICARDIAL	7	1.0	2
24.88006	-24.13368	-105.93388	LAX_RV_EPICARDIAL	7	1.0	2
24.54779	-21.73175	-102.48162	LAX_RV_EPICARDIAL	7	1.0	2
24.54779	-21.73175	-102.48162	LAX_RV_SEPTUM	7	1.0	2
21.52671	-20.13045	-100.44956	LAX_RV_SEPTUM	7	1.0	2
18.50564	-18.52916	-98.41749	LAX_RV_SEPTUM	7	1.0	2
15.59532	-17.72852	-97.53619	LAX_RV_SEPTUM	7	1.0	2
12.57424	-16.12722	-95.50413	LAX_RV_SEPTUM	7	1.0	2
9.55316	-14.52593	-93.47206	LAX_RV_SEPTUM	7	1.0	2
6.53209	-12.92464	-91.44000	LAX_RV_SEPTUM	7	1.0	2
4.91080	-11.32335	-89.27322	LAX_RV_SEPTUM	7	1.0	2
1.88972	-9.72206	-87.24115	LAX_RV_SEPTUM	7	1.0	2
-1.13136	-8.12076	-85.20909	LAX_RV_SEPTUM	7	1.0	2
-4.15243	-6.51947	-83.17703	LAX_RV_SEPTUM	7	1.0	2
-5.77373	-4.91818	-81.01025	LAX_RV_SEPTUM	7	1.0	2
-7.39502	-3.31689	-78.84346	LAX_RV_SEPTUM	7	1.0	2
-9.01631	-1.71560	-76.67667	LAX_RV_SEPTUM	7	1.0	2
-10.63761	-0.11430	-74.50989	LAX_RV_SEPTUM	7	1.0	2
-12.25890	1.48699	-72.34310	LAX_RV_SEPTUM	7	1.0	2
-13.88020	3.08828	-70.17631	LAX_RV_SEPTUM	7	1.0	2
-15.50149	4.68957	-68.00953	LAX_RV_SEPTUM	7	1.0	2
-17.12279	6.29086	-65.84274	LAX_RV_SEPTUM	7	1.0	2
-20.14386	7.89215	-63.81068	LAX_RV_SEPTUM	7	1.0	2
-21.76516	9.49345	-61.64389	LAX_RV_SEPTUM	7	1.0	2
-23.38645	11.09474	-59.47711	LAX_RV_SEPTUM	7	1.0	2
-23.60796	12.69603	-57.17560	LAX_RV_SEPTUM	7	1.0	2
-25.22926	14.29732	-55.00881	LAX_RV_SEPTUM	7	1.0	2
16.24105	38.31668	-16.17496	LAX_LV_EPICARDIAL	7	1.0	2
-22.46975	24.70571	-39.64481	LAX_LV_EPICARDIAL	7	1.0	2
-25.04780	23.10442	-42.21577	LAX_LV_EPICARDIAL	7	1.0	2
-24.82629	21.50313	-44.51729	LAX_LV_EPICARDIAL	7	1.0	2
-24.60477	19.90184	-46.81880	LAX_LV_EPICARDIAL	7	1.0	2
-25.78304	18.30055	-49.25503	LAX_LV_EPICARDIAL	7	1.0	2
-25.56153	16.69926	-51.55654	LAX_LV_EPICARDIAL	7	1.0	2
27.34735	-21.73175	-102.21217	LAX_LV_EPICARDIAL	7	1.0	2
30.14691	-21.73175	-101.94272	LAX_LV_EPICARDIAL	7	1.0	2
32.94647	-21.73175	-101.67327	LAX_LV_EPICARDIAL	7	1.0	2
35.74604	-21.73175	-101.40382	LAX_LV_EPICARDIAL	7	1.0	2
38.54560	-21.73175	-101.13437	LAX_LV_EPICARDIAL	7	1.0	2
41.23440	-20.93110	-99.71417	LAX_LV_EPICARDIAL	7	1.0	2
43.92321	-20.13046	-98.29396	LAX_LV_EPICARDIAL	7	1.0	2
45.10148	-18.52917	-95.85773	LAX_LV_EPICARDIAL	7	1.0	2
47.67953	-16.92788	-93.28676	LAX_LV_EPICARDIAL	7	1.0	2
48.85780	-15.32659	-90.85053	LAX_LV_EPICARDIAL	7	1.0	2
50.03606	-13.72530	-88.41429	LAX_LV_EPICARDIAL	7	1.0	2
51.21433	-12.12401	-85.97806	LAX_LV_EPICARDIAL	7	1.0	2
50.99282	-10.52271	-83.67655	LAX_LV_EPICARDIAL	7	1.0	2
52.17109	-8.92142	-81.24031	LAX_LV_EPICARDIAL	7	1.0	2
53.34936	-7.32013	-78.80408	LAX_LV_EPICARDIAL	7	1.0	2
54.52762	-5.71884	-76.36784	LAX_LV_EPICARDIAL	7	1.0	2
54.30611	-4.11755	-74.06633	LAX_LV_EPICARDIAL	7	1.0	2
55.48438	-2.51626	-71.63009	LAX_LV_EPICARDIAL	7	1.0	2
55.26287	-0.91497	-69.32858	LAX_LV_EPICARDIAL	7	1.0	2
55.04135	0.68632	-67.02707	LAX_LV_EPICARDIAL	7	1.0	2
56.21962	2.28761	-64.59084	LAX_LV_EPICARDIAL	7	1.0	2
54.59833	3.88890	-62.42405	LAX_LV_EPICARDIAL	7	1.0	2
54.37681	5.49020	-60.12254	LAX_LV_EPICARDIAL	7	1.0	2
54.15530	7.09149	-57.82103	LAX_LV_EPICARDIAL	7	1.0	2
53.93379	8.69278	-55.51952	LAX_LV_EPICARDIAL	7	1.0	2
53.71227	10.29407	-53.21801	LAX_LV_EPICARDIAL	7	1.0	2
52.09098	11.89536	-51.05122	LAX_LV_EPICARDIAL	7	1.0	2
51.86947	13.49665	-48.74971	LAX_LV_EPICARDIAL	7	1.0	2
51.64795	15.09794	-46.44820	LAX_LV_EPICARDIAL	7	1.0	2
51.42644	16.69924	-44.14669	LAX_LV_EPICARDIAL	7	1.0	2
49.80515	18.30053	-41.97990	LAX_LV_EPICARDIAL	7	1.0	2
49.58363	19.90182	-39.67839	LAX_LV_EPICARDIAL	7	1.0	2
47.96234	21.50311	-37.51160	LAX_LV_EPICARDIAL	7	1.0	2
46.34105	23.10440	-35.34482	LAX_LV_EPICARDIAL	7	1.0	2
46.11953	24.70569	-33.04331	LAX_LV_EPICARDIAL	7	1.0	2
44.49824	26.30698	-30.87652	LAX_LV_EPICARDIAL	7	1.0	2
41.47716	27.90828	-28.84446	LAX_LV_EPICARDIAL	7	1.0	2
39.85587	29.50957	-26.67767	LAX_LV_EPICARDIAL	7	1.0	2
38.23457	31.11086	-24.51089	LAX_LV_EPICARDIAL	7	1.0	2
36.61328	32.71215	-22.34410	LAX_LV_EPICARDIAL	7	1.0	2
33.59220	34.31344	-20.31204	LAX_LV_EPICARDIAL	7	1.0	2
30.57113	35.91474	-18.27998	LAX_LV_EPICARDIAL	7	1.0	2
27.66081	36.71538	-17.39867	LAX_LV_EPICARDIAL	7	1.0	2
24.75049	37.51603	-16.51736	LAX_LV_EPICARDIAL	7	1.0	2
21.95093	37.51603	-16.78681	LAX_LV_EPICARDIAL	7	1.0	2
19.04061	38.31668	-15.90551	LAX_LV_EPICARDIAL	7	1.0	2
-21.18072	25.50636	-38.35933	LAX_LV_ENDOCARDIAL	7	1.0	2
-20.95921	23.90507	-40.66085	LAX_LV_ENDOCARDIAL	7	1.0	2
-20.73770	22.30377	-42.96236	LAX_LV_ENDOCARDIAL	7	1.0	2
-20.51618	20.70248	-45.26387	LAX_LV_ENDOCARDIAL	7	1.0	2
-20.29467	19.10119	-47.56538	LAX_LV_ENDOCARDIAL	7	1.0	2
-20.07316	17.49990	-49.86689	LAX_LV_ENDOCARDIAL	7	1.0	2
-18.45186	15.89861	-52.03368	LAX_LV_ENDOCARDIAL	7	1.0	2
-16.83057	14.29732	-54.20046	LAX_LV_ENDOCARDIAL	7	1.0	2
-15.20928	12.69603	-56.36725	LAX_LV_ENDOCARDIAL	7	1.0	2
-12.18820	11.09473	-58.39931	LAX_LV_ENDOCARDIAL	7	1.0	2
-10.56691	9.49344	-60.56610	LAX_LV_ENDOCARDIAL	7	1.0	2
-7.54583	7.89215	-62.59816	LAX_LV_ENDOCARDIAL	7	1.0	2
-4.52475	6.29086	-64.63022	LAX_LV_ENDOCARDIAL	7	1.0	2
-2.90346	4.68957	-66.79701	LAX_LV_ENDOCARDIAL	7	1.0	2
-1.28217	3.08827	-68.96379	LAX_LV_ENDOCARDIAL	7	1.0	2
0.33913	1.48698	-71.13058	LAX_LV_ENDOCARDIAL	7	1.0	2
1.96042	-0.11431	-73.29736	LAX_LV_ENDOCARDIAL	7	1.0	2
3.58172	-1.71560	-75.46415	LAX_LV_ENDOCARDIAL	7	1.0	2
5.20301	-3.31689	-77.63094	LAX_LV_ENDOCARDIAL	7	1.0	2
6.82431	-4.91818	-79.79772	LAX_LV_ENDOCARDIAL	7	1.0	2
9.84538	-6.51948	-81.82978	LAX_LV_ENDOCARDIAL	7	1.0	2
11.46668	-8.12077	-83.99657	LAX_LV_ENDOCARDIAL	7	1.0	2
14.48775	-9.72206	-86.02863	LAX_LV_ENDOCARDIAL	7	1.0	2
16.10905	-11.32335	-88.19542	LAX_LV_ENDOCARDIAL	7	1.0	2
19.13012	-12.92464	-90.22748	LAX_LV_ENDOCARDIAL	7	1.0	2
20.75141	-14.52593	-92.39427	LAX_LV_ENDOCARDIAL	7	1.0	2
23.66173	-15.32658	-93.27557	LAX_LV_ENDOCARDIAL	7	1.0	2
26.68281	-16.92787	-95.30763	LAX_LV_ENDOCARDIAL	7	1.0	2
29.70389	-18.52916	-97.33970	LAX_LV_ENDOCARDIAL	7	1.0	2
32.61420	-19.32981	-98.22100	LAX_LV_ENDOCARDIAL	7	1.0	2
35.41377	-19.32981	-97.95155	LAX_LV_ENDOCARDIAL	7	1.0	2
38.21333	-19.32981	-97.68210	LAX_LV_ENDOCARDIAL	7	1.0	2
39.50235	-18.52917	-96.39662	LAX_LV_ENDOCARDIAL	7	1.0	2
42.08040	-16.92788	-93.82566	LAX_LV_ENDOCARDIAL	7	1.0	2
43.25867	-15.32659	-91.38943	LAX_LV_ENDOCARDIAL	7	1.0	2
43.03716	-13.72529	-89.08792	LAX_LV_ENDOCARDIAL	7	1.0	2
44.21543	-12.12400	-86.65168	LAX_LV_ENDOCARDIAL	7	1.0	2
43.99391	-10.52271	-84.35017	LAX_LV_ENDOCARDIAL	7	1.0	2
45.17218	-8.92142	-81.91393	LAX_LV_ENDOCARDIAL	7	1.0	2
46.35045	-7.32013	-79.47770	LAX_LV_ENDOCARDIAL	7	1.0	2
46.12894	-5.71884	-77.17619	LAX_LV_ENDOCARDIAL	7	1.0	2
47.30720	-4.11755	-74.73995	LAX_LV_ENDOCARDIAL	7	1.0	2
48.48547	-2.51626	-72.30372	LAX_LV_ENDOCARDIAL	7	1.0	2
48.26396	-0.91497	-70.00221	LAX_LV_ENDOCARDIAL	7	1.0	2
48.04245	0.68632	-67.70070	LAX_LV_ENDOCARDIAL	7	1.0	2
47.82093	2.28762	-65.39918	LAX_LV_ENDOCARDIAL	7	1.0	2
47.59942	3.88891	-63.09767	LAX_LV_ENDOCARDIAL	7	1.0	2
47.37791	5.49020	-60.79616	LAX_LV_ENDOCARDIAL	7	1.0	2
47.15639	7.09149	-58.49465	LAX_LV_ENDOCARDIAL	7	1.0	2
46.93488	8.69278	-56.19314	LAX_LV_ENDOCARDIAL	7	1.0	2
46.71337	10.29407	-53.89163	LAX_LV_ENDOCARDIAL	7	1.0	2
46.49186	11.89536	-51.59012	LAX_LV_ENDOCARDIAL	7	1.0	2
46.27034	13.49665	-49.28861	LAX_LV_ENDOCARDIAL	7	1.0	2
46.04883	15.09795	-46.98710	LAX_LV_ENDOCARDIAL	7	1.0	2
44.42754	16.69924	-44.82031	LAX_LV_ENDOCARDIAL	7	1.0	2
42.80624	18.30053	-42.65352	LAX_LV_ENDOCARDIAL	7	1.0	2
42.58473	19.90182	-40.35201	LAX_LV_ENDOCARDIAL	7	1.0	2
40.96343	21.50311	-38.18523	LAX_LV_ENDOCARDIAL	7	1.0	2
39.34214	23.10440	-36.01844	LAX_LV_ENDOCARDIAL	7	1.0	2
37.72084	24.70570	-33.85165	LAX_LV_ENDOCARDIAL	7	1.0	2
34.69977	26.30699	-31.81959	LAX_LV_ENDOCARDIAL	7	1.0	2
33.07847	27.90828	-29.65281	LAX_LV_ENDOCARDIAL	7	1.0	2
31.45718	29.50957	-27.48602	LAX_LV_ENDOCARDIAL	7	1.0	2
28.43611	31.11086	-25.45396	LAX_LV_ENDOCARDIAL	7	1.0	2
25.41503	32.71215	-23.42190	LAX_LV_ENDOCARDIAL	7	1.0	2
22.50471	33.51280	-22.54059	LAX_LV_ENDOCARDIAL	7	1.0	2
19.59439	34.31345	-21.65928	LAX_LV_ENDOCARDIAL	7	1.0	2
16.57332	35.91474	-19.62722	LAX_LV_ENDOCARDIAL	7	1.0	2
-69.24696	8.69281	-67.37529	LAX_RV_EPICARDIAL	7	1.0	2
-70.53599	7.89217	-68.66077	LAX_RV_EPICARDIAL	7	1.0	2
-70.31447	6.29088	-70.96228	LAX_RV_EPICARDIAL	7	1.0	2
-70.09296	4.68959	-73.26379	LAX_RV_EPICARDIAL	7	1.0	2
-68.47167	3.08829	-75.43058	LAX_RV_EPICARDIAL	7	1.0	2
-68.25015	1.48700	-77.73209	LAX_RV_EPICARDIAL	7	1.0	2
-66.62886	-0.11429	-79.89887	LAX_RV_EPICARDIAL	7	1.0	2
-65.00756	-1.71558	-82.06566	LAX_RV_EPICARDIAL	7	1.0	2
-63.38627	-3.31687	-84.23245	LAX_RV_EPICARDIAL	7	1.0	2
-61.76498	-4.91816	-86.39923	LAX_RV_EPICARDIAL	7	1.0	2
-61.54346	-6.51946	-88.70074	LAX_RV_EPICARDIAL	7	1.0	2
-58.52239	-8.12075	-90.73280	LAX_RV_EPICARDIAL	7	1.0	2
-56.90109	-9.72204	-92.89959	LAX_RV_EPICARDIAL	7	1.0	2
-53.88002	-11.32333	-94.93165	LAX_RV_EPICARDIAL	7	1.0	2
-52.25872	-12.92462	-97.09844	LAX_RV_EPICARDIAL	7	1.0	2
-49.23765	-14.52591	-99.13050	LAX_RV_EPICARDIAL	7	1.0	2
-46.32733	-15.32656	-100.01181	LAX_RV_EPICARDIAL	7	1.0	2
-43.41701	-16.12721	-100.89311	LAX_RV_EPICARDIAL	7	1.0	2
-40.50669	-16.92785	-101.77442	LAX_RV_EPICARDIAL	7	1.0	2
-37.59637	-17.72850	-102.65572	LAX_RV_EPICARDIAL	7	1.0	2
-34.68605	-18.52915	-103.53703	LAX_RV_EPICARDIAL	7	1.0	2
-31.77573	-19.32979	-104.41834	LAX_RV_EPICARDIAL	7	1.0	2
-28.86541	-20.13044	-105.29964	LAX_RV_EPICARDIAL	7	1.0	2
-26.06585	-20.13044	-105.03019	LAX_RV_EPICARDIAL	7	1.0	2
-23.15553	-20.93109	-105.91150	LAX_RV_EPICARDIAL	7	1.0	2
-20.35597	-20.93109	-105.64205	LAX_RV_EPICARDIAL	7	1.0	2
-17.44565	-21.73173	-106.52336	LAX_RV_EPICARDIAL	7	1.0	2
-14.53533	-22.53238	-107.40466	LAX_RV_EPICARDIAL	7	1.0	2
-11.73577	-22.53238	-107.13521	LAX_RV_EPICARDIAL	7	1.0	2
-8.82545	-23.33303	-108.01652	LAX_RV_EPICARDIAL	7	1.0	2
-6.02589	-23.33303	-107.74707	LAX_RV_EPICARDIAL	7	1.0	2
-3.22633	-23.33303	-107.47762	LAX_RV_EPICARDIAL	7	1.0	2
-0.42676	-23.33303	-107.20817	LAX_RV_EPICARDIAL	7	1.0	2
2.37280	-23.33303	-106.93872	LAX_RV_EPICARDIAL	7	1.0	2
5.28312	-24.13368	-107.82003	LAX_RV_EPICARDIAL	7	1.0	2
8.19344	-24.93432	-108.70133	LAX_RV_EPICARDIAL	7	1.0	2
10.99300	-24.93432	-108.43189	LAX_RV_EPICARDIAL	7	1.0	2
13.79256	-24.93433	-108.16244	LAX_RV_EPICARDIAL	7	1.0	2
16.70288	-25.73497	-109.04374	LAX_RV_EPICARDIAL	7	1.0	2
19.39169	-24.93433	-107.62354	LAX_RV_EPICARDIAL	7	1.0	2
22.19125	-24.93433	-107.35409	LAX_RV_EPICARDIAL	7	1.0	2
24.88006	-24.13368	-105.93388	LAX_RV_EPICARDIAL	7	1.0	2
24.54779	-21.73175	-102.48162	LAX_RV_EPICARDIAL	7	1.0	2
12.37397	35.91474	-20.03140	MITRAL_VALVE	7	1.0	2
-21.40224	27.10765	-36.05782	MITRAL_VALVE	7	1.0	2
-69.35772	9.49346	-66.22453	TRICUSPID_VALVE	7	1.0	2
-28.13958	15.09797	-54.12750	TRICUSPID_VALVE	7	1.0	2
38.54560	-21.73175	-101.13437	APEX_POINT	7	1.0	2
-10.88531	-17.19117	-2.56135	LAX_RV_FREEWALL	11	1.0	2
-10.42158	-18.58493	-5.34165	LAX_RV_FREEWALL	11	1.0	2
-10.04327	-18.57505	-8.12858	LAX_RV_FREEWALL	11	1.0	2
-9.57954	-19.96881	-10.90888	LAX_RV_FREEWALL	11	1.0	2
-9.11581	-21.36257	-13.68918	LAX_RV_FREEWALL	11	1.0	2
-8.65208	-22.75633	-16.46949	LAX_RV_FREEWALL	11	1.0	2
-8.27377	-22.74645	-19.25641	LAX_RV_FREEWALL	11	1.0	2
-7.89546	-22.73657	-22.04333	LAX_RV_FREEWALL	11	1.0	2
-7.43173	-24.13033	-24.82364	LAX_RV_FREEWALL	11	1.0	2
-7.05342	-24.12045	-27.61056	LAX_RV_FREEWALL	11	1.0	2
-6.67510	-24.11057	-30.39748	LAX_RV_FREEWALL	11	1.0	2
-6.29679	-24.10070	-33.18441	LAX_RV_FREEWALL	11	1.0	2
-5.91848	-24.09082	-35.97133	LAX_RV_FREEWALL	11	1.0	2
-5.54017	-24.08094	-38.75825	LAX_RV_FREEWALL	11	1.0	2
-5.16186	-24.07106	-41.54518	LAX_RV_FREEWALL	11	1.0	2
-4.69813	-25.46482	-44.32548	LAX_RV_FREEWALL	11	1.0	2
-4.23440	-26.85858	-47.10578	LAX_RV_FREEWALL	11	1.0	2
-3.85609	-26.84870	-49.89271	LAX_RV_FREEWALL	11	1.0	2
-3.47778	-26.83882	-52.67963	LAX_RV_FREEWALL	11	1.0	2
-3.09946	-26.82894	-55.46655	LAX_RV_FREEWALL	11	1.0	2
-2.72115	-26.81906	-58.25348	LAX_RV_FREEWALL	11	1.0	2
-2.34284	-26.80918	-61.04040	LAX_RV_FREEWALL	11	1.0	2
-1.96453	-26.79931	-63.82732	LAX_RV_FREEWALL	11	1.0	2
-1.50080	-28.19307	-66.60763	LAX_RV_FREEWALL	11	1.0	2
-1.12249	-28.18319	-69.39455	LAX_RV_FREEWALL	11	1.0	2
-0.74417	-28.17331	-72.18147	LAX_RV_FREEWALL	11	1.0	2
-0.45128	-26.75979	-74.97502	LAX_RV_FREEWALL	11	1.0	2
-0.07297	-26.74991	-77.76194	LAX_RV_FREEWALL	11	1.0	2
0.30535	-26.74003	-80.54886	LAX_RV_FREEWALL	11	1.0	2
0.68366	-26.73015	-83.33579	LAX_RV_FREEWALL	11	1.0	2
1.06197	-26.72028	-86.12271	LAX_RV_FREEWALL	11	1.0	2
1.44028	-26.71040	-88.90963	LAX_RV_FREEWALL	11	1.0	2
1.81859	-26.70052	-91.69655	LAX_RV_FREEWALL	11	1.0	2
2.28232	-28.09428	-94.47686	LAX_RV_FREEWALL	11	1.0	2
2.57522	-26.68076	-97.27040	LAX_RV_FREEWALL	11	1.0	2
2.95353	-26.67088	-100.05732	LAX_RV_FREEWALL	11	1.0	2
3.24643	-25.25736	-102.85087	LAX_RV_FREEWALL	11	1.0	2
3.53932	-23.84385	-105.64441	LAX_RV_FREEWALL	11	1.0	2
3.55765	-21.03163	-107.05111	LAX_RV_FREEWALL	11	1.0	2
3.57597	-18.21941	-108.45781	LAX_RV_FREEWALL	11	1.0	2
3.40514	-15.41214	-108.47105	LAX_RV_FREEWALL	11	1.0	2
3.04515	-12.60980	-107.09083	LAX_RV_FREEWALL	11	1.0	2
2.68517	-9.80746	-105.71060	LAX_RV_FREEWALL	11	1.0	2
2.32518	-7.00512	-104.33038	LAX_RV_FREEWALL	11	1.0	2
1.96519	-4.20279	-102.95016	LAX_RV_FREEWALL	11	1.0	2
1.41605	-1.40539	-100.17647	LAX_RV_FREEWALL	11	1.0	2
0.86690	1.39201	-97.40279	LAX_RV_FREEWALL	11	1.0	2
0.31776	4.18941	-94.62910	LAX_RV_FREEWALL	11	1.0	2
-0.14597	5.58317	-91.84880	LAX_RV_FREEWALL	11	1.0	2
-0.52428	5.57329	-89.06188	LAX_RV_FREEWALL	11	1.0	2
-0.54261	2.76107	-87.65518	LAX_RV_SEPTUM	11	1.0	2
-0.37178	-0.04620	-87.64194	LAX_RV_SEPTUM	11	1.0	2
-0.39010	-2.85842	-86.23524	LAX_RV_SEPTUM	11	1.0	2
-0.40842	-5.67064	-84.82854	LAX_RV_SEPTUM	11	1.0	2
-0.42675	-8.48285	-83.42184	LAX_RV_SEPTUM	11	1.0	2
-0.63423	-11.30001	-80.62168	LAX_RV_SEPTUM	11	1.0	2
-0.92713	-12.71353	-77.82813	LAX_RV_SEPTUM	11	1.0	2
-1.22002	-14.12704	-75.03459	LAX_RV_SEPTUM	11	1.0	2
-1.59833	-14.13692	-72.24767	LAX_RV_SEPTUM	11	1.0	2
-1.89123	-15.55044	-69.45412	LAX_RV_SEPTUM	11	1.0	2
-2.26954	-15.56032	-66.66720	LAX_RV_SEPTUM	11	1.0	2
-2.64785	-15.57020	-63.88028	LAX_RV_SEPTUM	11	1.0	2
-3.02617	-15.58008	-61.09336	LAX_RV_SEPTUM	11	1.0	2
-3.40448	-15.58995	-58.30643	LAX_RV_SEPTUM	11	1.0	2
-3.78279	-15.59983	-55.51951	LAX_RV_SEPTUM	11	1.0	2
-4.16110	-15.60971	-52.73259	LAX_RV_SEPTUM	11	1.0	2
-4.53942	-15.61959	-49.94566	LAX_RV_SEPTUM	11	1.0	2
-5.00314	-14.22583	-47.16536	LAX_RV_SEPTUM	11	1.0	2
-5.38146	-14.23571	-44.37844	LAX_RV_SEPTUM	11	1.0	2
-5.84518	-12.84195	-41.59813	LAX_RV_SEPTUM	11	1.0	2
-6.30891	-11.44819	-38.81783	LAX_RV_SEPTUM	11	1.0	2
-6.77264	-10.05443	-36.03752	LAX_RV_SEPTUM	11	1.0	2
-7.23637	-8.66067	-33.25722	LAX_RV_SEPTUM	11	1.0	2
-7.70010	-7.26691	-30.47692	LAX_RV_SEPTUM	11	1.0	2
-8.16382	-5.87315	-27.69661	LAX_RV_SEPTUM	11	1.0	2
-8.62755	-4.47939	-24.91631	LAX_RV_SEPTUM	11	1.0	2
-9.09128	-3.08563	-22.13601	LAX_RV_SEPTUM	11	1.0	2
-9.55501	-1.69187	-19.35570	LAX_RV_SEPTUM	11	1.0	2
-10.01874	-0.29811	-16.57540	LAX_RV_SEPTUM	11	1.0	2
-11.17820	-18.60469	0.23219	LAX_RV_EPICARDIAL	11	1.0	2
-10.71447	-19.99845	-2.54811	LAX_RV_EPICARDIAL	11	1.0	2
-10.25075	-21.39221	-5.32842	LAX_RV_EPICARDIAL	11	1.0	2
-9.78702	-22.78597	-8.10872	LAX_RV_EPICARDIAL	11	1.0	2
-9.32329	-24.17973	-10.88902	LAX_RV_EPICARDIAL	11	1.0	2
-8.85956	-25.57349	-13.66933	LAX_RV_EPICARDIAL	11	1.0	2
-8.48125	-25.56361	-16.45625	LAX_RV_EPICARDIAL	11	1.0	2
-8.01752	-26.95737	-19.23655	LAX_RV_EPICARDIAL	11	1.0	2
-7.63921	-26.94749	-22.02348	LAX_RV_EPICARDIAL	11	1.0	2
-7.26090	-26.93761	-24.81040	LAX_RV_EPICARDIAL	11	1.0	2
-6.88259	-26.92773	-27.59732	LAX_RV_EPICARDIAL	11	1.0	2
-6.50427	-26.91785	-30.38425	LAX_RV_EPICARDIAL	11	1.0	2
-6.12596	-26.90797	-33.17117	LAX_RV_EPICARDIAL	11	1.0	2
-5.83306	-25.49446	-35.96471	LAX_RV_EPICARDIAL	11	1.0	2
-5.36934	-26.88822	-38.74502	LAX_RV_EPICARDIAL	11	1.0	2
-4.99102	-26.87834	-41.53194	LAX_RV_EPICARDIAL	11	1.0	2
-4.52730	-28.27210	-44.31224	LAX_RV_EPICARDIAL	11	1.0	2
-4.14898	-28.26222	-47.09917	LAX_RV_EPICARDIAL	11	1.0	2
-3.77067	-28.25234	-49.88609	LAX_RV_EPICARDIAL	11	1.0	2
-3.30694	-29.64610	-52.66639	LAX_RV_EPICARDIAL	11	1.0	2
-2.92863	-29.63622	-55.45332	LAX_RV_EPICARDIAL	11	1.0	2
-2.46490	-31.02998	-58.23362	LAX_RV_EPICARDIAL	11	1.0	2
-2.17201	-29.61646	-61.02716	LAX_RV_EPICARDIAL	11	1.0	2
-1.79370	-29.60658	-63.81408	LAX_RV_EPICARDIAL	11	1.0	2
-1.32997	-31.00034	-66.59439	LAX_RV_EPICARDIAL	11	1.0	2
-0.95165	-30.99046	-69.38131	LAX_RV_EPICARDIAL	11	1.0	2
-0.57334	-30.98059	-72.16823	LAX_RV_EPICARDIAL	11	1.0	2
-0.19503	-30.97071	-74.95516	LAX_RV_EPICARDIAL	11	1.0	2
0.09787	-29.55719	-77.74870	LAX_RV_EPICARDIAL	11	1.0	2
0.47618	-29.54731	-80.53562	LAX_RV_EPICARDIAL	11	1.0	2
0.85449	-29.53743	-83.32255	LAX_RV_EPICARDIAL	11	1.0	2
1.23280	-29.52755	-86.10947	LAX_RV_EPICARDIAL	11	1.0	2
1.61111	-29.51767	-88.89639	LAX_RV_EPICARDIAL	11	1.0	2
1.98943	-29.50780	-91.68332	LAX_RV_EPICARDIAL	11	1.0	2
2.45315	-30.90155	-94.46362	LAX_RV_EPICARDIAL	11	1.0	2
2.83147	-30.89168	-97.25054	LAX_RV_EPICARDIAL	11	1.0	2
3.12436	-29.47816	-100.04409	LAX_RV_EPICARDIAL	11	1.0	2
3.41726	-28.06464	-102.83763	LAX_RV_EPICARDIAL	11	1.0	2
3.79557	-28.05476	-105.62455	LAX_RV_EPICARDIAL	11	1.0	2
4.08847	-26.64125	-108.41809	LAX_RV_EPICARDIAL	11	1.0	2
4.29595	-23.82409	-111.21826	LAX_RV_EPICARDIAL	11	1.0	2
4.12512	-21.01681	-111.23149	LAX_RV_EPICARDIAL	11	1.0	2
3.95428	-18.20953	-111.24473	LAX_RV_EPICARDIAL	11	1.0	2
3.78345	-15.40226	-111.25797	LAX_RV_EPICARDIAL	11	1.0	2
3.61262	-12.59498	-111.27121	LAX_RV_EPICARDIAL	11	1.0	2
3.25263	-9.79264	-109.89099	LAX_RV_EPICARDIAL	11	1.0	2
2.89265	-6.99030	-108.51076	LAX_RV_EPICARDIAL	11	1.0	2
2.53266	-4.18797	-107.13054	LAX_RV_EPICARDIAL	11	1.0	2
2.17267	-1.38563	-105.75032	LAX_RV_EPICARDIAL	11	1.0	2
1.62353	1.41177	-102.97663	LAX_RV_EPICARDIAL	11	1.0	2
1.07438	4.20917	-100.20295	LAX_RV_EPICARDIAL	11	1.0	2
0.52524	7.00657	-97.42927	LAX_RV_EPICARDIAL	11	1.0	2
-0.02391	9.80396	-94.65558	LAX_RV_EPICARDIAL	11	1.0	2
-0.57305	12.60136	-91.88190	LAX_RV_EPICARDIAL	11	1.0	2
-0.95136	12.59148	-89.09497	LAX_RV_EPICARDIAL	11	1.0	2
-0.78053	9.78421	-89.08174	LAX_RV_EPICARDIAL	11	1.0	2
-0.42054	6.98187	-90.46196	LAX_RV_EPICARDIAL	11	1.0	2
-11.53819	-15.80235	1.61241	PULMONARY_VALVE	11	1.0	2
-10.75704	2.49435	-12.40825	PULMONARY_VALVE	11	1.0	2
