x	y	z	contour type	frameID	weight	time frame
-23.83910	-25.27686	-43.94096	SAX_RV_FREEWALL	3	1.0	10
-25.53567	-24.17210	-46.34696	SAX_RV_FREEWALL	3	1.0	10
-27.76336	-24.17210	-48.06381	SAX_RV_FREEWALL	3	1.0	10
-29.45993	-23.06733	-50.46981	SAX_RV_FREEWALL	3	1.0	10
-31.68761	-23.06734	-52.18665	SAX_RV_FREEWALL	3	1.0	10
-33.91530	-23.06734	-53.90350	SAX_RV_FREEWALL	3	1.0	10
-35.61187	-21.96257	-56.30950	SAX_RV_FREEWALL	3	1.0	10
-37.83956	-21.96258	-58.02635	SAX_RV_FREEWALL	3	1.0	10
-39.53613	-20.85781	-60.43235	SAX_RV_FREEWALL	3	1.0	10
-41.23269	-19.75304	-62.83835	SAX_RV_FREEWALL	3	1.0	10
-42.92926	-18.64828	-65.24436	SAX_RV_FREEWALL	3	1.0	10
-44.62583	-17.54351	-67.65036	SAX_RV_FREEWALL	3	1.0	10
-45.79128	-15.33398	-70.74552	SAX_RV_FREEWALL	3	1.0	10
-45.84288	-13.12444	-72.98225	SAX_RV_FREEWALL	3	1.0	10
-45.89448	-10.91491	-75.21899	SAX_RV_FREEWALL	3	1.0	10
-44.83224	-8.70537	-76.59730	SAX_RV_FREEWALL	3	1.0	10
-43.77000	-6.49583	-77.97562	SAX_RV_FREEWALL	3	1.0	10
-40.48007	-4.28629	-77.63708	SAX_RV_FREEWALL	3	1.0	10
-38.30398	-2.07676	-78.15697	SAX_RV_FREEWALL	3	1.0	10
-36.12789	0.13278	-78.67686	SAX_RV_FREEWALL	3	1.0	10
-33.95181	2.34232	-79.19676	SAX_RV_FREEWALL	3	1.0	10
-30.66188	4.55186	-78.85822	SAX_RV_FREEWALL	3	1.0	10
-27.37195	6.76140	-78.51969	SAX_RV_FREEWALL	3	1.0	10
-24.08202	8.97094	-78.18116	SAX_RV_FREEWALL	3	1.0	10
-21.32321	10.07571	-77.15347	SAX_RV_FREEWALL	3	1.0	10
-18.56440	11.18048	-76.12578	SAX_RV_FREEWALL	3	1.0	10
-16.33671	11.18048	-74.40894	SAX_RV_FREEWALL	3	1.0	10
8.25597	-16.43869	-27.99364	SAX_RV_FREEWALL	3	1.0	10
5.49716	-17.54346	-29.02133	SAX_RV_FREEWALL	3	1.0	10
2.73835	-18.64823	-30.04902	SAX_RV_FREEWALL	3	1.0	10
-0.02046	-19.75300	-31.07671	SAX_RV_FREEWALL	3	1.0	10
-2.77927	-20.85777	-32.10440	SAX_RV_FREEWALL	3	1.0	10
-5.53808	-21.96254	-33.13209	SAX_RV_FREEWALL	3	1.0	10
-8.29689	-23.06731	-34.15978	SAX_RV_FREEWALL	3	1.0	10
-11.05570	-24.17208	-35.18746	SAX_RV_FREEWALL	3	1.0	10
-13.28338	-24.17209	-36.90431	SAX_RV_FREEWALL	3	1.0	10
-16.04219	-25.27686	-37.93200	SAX_RV_FREEWALL	3	1.0	10
-18.26988	-25.27686	-39.64884	SAX_RV_FREEWALL	3	1.0	10
-20.49757	-25.27686	-41.36569	SAX_RV_FREEWALL	3	1.0	10
-22.72526	-25.27686	-43.08254	SAX_RV_FREEWALL	3	1.0	10
-25.96359	-29.69594	-41.18433	SAX_RV_EPICARDIAL	3	1.0	10
-27.66015	-28.59117	-43.59033	SAX_RV_EPICARDIAL	3	1.0	10
-29.88784	-28.59117	-45.30718	SAX_RV_EPICARDIAL	3	1.0	10
-32.11553	-28.59118	-47.02403	SAX_RV_EPICARDIAL	3	1.0	10
-33.81210	-27.48641	-49.43003	SAX_RV_EPICARDIAL	3	1.0	10
-36.03979	-27.48641	-51.14687	SAX_RV_EPICARDIAL	3	1.0	10
-37.73635	-26.38165	-53.55288	SAX_RV_EPICARDIAL	3	1.0	10
-39.96404	-26.38165	-55.26972	SAX_RV_EPICARDIAL	3	1.0	10
-41.66061	-25.27688	-57.67572	SAX_RV_EPICARDIAL	3	1.0	10
-43.88830	-25.27688	-59.39257	SAX_RV_EPICARDIAL	3	1.0	10
-45.58487	-24.17212	-61.79857	SAX_RV_EPICARDIAL	3	1.0	10
-47.28143	-23.06735	-64.20457	SAX_RV_EPICARDIAL	3	1.0	10
-48.44688	-20.85782	-67.29973	SAX_RV_EPICARDIAL	3	1.0	10
-49.61233	-18.64828	-70.39489	SAX_RV_EPICARDIAL	3	1.0	10
-50.77777	-16.43875	-73.49005	SAX_RV_EPICARDIAL	3	1.0	10
-49.71553	-14.22921	-74.86836	SAX_RV_EPICARDIAL	3	1.0	10
-48.65329	-12.01968	-76.24668	SAX_RV_EPICARDIAL	3	1.0	10
-47.59105	-9.81014	-77.62499	SAX_RV_EPICARDIAL	3	1.0	10
-46.52881	-7.60060	-79.00330	SAX_RV_EPICARDIAL	3	1.0	10
-45.46656	-5.39107	-80.38162	SAX_RV_EPICARDIAL	3	1.0	10
-44.40432	-3.18153	-81.75993	SAX_RV_EPICARDIAL	3	1.0	10
-42.22824	-0.97199	-82.27982	SAX_RV_EPICARDIAL	3	1.0	10
-40.05215	1.23755	-82.79971	SAX_RV_EPICARDIAL	3	1.0	10
-36.76222	3.44708	-82.46118	SAX_RV_EPICARDIAL	3	1.0	10
-33.47229	5.65662	-82.12265	SAX_RV_EPICARDIAL	3	1.0	10
-30.18236	7.86616	-81.78412	SAX_RV_EPICARDIAL	3	1.0	10
-26.89243	10.07570	-81.44558	SAX_RV_EPICARDIAL	3	1.0	10
-23.60250	12.28524	-81.10705	SAX_RV_EPICARDIAL	3	1.0	10
-20.84369	13.39001	-80.07936	SAX_RV_EPICARDIAL	3	1.0	10
-18.08488	14.49478	-79.05167	SAX_RV_EPICARDIAL	3	1.0	10
-15.85719	14.49478	-77.33483	SAX_RV_EPICARDIAL	3	1.0	10
-13.09838	15.59955	-76.30714	SAX_RV_EPICARDIAL	3	1.0	10
-12.46406	12.28525	-72.52282	SAX_RV_EPICARDIAL	3	1.0	10
12.07702	-13.12438	-28.34427	SAX_RV_EPICARDIAL	3	1.0	10
16.53240	-13.12438	-24.91058	SAX_RV_EPICARDIAL	3	1.0	10
14.35631	-15.33392	-24.39068	SAX_RV_EPICARDIAL	3	1.0	10
11.06638	-17.54346	-24.72922	SAX_RV_EPICARDIAL	3	1.0	10
7.77645	-19.75299	-25.06775	SAX_RV_EPICARDIAL	3	1.0	10
5.01764	-20.85776	-26.09544	SAX_RV_EPICARDIAL	3	1.0	10
2.25883	-21.96254	-27.12313	SAX_RV_EPICARDIAL	3	1.0	10
-0.49998	-23.06731	-28.15082	SAX_RV_EPICARDIAL	3	1.0	10
-3.78991	-25.27684	-28.48935	SAX_RV_EPICARDIAL	3	1.0	10
-6.54872	-26.38162	-29.51704	SAX_RV_EPICARDIAL	3	1.0	10
-9.30753	-27.48639	-30.54473	SAX_RV_EPICARDIAL	3	1.0	10
-12.06634	-28.59116	-31.57241	SAX_RV_EPICARDIAL	3	1.0	10
-14.29402	-28.59116	-33.28926	SAX_RV_EPICARDIAL	3	1.0	10
-17.05283	-29.69593	-34.31695	SAX_RV_EPICARDIAL	3	1.0	10
-19.28052	-29.69593	-36.03379	SAX_RV_EPICARDIAL	3	1.0	10
-21.50821	-29.69593	-37.75064	SAX_RV_EPICARDIAL	3	1.0	10
-23.73590	-29.69594	-39.46749	SAX_RV_EPICARDIAL	3	1.0	10
-14.10902	11.18048	-72.69209	SAX_RV_SEPTUM	3	1.0	10
-12.94357	8.97095	-69.59693	SAX_RV_SEPTUM	3	1.0	10
-12.89197	6.76141	-67.36019	SAX_RV_SEPTUM	3	1.0	10
-12.84037	4.55188	-65.12346	SAX_RV_SEPTUM	3	1.0	10
-12.78877	2.34234	-62.88672	SAX_RV_SEPTUM	3	1.0	10
-12.73717	0.13280	-60.64999	SAX_RV_SEPTUM	3	1.0	10
-11.57172	-2.07673	-57.55483	SAX_RV_SEPTUM	3	1.0	10
-11.52012	-4.28627	-55.31809	SAX_RV_SEPTUM	3	1.0	10
-10.35467	-6.49580	-52.22293	SAX_RV_SEPTUM	3	1.0	10
-9.18922	-8.70533	-49.12777	SAX_RV_SEPTUM	3	1.0	10
-7.49266	-9.81010	-46.72177	SAX_RV_SEPTUM	3	1.0	10
-6.32721	-12.01963	-43.62661	SAX_RV_SEPTUM	3	1.0	10
-4.09952	-12.01963	-41.90977	SAX_RV_SEPTUM	3	1.0	10
-2.40295	-13.12440	-39.50376	SAX_RV_SEPTUM	3	1.0	10
-0.17526	-13.12440	-37.78692	SAX_RV_SEPTUM	3	1.0	10
2.05242	-13.12439	-36.07007	SAX_RV_SEPTUM	3	1.0	10
4.28011	-13.12439	-34.35323	SAX_RV_SEPTUM	3	1.0	10
6.50780	-13.12439	-32.63638	SAX_RV_SEPTUM	3	1.0	10
8.73549	-13.12439	-30.91953	SAX_RV_SEPTUM	3	1.0	10
10.96318	-13.12438	-29.20269	SAX_RV_SEPTUM	3	1.0	10
11.54590	-14.22915	-27.65511	SAX_RV_SEPTUM	3	1.0	10
-9.75685	15.59956	-73.73187	SAX_LV_EPICARDIAL	3	1.0	10
-8.69461	17.80909	-75.11018	SAX_LV_EPICARDIAL	3	1.0	10
-6.51852	20.01863	-75.63008	SAX_LV_EPICARDIAL	3	1.0	10
-5.45628	22.22817	-77.00839	SAX_LV_EPICARDIAL	3	1.0	10
-3.28019	24.43770	-77.52828	SAX_LV_EPICARDIAL	3	1.0	10
-1.10411	26.64724	-78.04817	SAX_LV_EPICARDIAL	3	1.0	10
2.18582	28.85678	-77.70964	SAX_LV_EPICARDIAL	3	1.0	10
4.36191	31.06632	-78.22953	SAX_LV_EPICARDIAL	3	1.0	10
7.65184	33.27586	-77.89100	SAX_LV_EPICARDIAL	3	1.0	10
10.41065	34.38063	-76.86331	SAX_LV_EPICARDIAL	3	1.0	10
13.16946	35.48540	-75.83562	SAX_LV_EPICARDIAL	3	1.0	10
15.92827	36.59017	-74.80793	SAX_LV_EPICARDIAL	3	1.0	10
18.68708	37.69494	-73.78024	SAX_LV_EPICARDIAL	3	1.0	10
21.44589	38.79971	-72.75255	SAX_LV_EPICARDIAL	3	1.0	10
23.67357	38.79971	-71.03571	SAX_LV_EPICARDIAL	3	1.0	10
26.43238	39.90448	-70.00802	SAX_LV_EPICARDIAL	3	1.0	10
28.66007	39.90449	-68.29117	SAX_LV_EPICARDIAL	3	1.0	10
30.88776	39.90449	-66.57433	SAX_LV_EPICARDIAL	3	1.0	10
33.11545	39.90449	-64.85748	SAX_LV_EPICARDIAL	3	1.0	10
35.34314	39.90449	-63.14063	SAX_LV_EPICARDIAL	3	1.0	10
37.57083	39.90449	-61.42379	SAX_LV_EPICARDIAL	3	1.0	10
39.26739	38.79973	-59.01779	SAX_LV_EPICARDIAL	3	1.0	10
40.96396	37.69496	-56.61178	SAX_LV_EPICARDIAL	3	1.0	10
42.66053	36.59020	-54.20578	SAX_LV_EPICARDIAL	3	1.0	10
43.82598	34.38066	-51.11062	SAX_LV_EPICARDIAL	3	1.0	10
44.99142	32.17113	-48.01546	SAX_LV_EPICARDIAL	3	1.0	10
46.15687	29.96159	-44.92030	SAX_LV_EPICARDIAL	3	1.0	10
46.20847	27.75206	-42.68357	SAX_LV_EPICARDIAL	3	1.0	10
46.26007	25.54252	-40.44683	SAX_LV_EPICARDIAL	3	1.0	10
45.19783	23.33299	-39.06852	SAX_LV_EPICARDIAL	3	1.0	10
45.24943	21.12345	-36.83178	SAX_LV_EPICARDIAL	3	1.0	10
44.18719	18.91391	-35.45347	SAX_LV_EPICARDIAL	3	1.0	10
44.23879	16.70438	-33.21673	SAX_LV_EPICARDIAL	3	1.0	10
43.17655	14.49484	-31.83842	SAX_LV_EPICARDIAL	3	1.0	10
42.11431	12.28530	-30.46011	SAX_LV_EPICARDIAL	3	1.0	10
41.05207	10.07577	-29.08179	SAX_LV_EPICARDIAL	3	1.0	10
39.98983	7.86623	-27.70348	SAX_LV_EPICARDIAL	3	1.0	10
37.81374	5.65669	-27.18359	SAX_LV_EPICARDIAL	3	1.0	10
36.75150	3.44716	-25.80528	SAX_LV_EPICARDIAL	3	1.0	10
34.57541	1.23762	-25.28538	SAX_LV_EPICARDIAL	3	1.0	10
32.39933	-0.97192	-24.76549	SAX_LV_EPICARDIAL	3	1.0	10
30.22324	-3.18146	-24.24560	SAX_LV_EPICARDIAL	3	1.0	10
26.93331	-5.39099	-24.58414	SAX_LV_EPICARDIAL	3	1.0	10
23.64338	-7.60053	-24.92267	SAX_LV_EPICARDIAL	3	1.0	10
20.35345	-9.81007	-25.26120	SAX_LV_EPICARDIAL	3	1.0	10
17.59464	-10.91484	-26.28889	SAX_LV_EPICARDIAL	3	1.0	10
15.36695	-10.91484	-28.00573	SAX_LV_EPICARDIAL	3	1.0	10
9.59132	-2.07671	-41.24479	SAX_LV_ENDOCARDIAL	3	1.0	10
7.89475	-0.97194	-43.65080	SAX_LV_ENDOCARDIAL	3	1.0	10
5.66707	-0.97194	-45.36764	SAX_LV_ENDOCARDIAL	3	1.0	10
3.97050	0.13282	-47.77364	SAX_LV_ENDOCARDIAL	3	1.0	10
2.80505	2.34236	-50.86880	SAX_LV_ENDOCARDIAL	3	1.0	10
1.10848	3.44712	-53.27481	SAX_LV_ENDOCARDIAL	3	1.0	10
-0.05696	5.65666	-56.36996	SAX_LV_ENDOCARDIAL	3	1.0	10
-1.22241	7.86619	-59.46512	SAX_LV_ENDOCARDIAL	3	1.0	10
-1.27401	10.07573	-61.70186	SAX_LV_ENDOCARDIAL	3	1.0	10
-0.21177	12.28526	-63.08017	SAX_LV_ENDOCARDIAL	3	1.0	10
0.85047	14.49480	-64.45849	SAX_LV_ENDOCARDIAL	3	1.0	10
1.91271	16.70434	-65.83680	SAX_LV_ENDOCARDIAL	3	1.0	10
2.97496	18.91387	-67.21511	SAX_LV_ENDOCARDIAL	3	1.0	10
5.15104	21.12341	-67.73500	SAX_LV_ENDOCARDIAL	3	1.0	10
7.32713	23.33295	-68.25489	SAX_LV_ENDOCARDIAL	3	1.0	10
10.61706	25.54249	-67.91636	SAX_LV_ENDOCARDIAL	3	1.0	10
13.90699	27.75203	-67.57783	SAX_LV_ENDOCARDIAL	3	1.0	10
16.66580	28.85680	-66.55014	SAX_LV_ENDOCARDIAL	3	1.0	10
19.42461	29.96157	-65.52245	SAX_LV_ENDOCARDIAL	3	1.0	10
21.65230	29.96157	-63.80561	SAX_LV_ENDOCARDIAL	3	1.0	10
23.87998	29.96157	-62.08876	SAX_LV_ENDOCARDIAL	3	1.0	10
26.10767	29.96157	-60.37192	SAX_LV_ENDOCARDIAL	3	1.0	10
28.33536	29.96157	-58.65507	SAX_LV_ENDOCARDIAL	3	1.0	10
30.03193	28.85681	-56.24907	SAX_LV_ENDOCARDIAL	3	1.0	10
31.72850	27.75204	-53.84307	SAX_LV_ENDOCARDIAL	3	1.0	10
33.42506	26.64728	-51.43706	SAX_LV_ENDOCARDIAL	3	1.0	10
34.59051	24.43774	-48.34190	SAX_LV_ENDOCARDIAL	3	1.0	10
34.64211	22.22821	-46.10517	SAX_LV_ENDOCARDIAL	3	1.0	10
34.69371	20.01867	-43.86843	SAX_LV_ENDOCARDIAL	3	1.0	10
34.74532	17.80914	-41.63169	SAX_LV_ENDOCARDIAL	3	1.0	10
34.79692	15.59960	-39.39496	SAX_LV_ENDOCARDIAL	3	1.0	10
33.73468	13.39006	-38.01665	SAX_LV_ENDOCARDIAL	3	1.0	10
32.67244	11.18053	-36.63833	SAX_LV_ENDOCARDIAL	3	1.0	10
31.61019	8.97099	-35.26002	SAX_LV_ENDOCARDIAL	3	1.0	10
30.54795	6.76145	-33.88170	SAX_LV_ENDOCARDIAL	3	1.0	10
29.48571	4.55192	-32.50339	SAX_LV_ENDOCARDIAL	3	1.0	10
27.30962	2.34238	-31.98350	SAX_LV_ENDOCARDIAL	3	1.0	10
24.01969	0.13284	-32.32203	SAX_LV_ENDOCARDIAL	3	1.0	10
21.26088	-0.97193	-33.34972	SAX_LV_ENDOCARDIAL	3	1.0	10
18.50208	-2.07670	-34.37741	SAX_LV_ENDOCARDIAL	3	1.0	10
16.27439	-2.07670	-36.09426	SAX_LV_ENDOCARDIAL	3	1.0	10
14.04670	-2.07670	-37.81110	SAX_LV_ENDOCARDIAL	3	1.0	10
11.81901	-2.07671	-39.52795	SAX_LV_ENDOCARDIAL	3	1.0	10
11.54590	-14.22915	-27.65511	RV_INSERT	3	1.0	10
-14.10902	11.18048	-72.69209	RV_INSERT	3	1.0	10
-27.17547	-30.70404	-69.55974	SAX_RV_FREEWALL	4	1.0	10
-28.87204	-29.59927	-71.96574	SAX_RV_FREEWALL	4	1.0	10
-30.03749	-27.38974	-75.06090	SAX_RV_FREEWALL	4	1.0	10
-31.73405	-26.28497	-77.46690	SAX_RV_FREEWALL	4	1.0	10
-32.89950	-24.07544	-80.56206	SAX_RV_FREEWALL	4	1.0	10
-32.95110	-21.86590	-82.79880	SAX_RV_FREEWALL	4	1.0	10
-33.00271	-19.65637	-85.03553	SAX_RV_FREEWALL	4	1.0	10
-31.94046	-17.44683	-86.41385	SAX_RV_FREEWALL	4	1.0	10
-29.76438	-15.23729	-86.93374	SAX_RV_FREEWALL	4	1.0	10
-27.58829	-13.02775	-87.45363	SAX_RV_FREEWALL	4	1.0	10
-25.41221	-10.81822	-87.97352	SAX_RV_FREEWALL	4	1.0	10
-22.12228	-8.60868	-87.63499	SAX_RV_FREEWALL	4	1.0	10
-19.94619	-6.39914	-88.15488	SAX_RV_FREEWALL	4	1.0	10
-16.65626	-4.18960	-87.81635	SAX_RV_FREEWALL	4	1.0	10
-13.36633	-1.98006	-87.47781	SAX_RV_FREEWALL	4	1.0	10
-11.19024	0.22948	-87.99770	SAX_RV_FREEWALL	4	1.0	10
-8.43143	1.33425	-86.97002	SAX_RV_FREEWALL	4	1.0	10
-5.14150	3.54378	-86.63148	SAX_RV_FREEWALL	4	1.0	10
-2.91381	3.54379	-84.91464	SAX_RV_FREEWALL	4	1.0	10
4.38848	-22.97063	-52.92327	SAX_RV_FREEWALL	4	1.0	10
1.62967	-24.07540	-53.95095	SAX_RV_FREEWALL	4	1.0	10
-0.59802	-24.07540	-55.66780	SAX_RV_FREEWALL	4	1.0	10
-2.82571	-24.07541	-57.38465	SAX_RV_FREEWALL	4	1.0	10
-5.58452	-25.18018	-58.41233	SAX_RV_FREEWALL	4	1.0	10
-7.81221	-25.18018	-60.12918	SAX_RV_FREEWALL	4	1.0	10
-11.10214	-27.38972	-60.46771	SAX_RV_FREEWALL	4	1.0	10
-13.86094	-28.49449	-61.49540	SAX_RV_FREEWALL	4	1.0	10
-16.61975	-29.59926	-62.52309	SAX_RV_FREEWALL	4	1.0	10
-19.37856	-30.70403	-63.55078	SAX_RV_FREEWALL	4	1.0	10
-21.60625	-30.70403	-65.26762	SAX_RV_FREEWALL	4	1.0	10
-23.83394	-30.70403	-66.98447	SAX_RV_FREEWALL	4	1.0	10
-26.06163	-30.70404	-68.70132	SAX_RV_FREEWALL	4	1.0	10
-30.41380	-35.12311	-67.66153	SAX_RV_EPICARDIAL	4	1.0	10
-32.11037	-34.01835	-70.06754	SAX_RV_EPICARDIAL	4	1.0	10
-33.27581	-31.80881	-73.16270	SAX_RV_EPICARDIAL	4	1.0	10
-34.97238	-30.70405	-75.56870	SAX_RV_EPICARDIAL	4	1.0	10
-36.13783	-28.49451	-78.66386	SAX_RV_EPICARDIAL	4	1.0	10
-36.18943	-26.28498	-80.90059	SAX_RV_EPICARDIAL	4	1.0	10
-37.35488	-24.07544	-83.99575	SAX_RV_EPICARDIAL	4	1.0	10
-36.29264	-21.86590	-85.37407	SAX_RV_EPICARDIAL	4	1.0	10
-35.23039	-19.65637	-86.75238	SAX_RV_EPICARDIAL	4	1.0	10
-34.16815	-17.44683	-88.13069	SAX_RV_EPICARDIAL	4	1.0	10
-33.10591	-15.23729	-89.50901	SAX_RV_EPICARDIAL	4	1.0	10
-30.92982	-13.02776	-90.02890	SAX_RV_EPICARDIAL	4	1.0	10
-28.75374	-10.81822	-90.54879	SAX_RV_EPICARDIAL	4	1.0	10
-26.57765	-8.60868	-91.06868	SAX_RV_EPICARDIAL	4	1.0	10
-24.40157	-6.39914	-91.58857	SAX_RV_EPICARDIAL	4	1.0	10
-21.11164	-4.18961	-91.25004	SAX_RV_EPICARDIAL	4	1.0	10
-18.93555	-1.98007	-91.76993	SAX_RV_EPICARDIAL	4	1.0	10
-15.64562	0.22947	-91.43140	SAX_RV_EPICARDIAL	4	1.0	10
-12.35569	2.43901	-91.09286	SAX_RV_EPICARDIAL	4	1.0	10
-9.06576	4.64855	-90.75433	SAX_RV_EPICARDIAL	4	1.0	10
-6.30695	5.75332	-89.72664	SAX_RV_EPICARDIAL	4	1.0	10
-3.54814	6.85809	-88.69895	SAX_RV_EPICARDIAL	4	1.0	10
-0.78933	7.96286	-87.67126	SAX_RV_EPICARDIAL	4	1.0	10
1.96948	9.06763	-86.64358	SAX_RV_EPICARDIAL	4	1.0	10
1.48996	5.75333	-83.71768	SAX_RV_EPICARDIAL	4	1.0	10
-0.68613	3.54379	-83.19779	SAX_RV_EPICARDIAL	4	1.0	10
8.79225	-20.76109	-51.72631	SAX_RV_EPICARDIAL	4	1.0	10
10.48882	-21.86586	-49.32031	SAX_RV_EPICARDIAL	4	1.0	10
10.54042	-24.07539	-47.08357	SAX_RV_EPICARDIAL	4	1.0	10
7.78161	-25.18016	-48.11126	SAX_RV_EPICARDIAL	4	1.0	10
5.02280	-26.28493	-49.13895	SAX_RV_EPICARDIAL	4	1.0	10
2.79512	-26.28494	-50.85580	SAX_RV_EPICARDIAL	4	1.0	10
0.56743	-26.28494	-52.57264	SAX_RV_EPICARDIAL	4	1.0	10
-1.66026	-26.28494	-54.28949	SAX_RV_EPICARDIAL	4	1.0	10
-4.41907	-27.38971	-55.31718	SAX_RV_EPICARDIAL	4	1.0	10
-7.17788	-28.49448	-56.34486	SAX_RV_EPICARDIAL	4	1.0	10
-10.46781	-30.70402	-56.68340	SAX_RV_EPICARDIAL	4	1.0	10
-13.22662	-31.80879	-57.71109	SAX_RV_EPICARDIAL	4	1.0	10
-16.51655	-34.01833	-58.04962	SAX_RV_EPICARDIAL	4	1.0	10
-18.74424	-34.01833	-59.76646	SAX_RV_EPICARDIAL	4	1.0	10
-20.97193	-34.01833	-61.48331	SAX_RV_EPICARDIAL	4	1.0	10
-23.73074	-35.12311	-62.51100	SAX_RV_EPICARDIAL	4	1.0	10
-25.95842	-35.12311	-64.22784	SAX_RV_EPICARDIAL	4	1.0	10
-28.18611	-35.12311	-65.94469	SAX_RV_EPICARDIAL	4	1.0	10
-0.68613	3.54379	-83.19779	SAX_RV_SEPTUM	4	1.0	10
-1.74837	1.33425	-81.81948	SAX_RV_SEPTUM	4	1.0	10
-1.69677	-0.87528	-79.58274	SAX_RV_SEPTUM	4	1.0	10
-2.75901	-3.08482	-78.20443	SAX_RV_SEPTUM	4	1.0	10
-2.70740	-5.29435	-75.96769	SAX_RV_SEPTUM	4	1.0	10
-2.65580	-7.50389	-73.73096	SAX_RV_SEPTUM	4	1.0	10
-2.60420	-9.71343	-71.49422	SAX_RV_SEPTUM	4	1.0	10
-2.55260	-11.92296	-69.25748	SAX_RV_SEPTUM	4	1.0	10
-1.38715	-14.13250	-66.16232	SAX_RV_SEPTUM	4	1.0	10
0.30942	-15.23726	-63.75632	SAX_RV_SEPTUM	4	1.0	10
1.47486	-17.44680	-60.66116	SAX_RV_SEPTUM	4	1.0	10
3.17143	-18.55156	-58.25516	SAX_RV_SEPTUM	4	1.0	10
4.86800	-19.65633	-55.84916	SAX_RV_SEPTUM	4	1.0	10
6.56457	-20.76109	-53.44316	SAX_RV_SEPTUM	4	1.0	10
8.79225	-20.76109	-51.72631	SAX_RV_SEPTUM	4	1.0	10
6.61617	-22.97063	-51.20642	SAX_RV_SEPTUM	4	1.0	10
3.66605	7.96286	-84.23757	SAX_LV_EPICARDIAL	4	1.0	10
5.84213	10.17240	-84.75746	SAX_LV_EPICARDIAL	4	1.0	10
6.90437	12.38194	-86.13578	SAX_LV_EPICARDIAL	4	1.0	10
10.19430	14.59148	-85.79724	SAX_LV_EPICARDIAL	4	1.0	10
12.37039	16.80102	-86.31714	SAX_LV_EPICARDIAL	4	1.0	10
15.66032	19.01055	-85.97860	SAX_LV_EPICARDIAL	4	1.0	10
18.95025	21.22009	-85.64007	SAX_LV_EPICARDIAL	4	1.0	10
22.24018	23.42963	-85.30154	SAX_LV_EPICARDIAL	4	1.0	10
24.99899	24.53440	-84.27385	SAX_LV_EPICARDIAL	4	1.0	10
27.75780	25.63917	-83.24616	SAX_LV_EPICARDIAL	4	1.0	10
30.51661	26.74394	-82.21847	SAX_LV_EPICARDIAL	4	1.0	10
32.74430	26.74395	-80.50163	SAX_LV_EPICARDIAL	4	1.0	10
34.97199	26.74395	-78.78478	SAX_LV_EPICARDIAL	4	1.0	10
37.19968	26.74395	-77.06794	SAX_LV_EPICARDIAL	4	1.0	10
39.42736	26.74395	-75.35109	SAX_LV_EPICARDIAL	4	1.0	10
41.65505	26.74395	-73.63424	SAX_LV_EPICARDIAL	4	1.0	10
43.35162	25.63919	-71.22824	SAX_LV_EPICARDIAL	4	1.0	10
45.04819	24.53442	-68.82224	SAX_LV_EPICARDIAL	4	1.0	10
46.74475	23.42966	-66.41624	SAX_LV_EPICARDIAL	4	1.0	10
48.44132	22.32489	-64.01023	SAX_LV_EPICARDIAL	4	1.0	10
50.13789	21.22012	-61.60423	SAX_LV_EPICARDIAL	4	1.0	10
51.30334	19.01059	-58.50907	SAX_LV_EPICARDIAL	4	1.0	10
51.35494	16.80105	-56.27234	SAX_LV_EPICARDIAL	4	1.0	10
51.40654	14.59152	-54.03560	SAX_LV_EPICARDIAL	4	1.0	10
51.45814	12.38198	-51.79886	SAX_LV_EPICARDIAL	4	1.0	10
51.50975	10.17245	-49.56213	SAX_LV_EPICARDIAL	4	1.0	10
50.44750	7.96291	-48.18381	SAX_LV_EPICARDIAL	4	1.0	10
49.38526	5.75337	-46.80550	SAX_LV_EPICARDIAL	4	1.0	10
49.43686	3.54384	-44.56877	SAX_LV_EPICARDIAL	4	1.0	10
48.37462	1.33430	-43.19045	SAX_LV_EPICARDIAL	4	1.0	10
46.19854	-0.87524	-42.67056	SAX_LV_EPICARDIAL	4	1.0	10
45.13629	-3.08477	-41.29225	SAX_LV_EPICARDIAL	4	1.0	10
44.07405	-5.29431	-39.91393	SAX_LV_EPICARDIAL	4	1.0	10
41.89797	-7.50385	-39.39404	SAX_LV_EPICARDIAL	4	1.0	10
39.72188	-9.71338	-38.87415	SAX_LV_EPICARDIAL	4	1.0	10
37.54579	-11.92292	-38.35426	SAX_LV_EPICARDIAL	4	1.0	10
34.25586	-14.13246	-38.69279	SAX_LV_EPICARDIAL	4	1.0	10
30.96593	-16.34200	-39.03133	SAX_LV_EPICARDIAL	4	1.0	10
27.67600	-18.55154	-39.36986	SAX_LV_EPICARDIAL	4	1.0	10
25.44831	-18.55154	-41.08670	SAX_LV_EPICARDIAL	4	1.0	10
22.68951	-19.65631	-42.11439	SAX_LV_EPICARDIAL	4	1.0	10
19.93070	-20.76108	-43.14208	SAX_LV_EPICARDIAL	4	1.0	10
17.70301	-20.76108	-44.85893	SAX_LV_EPICARDIAL	4	1.0	10
15.47532	-20.76109	-46.57577	SAX_LV_EPICARDIAL	4	1.0	10
13.24763	-20.76109	-48.29262	SAX_LV_EPICARDIAL	4	1.0	10
16.91387	-10.81817	-55.35345	SAX_LV_ENDOCARDIAL	4	1.0	10
15.21731	-9.71341	-57.75945	SAX_LV_ENDOCARDIAL	4	1.0	10
13.52074	-8.60864	-60.16546	SAX_LV_ENDOCARDIAL	4	1.0	10
11.82417	-7.50388	-62.57146	SAX_LV_ENDOCARDIAL	4	1.0	10
10.12760	-6.39911	-64.97746	SAX_LV_ENDOCARDIAL	4	1.0	10
8.96216	-4.18958	-68.07262	SAX_LV_ENDOCARDIAL	4	1.0	10
8.91056	-1.98004	-70.30936	SAX_LV_ENDOCARDIAL	4	1.0	10
8.85895	0.22950	-72.54609	SAX_LV_ENDOCARDIAL	4	1.0	10
9.92120	2.43903	-73.92441	SAX_LV_ENDOCARDIAL	4	1.0	10
10.98344	4.64857	-75.30272	SAX_LV_ENDOCARDIAL	4	1.0	10
12.04568	6.85811	-76.68103	SAX_LV_ENDOCARDIAL	4	1.0	10
13.10792	9.06764	-78.05935	SAX_LV_ENDOCARDIAL	4	1.0	10
15.28401	11.27718	-78.57924	SAX_LV_ENDOCARDIAL	4	1.0	10
17.46009	13.48672	-79.09913	SAX_LV_ENDOCARDIAL	4	1.0	10
20.21890	14.59149	-78.07144	SAX_LV_ENDOCARDIAL	4	1.0	10
23.50883	16.80103	-77.73291	SAX_LV_ENDOCARDIAL	4	1.0	10
26.26764	17.90580	-76.70522	SAX_LV_ENDOCARDIAL	4	1.0	10
28.49533	17.90580	-74.98837	SAX_LV_ENDOCARDIAL	4	1.0	10
30.72302	17.90580	-73.27153	SAX_LV_ENDOCARDIAL	4	1.0	10
32.95071	17.90580	-71.55468	SAX_LV_ENDOCARDIAL	4	1.0	10
35.17840	17.90581	-69.83784	SAX_LV_ENDOCARDIAL	4	1.0	10
36.87496	16.80104	-67.43183	SAX_LV_ENDOCARDIAL	4	1.0	10
38.57153	15.69627	-65.02583	SAX_LV_ENDOCARDIAL	4	1.0	10
40.26810	14.59151	-62.61983	SAX_LV_ENDOCARDIAL	4	1.0	10
41.43354	12.38197	-59.52467	SAX_LV_ENDOCARDIAL	4	1.0	10
42.59899	10.17244	-56.42951	SAX_LV_ENDOCARDIAL	4	1.0	10
41.53675	7.96290	-55.05120	SAX_LV_ENDOCARDIAL	4	1.0	10
41.58835	5.75337	-52.81446	SAX_LV_ENDOCARDIAL	4	1.0	10
40.52611	3.54383	-51.43615	SAX_LV_ENDOCARDIAL	4	1.0	10
39.46387	1.33429	-50.05783	SAX_LV_ENDOCARDIAL	4	1.0	10
37.28778	-0.87524	-49.53794	SAX_LV_ENDOCARDIAL	4	1.0	10
35.11170	-3.08478	-49.01805	SAX_LV_ENDOCARDIAL	4	1.0	10
32.93561	-5.29432	-48.49816	SAX_LV_ENDOCARDIAL	4	1.0	10
29.64568	-7.50386	-48.83669	SAX_LV_ENDOCARDIAL	4	1.0	10
26.35575	-9.71340	-49.17523	SAX_LV_ENDOCARDIAL	4	1.0	10
23.59694	-10.81817	-50.20292	SAX_LV_ENDOCARDIAL	4	1.0	10
21.36925	-10.81817	-51.91976	SAX_LV_ENDOCARDIAL	4	1.0	10
19.14156	-10.81817	-53.63661	SAX_LV_ENDOCARDIAL	4	1.0	10
6.61617	-22.97063	-51.20642	RV_INSERT	4	1.0	10
-2.91381	3.54379	-84.91464	RV_INSERT	4	1.0	10
-6.79640	-26.18828	-86.78824	SAX_RV_FREEWALL	5	1.0	10
-7.96185	-23.97874	-89.88340	SAX_RV_FREEWALL	5	1.0	10
-6.89961	-21.76921	-91.26171	SAX_RV_FREEWALL	5	1.0	10
-5.83737	-19.55967	-92.64003	SAX_RV_FREEWALL	5	1.0	10
-3.66128	-17.35013	-93.15992	SAX_RV_FREEWALL	5	1.0	10
-0.37135	-15.14059	-92.82139	SAX_RV_FREEWALL	5	1.0	10
1.80474	-12.93106	-93.34128	SAX_RV_FREEWALL	5	1.0	10
5.09467	-10.72152	-93.00274	SAX_RV_FREEWALL	5	1.0	10
8.38460	-8.51198	-92.66421	SAX_RV_FREEWALL	5	1.0	10
11.67453	-6.30244	-92.32568	SAX_RV_FREEWALL	5	1.0	10
14.43334	-5.19767	-91.29799	SAX_RV_FREEWALL	5	1.0	10
9.27693	-22.87396	-77.69622	SAX_RV_FREEWALL	5	1.0	10
6.51813	-23.97873	-78.72390	SAX_RV_FREEWALL	5	1.0	10
4.29044	-23.97873	-80.44075	SAX_RV_FREEWALL	5	1.0	10
1.53163	-25.08350	-81.46844	SAX_RV_FREEWALL	5	1.0	10
-1.22718	-26.18827	-82.49613	SAX_RV_FREEWALL	5	1.0	10
-3.45487	-26.18827	-84.21297	SAX_RV_FREEWALL	5	1.0	10
-5.68256	-26.18828	-85.92982	SAX_RV_FREEWALL	5	1.0	10
-13.37626	-30.60735	-87.46531	SAX_RV_EPICARDIAL	5	1.0	10
-15.07283	-29.50259	-89.87131	SAX_RV_EPICARDIAL	5	1.0	10
-12.89674	-27.29305	-90.39120	SAX_RV_EPICARDIAL	5	1.0	10
-12.94835	-25.08352	-92.62794	SAX_RV_EPICARDIAL	5	1.0	10
-13.53107	-23.97875	-94.17551	SAX_RV_EPICARDIAL	5	1.0	10
-12.46883	-21.76921	-95.55383	SAX_RV_EPICARDIAL	5	1.0	10
-10.29274	-19.55967	-96.07372	SAX_RV_EPICARDIAL	5	1.0	10
-8.11666	-17.35014	-96.59361	SAX_RV_EPICARDIAL	5	1.0	10
-4.82673	-15.14060	-96.25508	SAX_RV_EPICARDIAL	5	1.0	10
-1.53680	-12.93106	-95.91654	SAX_RV_EPICARDIAL	5	1.0	10
0.63929	-10.72152	-96.43644	SAX_RV_EPICARDIAL	5	1.0	10
3.92922	-8.51198	-96.09790	SAX_RV_EPICARDIAL	5	1.0	10
7.21915	-6.30244	-95.75937	SAX_RV_EPICARDIAL	5	1.0	10
9.97796	-5.19767	-94.73168	SAX_RV_EPICARDIAL	5	1.0	10
13.26789	-2.98813	-94.39315	SAX_RV_EPICARDIAL	5	1.0	10
15.49558	-2.98813	-92.67630	SAX_RV_EPICARDIAL	5	1.0	10
17.72327	-2.98813	-90.95946	SAX_RV_EPICARDIAL	5	1.0	10
16.12990	-6.30243	-88.89199	SAX_RV_EPICARDIAL	5	1.0	10
14.26343	-21.76919	-74.95168	SAX_RV_EPICARDIAL	5	1.0	10
15.42888	-23.97872	-71.85652	SAX_RV_EPICARDIAL	5	1.0	10
13.78391	-25.08349	-72.02579	SAX_RV_EPICARDIAL	5	1.0	10
11.02510	-26.18826	-73.05348	SAX_RV_EPICARDIAL	5	1.0	10
8.79742	-26.18826	-74.77032	SAX_RV_EPICARDIAL	5	1.0	10
6.03861	-27.29303	-75.79801	SAX_RV_EPICARDIAL	5	1.0	10
3.27980	-28.39780	-76.82570	SAX_RV_EPICARDIAL	5	1.0	10
1.05211	-28.39780	-78.54255	SAX_RV_EPICARDIAL	5	1.0	10
-1.70670	-29.50258	-79.57023	SAX_RV_EPICARDIAL	5	1.0	10
-4.46551	-30.60735	-80.59792	SAX_RV_EPICARDIAL	5	1.0	10
-6.69320	-30.60735	-82.31477	SAX_RV_EPICARDIAL	5	1.0	10
-8.92089	-30.60735	-84.03161	SAX_RV_EPICARDIAL	5	1.0	10
-11.14858	-30.60735	-85.74846	SAX_RV_EPICARDIAL	5	1.0	10
16.12990	-6.30243	-88.89199	SAX_RV_SEPTUM	5	1.0	10
15.06766	-8.51197	-87.51368	SAX_RV_SEPTUM	5	1.0	10
14.00542	-10.72151	-86.13536	SAX_RV_SEPTUM	5	1.0	10
12.94318	-12.93104	-84.75705	SAX_RV_SEPTUM	5	1.0	10
12.99478	-15.14058	-82.52031	SAX_RV_SEPTUM	5	1.0	10
13.04638	-17.35012	-80.28358	SAX_RV_SEPTUM	5	1.0	10
13.09799	-19.55965	-78.04684	SAX_RV_SEPTUM	5	1.0	10
14.26343	-21.76919	-74.95168	SAX_RV_SEPTUM	5	1.0	10
11.50462	-22.87396	-75.97937	SAX_RV_SEPTUM	5	1.0	10
19.35313	-25.08348	-67.73367	SAX_LV_EPICARDIAL	5	1.0	10
17.65657	-23.97872	-70.13968	SAX_LV_EPICARDIAL	5	1.0	10
19.95096	-2.98813	-89.24261	SAX_LV_EPICARDIAL	5	1.0	10
22.12704	-0.77859	-89.76250	SAX_LV_EPICARDIAL	5	1.0	10
24.30313	1.43095	-90.28239	SAX_LV_EPICARDIAL	5	1.0	10
27.59306	3.64049	-89.94386	SAX_LV_EPICARDIAL	5	1.0	10
30.35187	4.74526	-88.91617	SAX_LV_EPICARDIAL	5	1.0	10
33.11068	5.85003	-87.88848	SAX_LV_EPICARDIAL	5	1.0	10
35.86949	6.95480	-86.86080	SAX_LV_EPICARDIAL	5	1.0	10
38.09717	6.95480	-85.14395	SAX_LV_EPICARDIAL	5	1.0	10
40.85598	8.05957	-84.11626	SAX_LV_EPICARDIAL	5	1.0	10
43.08367	8.05957	-82.39942	SAX_LV_EPICARDIAL	5	1.0	10
44.78024	6.95481	-79.99341	SAX_LV_EPICARDIAL	5	1.0	10
47.00793	6.95481	-78.27657	SAX_LV_EPICARDIAL	5	1.0	10
49.23562	6.95481	-76.55972	SAX_LV_EPICARDIAL	5	1.0	10
50.40106	4.74528	-73.46456	SAX_LV_EPICARDIAL	5	1.0	10
52.09763	3.64051	-71.05856	SAX_LV_EPICARDIAL	5	1.0	10
53.26308	1.43098	-67.96340	SAX_LV_EPICARDIAL	5	1.0	10
53.31468	-0.77856	-65.72667	SAX_LV_EPICARDIAL	5	1.0	10
53.36628	-2.98809	-63.48993	SAX_LV_EPICARDIAL	5	1.0	10
52.30404	-5.19763	-62.11162	SAX_LV_EPICARDIAL	5	1.0	10
51.24180	-7.40717	-60.73330	SAX_LV_EPICARDIAL	5	1.0	10
50.17956	-9.61670	-59.35499	SAX_LV_EPICARDIAL	5	1.0	10
49.11731	-11.82624	-57.97668	SAX_LV_EPICARDIAL	5	1.0	10
48.05507	-14.03578	-56.59836	SAX_LV_EPICARDIAL	5	1.0	10
45.87899	-16.24532	-56.07847	SAX_LV_EPICARDIAL	5	1.0	10
42.58906	-18.45485	-56.41700	SAX_LV_EPICARDIAL	5	1.0	10
40.41297	-20.66439	-55.89711	SAX_LV_EPICARDIAL	5	1.0	10
37.12304	-22.87393	-56.23564	SAX_LV_EPICARDIAL	5	1.0	10
34.36423	-23.97870	-57.26333	SAX_LV_EPICARDIAL	5	1.0	10
31.60542	-25.08347	-58.29102	SAX_LV_EPICARDIAL	5	1.0	10
29.37773	-25.08347	-60.00787	SAX_LV_EPICARDIAL	5	1.0	10
27.15004	-25.08348	-61.72471	SAX_LV_EPICARDIAL	5	1.0	10
24.92236	-25.08348	-63.44156	SAX_LV_EPICARDIAL	5	1.0	10
22.69467	-25.08348	-65.15841	SAX_LV_EPICARDIAL	5	1.0	10
20.46698	-25.08348	-66.87525	SAX_LV_EPICARDIAL	5	1.0	10
26.94364	-16.24533	-70.67166	SAX_LV_ENDOCARDIAL	5	1.0	10
25.24707	-15.14057	-73.07766	SAX_LV_ENDOCARDIAL	5	1.0	10
24.08162	-12.93103	-76.17282	SAX_LV_ENDOCARDIAL	5	1.0	10
24.03002	-10.72150	-78.40956	SAX_LV_ENDOCARDIAL	5	1.0	10
25.09226	-8.51196	-79.78787	SAX_LV_ENDOCARDIAL	5	1.0	10
26.15450	-6.30242	-81.16618	SAX_LV_ENDOCARDIAL	5	1.0	10
28.33059	-4.09289	-81.68607	SAX_LV_ENDOCARDIAL	5	1.0	10
31.62052	-1.88335	-81.34754	SAX_LV_ENDOCARDIAL	5	1.0	10
34.37933	-0.77858	-80.31985	SAX_LV_ENDOCARDIAL	5	1.0	10
36.60702	-0.77858	-78.60301	SAX_LV_ENDOCARDIAL	5	1.0	10
38.83471	-0.77857	-76.88616	SAX_LV_ENDOCARDIAL	5	1.0	10
40.53127	-1.88334	-74.48016	SAX_LV_ENDOCARDIAL	5	1.0	10
41.69672	-4.09287	-71.38500	SAX_LV_ENDOCARDIAL	5	1.0	10
41.74832	-6.30241	-69.14826	SAX_LV_ENDOCARDIAL	5	1.0	10
41.79992	-8.51194	-66.91153	SAX_LV_ENDOCARDIAL	5	1.0	10
40.73768	-10.72148	-65.53321	SAX_LV_ENDOCARDIAL	5	1.0	10
38.56160	-12.93102	-65.01332	SAX_LV_ENDOCARDIAL	5	1.0	10
35.27167	-15.14056	-65.35186	SAX_LV_ENDOCARDIAL	5	1.0	10
32.51286	-16.24533	-66.37954	SAX_LV_ENDOCARDIAL	5	1.0	10
30.28517	-16.24533	-68.09639	SAX_LV_ENDOCARDIAL	5	1.0	10
28.05748	-16.24533	-69.81324	SAX_LV_ENDOCARDIAL	5	1.0	10
11.50462	-22.87396	-75.97937	RV_INSERT	5	1.0	10
14.43334	-5.19767	-91.29799	RV_INSERT	5	1.0	10
21.38058	-21.67351	-98.00778	SAX_RV_FREEWALL	6	1.0	10
23.55666	-19.46397	-98.52768	SAX_RV_FREEWALL	6	1.0	10
21.86010	-18.35921	-100.93368	SAX_RV_FREEWALL	6	1.0	10
19.63241	-18.35921	-102.65052	SAX_RV_FREEWALL	6	1.0	10
21.80849	-16.14967	-103.17041	SAX_RV_FREEWALL	6	1.0	10
24.03618	-16.14967	-101.45357	SAX_RV_FREEWALL	6	1.0	10
25.20163	-18.35920	-98.35841	SAX_RV_FREEWALL	6	1.0	10
22.49442	-21.67351	-97.14936	SAX_RV_FREEWALL	6	1.0	10
16.97680	-23.88305	-99.20474	SAX_RV_EPICARDIAL	6	1.0	10
15.28023	-22.77828	-101.61074	SAX_RV_EPICARDIAL	6	1.0	10
15.22863	-20.56875	-103.84748	SAX_RV_EPICARDIAL	6	1.0	10
16.29087	-18.35921	-105.22579	SAX_RV_EPICARDIAL	6	1.0	10
19.58080	-16.14967	-104.88726	SAX_RV_EPICARDIAL	6	1.0	10
22.33961	-15.04490	-103.85957	SAX_RV_EPICARDIAL	6	1.0	10
24.56730	-15.04490	-102.14272	SAX_RV_EPICARDIAL	6	1.0	10
26.26387	-16.14967	-99.73672	SAX_RV_EPICARDIAL	6	1.0	10
26.31547	-18.35920	-97.49999	SAX_RV_EPICARDIAL	6	1.0	10
25.25323	-20.56874	-96.12167	SAX_RV_EPICARDIAL	6	1.0	10
25.30483	-22.77827	-93.88494	SAX_RV_EPICARDIAL	6	1.0	10
22.54602	-23.88304	-94.91263	SAX_RV_EPICARDIAL	6	1.0	10
20.31833	-23.88305	-96.62947	SAX_RV_EPICARDIAL	6	1.0	10
18.09065	-23.88305	-98.34632	SAX_RV_EPICARDIAL	6	1.0	10
19.58080	-16.14967	-104.88726	SAX_RV_EPICARDIAL	6	1.0	10
21.80849	-16.14967	-103.17041	SAX_RV_EPICARDIAL	6	1.0	10
18.57016	-20.56874	-101.27221	SAX_RV_EPICARDIAL	6	1.0	10
20.26673	-21.67351	-98.86621	SAX_RV_EPICARDIAL	6	1.0	10
19.63241	-18.35921	-102.65052	SAX_RV_EPICARDIAL	6	1.0	10
17.40472	-18.35921	-104.36737	SAX_RV_EPICARDIAL	6	1.0	10
17.45632	-20.56875	-102.13063	SAX_RV_EPICARDIAL	6	1.0	10
25.25323	-20.56874	-96.12167	SAX_RV_SEPTUM	6	1.0	10
30.44614	-28.30211	-84.43019	SAX_LV_EPICARDIAL	6	1.0	10
28.74957	-27.19734	-86.83620	SAX_LV_EPICARDIAL	6	1.0	10
27.58412	-24.98781	-89.93135	SAX_LV_EPICARDIAL	6	1.0	10
27.53252	-22.77827	-92.16809	SAX_LV_EPICARDIAL	6	1.0	10
30.71925	-16.14966	-96.30303	SAX_LV_EPICARDIAL	6	1.0	10
32.89533	-13.94012	-96.82292	SAX_LV_EPICARDIAL	6	1.0	10
35.07142	-11.73059	-97.34281	SAX_LV_EPICARDIAL	6	1.0	10
38.36135	-9.52105	-97.00428	SAX_LV_EPICARDIAL	6	1.0	10
40.58904	-9.52104	-95.28743	SAX_LV_EPICARDIAL	6	1.0	10
42.81673	-9.52104	-93.57059	SAX_LV_EPICARDIAL	6	1.0	10
45.04441	-9.52104	-91.85374	SAX_LV_EPICARDIAL	6	1.0	10
46.74098	-10.62581	-89.44774	SAX_LV_EPICARDIAL	6	1.0	10
48.43755	-11.73057	-87.04174	SAX_LV_EPICARDIAL	6	1.0	10
48.48915	-13.94011	-84.80500	SAX_LV_EPICARDIAL	6	1.0	10
48.54075	-16.14964	-82.56827	SAX_LV_EPICARDIAL	6	1.0	10
47.47851	-18.35918	-81.18995	SAX_LV_EPICARDIAL	6	1.0	10
46.41627	-20.56872	-79.81164	SAX_LV_EPICARDIAL	6	1.0	10
44.24018	-22.77825	-79.29175	SAX_LV_EPICARDIAL	6	1.0	10
42.06410	-24.98779	-78.77186	SAX_LV_EPICARDIAL	6	1.0	10
38.77417	-27.19733	-79.11039	SAX_LV_EPICARDIAL	6	1.0	10
36.01536	-28.30210	-80.13808	SAX_LV_EPICARDIAL	6	1.0	10
33.78767	-28.30210	-81.85492	SAX_LV_EPICARDIAL	6	1.0	10
31.55998	-28.30211	-83.57177	SAX_LV_EPICARDIAL	6	1.0	10
35.27783	-20.56873	-88.39587	SAX_LV_ENDOCARDIAL	6	1.0	10
35.22623	-18.35919	-90.63260	SAX_LV_ENDOCARDIAL	6	1.0	10
36.28847	-16.14966	-92.01092	SAX_LV_ENDOCARDIAL	6	1.0	10
39.04728	-15.04489	-90.98323	SAX_LV_ENDOCARDIAL	6	1.0	10
41.27497	-15.04488	-89.26638	SAX_LV_ENDOCARDIAL	6	1.0	10
41.32657	-17.25442	-87.02965	SAX_LV_ENDOCARDIAL	6	1.0	10
40.26433	-19.46395	-85.65133	SAX_LV_ENDOCARDIAL	6	1.0	10
37.50552	-20.56873	-86.67902	SAX_LV_ENDOCARDIAL	6	1.0	10
25.25323	-20.56874	-96.12167	RV_INSERT	6	1.0	10
25.20163	-18.35920	-98.35841	RV_INSERT	6	1.0	10
9.75930	18.43177	-31.14758	LAX_LV_ENDOCARDIAL	9	1.0	10
11.61714	16.29858	-33.94370	LAX_LV_ENDOCARDIAL	9	1.0	10
13.41993	14.13025	-35.33508	LAX_LV_ENDOCARDIAL	9	1.0	10
15.22272	11.96191	-36.72647	LAX_LV_ENDOCARDIAL	9	1.0	10
16.97047	9.75843	-36.71312	LAX_LV_ENDOCARDIAL	9	1.0	10
18.71821	7.55494	-36.69978	LAX_LV_ENDOCARDIAL	9	1.0	10
20.46596	5.35145	-36.68643	LAX_LV_ENDOCARDIAL	9	1.0	10
22.15866	3.11282	-35.26835	LAX_LV_ENDOCARDIAL	9	1.0	10
23.90641	0.90933	-35.25501	LAX_LV_ENDOCARDIAL	9	1.0	10
25.65416	-1.29416	-35.24166	LAX_LV_ENDOCARDIAL	9	1.0	10
27.45695	-3.46249	-36.63305	LAX_LV_ENDOCARDIAL	9	1.0	10
29.31478	-5.59568	-39.42917	LAX_LV_ENDOCARDIAL	9	1.0	10
31.17262	-7.72886	-42.22529	LAX_LV_ENDOCARDIAL	9	1.0	10
31.28271	-7.65856	-45.03475	LAX_LV_ENDOCARDIAL	9	1.0	10
32.26667	-8.69000	-47.83755	LAX_LV_ENDOCARDIAL	9	1.0	10
32.37676	-8.61969	-50.64701	LAX_LV_ENDOCARDIAL	9	1.0	10
33.36072	-9.65113	-53.44980	LAX_LV_ENDOCARDIAL	9	1.0	10
34.34468	-10.68257	-56.25260	LAX_LV_ENDOCARDIAL	9	1.0	10
35.32865	-11.71401	-59.05539	LAX_LV_ENDOCARDIAL	9	1.0	10
35.43873	-11.64371	-61.86485	LAX_LV_ENDOCARDIAL	9	1.0	10
36.42270	-12.67515	-64.66765	LAX_LV_ENDOCARDIAL	9	1.0	10
37.40666	-13.70659	-67.47044	LAX_LV_ENDOCARDIAL	9	1.0	10
37.51675	-13.63628	-70.27990	LAX_LV_ENDOCARDIAL	9	1.0	10
38.50071	-14.66772	-73.08270	LAX_LV_ENDOCARDIAL	9	1.0	10
38.61080	-14.59742	-75.89216	LAX_LV_ENDOCARDIAL	9	1.0	10
39.59476	-15.62886	-78.69495	LAX_LV_ENDOCARDIAL	9	1.0	10
39.70485	-15.55855	-81.50442	LAX_LV_ENDOCARDIAL	9	1.0	10
40.68881	-16.58999	-84.30721	LAX_LV_ENDOCARDIAL	9	1.0	10
40.79890	-16.51969	-87.11668	LAX_LV_ENDOCARDIAL	9	1.0	10
40.03512	-15.34764	-89.93281	LAX_LV_ENDOCARDIAL	9	1.0	10
39.27134	-14.17560	-92.74895	LAX_LV_ENDOCARDIAL	9	1.0	10
37.46854	-12.00726	-91.35757	LAX_LV_ENDOCARDIAL	9	1.0	10
35.72080	-9.80377	-91.37091	LAX_LV_ENDOCARDIAL	9	1.0	10
33.91801	-7.63544	-89.97953	LAX_LV_ENDOCARDIAL	9	1.0	10
32.06017	-5.50226	-87.18341	LAX_LV_ENDOCARDIAL	9	1.0	10
30.25738	-3.33392	-85.79202	LAX_LV_ENDOCARDIAL	9	1.0	10
28.45459	-1.16559	-84.40063	LAX_LV_ENDOCARDIAL	9	1.0	10
26.65180	1.00275	-83.00924	LAX_LV_ENDOCARDIAL	9	1.0	10
24.84901	3.17108	-81.61786	LAX_LV_ENDOCARDIAL	9	1.0	10
23.04622	5.33942	-80.22647	LAX_LV_ENDOCARDIAL	9	1.0	10
21.24342	7.50775	-78.83508	LAX_LV_ENDOCARDIAL	9	1.0	10
19.44063	9.67609	-77.44370	LAX_LV_ENDOCARDIAL	9	1.0	10
17.63784	11.84442	-76.05231	LAX_LV_ENDOCARDIAL	9	1.0	10
15.89010	14.04791	-76.06566	LAX_LV_ENDOCARDIAL	9	1.0	10
14.08730	16.21625	-74.67427	LAX_LV_ENDOCARDIAL	9	1.0	10
12.28451	18.38458	-73.28288	LAX_LV_ENDOCARDIAL	9	1.0	10
10.48172	20.55292	-71.89150	LAX_LV_ENDOCARDIAL	9	1.0	10
8.67893	22.72125	-70.50011	LAX_LV_ENDOCARDIAL	9	1.0	10
6.87614	24.88959	-69.10872	LAX_LV_ENDOCARDIAL	9	1.0	10
5.01830	27.02277	-66.31260	LAX_LV_ENDOCARDIAL	9	1.0	10
3.21551	29.19110	-64.92122	LAX_LV_ENDOCARDIAL	9	1.0	10
1.41272	31.35944	-63.52983	LAX_LV_ENDOCARDIAL	9	1.0	10
-0.33503	33.56293	-63.54317	LAX_LV_ENDOCARDIAL	9	1.0	10
17.34894	8.34032	-24.06386	LAX_LV_EPICARDIAL	9	1.0	10
19.15173	6.17198	-25.45524	LAX_LV_EPICARDIAL	9	1.0	10
20.89948	3.96850	-25.44190	LAX_LV_EPICARDIAL	9	1.0	10
22.64722	1.76501	-25.42855	LAX_LV_EPICARDIAL	9	1.0	10
24.45001	-0.40333	-26.81994	LAX_LV_EPICARDIAL	9	1.0	10
26.19776	-2.60681	-26.80659	LAX_LV_EPICARDIAL	9	1.0	10
28.00055	-4.77515	-28.19798	LAX_LV_EPICARDIAL	9	1.0	10
29.74830	-6.97864	-28.18463	LAX_LV_EPICARDIAL	9	1.0	10
31.55109	-9.14697	-29.57602	LAX_LV_EPICARDIAL	9	1.0	10
33.40893	-11.28015	-32.37214	LAX_LV_EPICARDIAL	9	1.0	10
35.26676	-13.41334	-35.16826	LAX_LV_EPICARDIAL	9	1.0	10
36.25072	-14.44478	-37.97105	LAX_LV_EPICARDIAL	9	1.0	10
37.23469	-15.47622	-40.77384	LAX_LV_EPICARDIAL	9	1.0	10
38.21865	-16.50766	-43.57664	LAX_LV_EPICARDIAL	9	1.0	10
39.20261	-17.53909	-46.37943	LAX_LV_EPICARDIAL	9	1.0	10
40.18657	-18.57053	-49.18222	LAX_LV_EPICARDIAL	9	1.0	10
40.29666	-18.50023	-51.99169	LAX_LV_EPICARDIAL	9	1.0	10
41.28063	-19.53167	-54.79448	LAX_LV_EPICARDIAL	9	1.0	10
41.39071	-19.46137	-57.60395	LAX_LV_EPICARDIAL	9	1.0	10
42.37468	-20.49281	-60.40674	LAX_LV_EPICARDIAL	9	1.0	10
43.35864	-21.52425	-63.20953	LAX_LV_EPICARDIAL	9	1.0	10
43.46873	-21.45394	-66.01900	LAX_LV_EPICARDIAL	9	1.0	10
44.45269	-22.48538	-68.82179	LAX_LV_EPICARDIAL	9	1.0	10
44.56278	-22.41508	-71.63125	LAX_LV_EPICARDIAL	9	1.0	10
44.67287	-22.34477	-74.44072	LAX_LV_EPICARDIAL	9	1.0	10
44.78296	-22.27447	-77.25018	LAX_LV_EPICARDIAL	9	1.0	10
44.89305	-22.20417	-80.05965	LAX_LV_EPICARDIAL	9	1.0	10
45.00314	-22.13386	-82.86911	LAX_LV_EPICARDIAL	9	1.0	10
45.11323	-22.06356	-85.67858	LAX_LV_EPICARDIAL	9	1.0	10
45.22331	-21.99326	-88.48804	LAX_LV_EPICARDIAL	9	1.0	10
44.45953	-20.82121	-91.30418	LAX_LV_EPICARDIAL	9	1.0	10
44.56962	-20.75090	-94.11365	LAX_LV_EPICARDIAL	9	1.0	10
43.80584	-19.57886	-96.92979	LAX_LV_EPICARDIAL	9	1.0	10
42.16818	-17.30507	-99.75260	LAX_LV_EPICARDIAL	9	1.0	10
40.42043	-15.10158	-99.76594	LAX_LV_EPICARDIAL	9	1.0	10
38.67268	-12.89809	-99.77929	LAX_LV_EPICARDIAL	9	1.0	10
36.92494	-10.69461	-99.79264	LAX_LV_EPICARDIAL	9	1.0	10
35.17719	-8.49112	-99.80598	LAX_LV_EPICARDIAL	9	1.0	10
33.37440	-6.32278	-98.41459	LAX_LV_EPICARDIAL	9	1.0	10
31.62665	-4.11930	-98.42794	LAX_LV_EPICARDIAL	9	1.0	10
29.82386	-1.95096	-97.03655	LAX_LV_EPICARDIAL	9	1.0	10
28.07612	0.25252	-97.04990	LAX_LV_EPICARDIAL	9	1.0	10
26.27333	2.42086	-95.65851	LAX_LV_EPICARDIAL	9	1.0	10
24.47053	4.58919	-94.26712	LAX_LV_EPICARDIAL	9	1.0	10
22.72279	6.79268	-94.28047	LAX_LV_EPICARDIAL	9	1.0	10
20.92000	8.96102	-92.88908	LAX_LV_EPICARDIAL	9	1.0	10
19.11721	11.12935	-91.49770	LAX_LV_EPICARDIAL	9	1.0	10
17.36946	13.33284	-91.51104	LAX_LV_EPICARDIAL	9	1.0	10
15.56667	15.50117	-90.11966	LAX_LV_EPICARDIAL	9	1.0	10
13.76388	17.66951	-88.72827	LAX_LV_EPICARDIAL	9	1.0	10
12.01613	19.87300	-88.74161	LAX_LV_EPICARDIAL	9	1.0	10
10.21334	22.04133	-87.35023	LAX_LV_EPICARDIAL	9	1.0	10
8.41055	24.20967	-85.95884	LAX_LV_EPICARDIAL	9	1.0	10
6.60776	26.37800	-84.56745	LAX_LV_EPICARDIAL	9	1.0	10
4.80497	28.54634	-83.17607	LAX_LV_EPICARDIAL	9	1.0	10
3.00217	30.71467	-81.78468	LAX_LV_EPICARDIAL	9	1.0	10
1.19938	32.88301	-80.39329	LAX_LV_EPICARDIAL	9	1.0	10
-0.65845	35.01619	-77.59717	LAX_LV_EPICARDIAL	9	1.0	10
-2.51629	37.14937	-74.80105	LAX_LV_EPICARDIAL	9	1.0	10
-3.50025	38.18081	-71.99826	LAX_LV_EPICARDIAL	9	1.0	10
-3.61034	38.11051	-69.18880	LAX_LV_EPICARDIAL	9	1.0	10
-2.84656	36.93846	-66.37266	LAX_LV_EPICARDIAL	9	1.0	10
-2.02773	35.80156	-64.96125	LAX_LV_EPICARDIAL	9	1.0	10
9.59417	18.32631	-26.93338	LAX_LV_EPICARDIAL	9	1.0	10
11.28687	16.08767	-25.51530	LAX_LV_EPICARDIAL	9	1.0	10
12.97957	13.84903	-24.09722	LAX_LV_EPICARDIAL	9	1.0	10
14.72732	11.64555	-24.08388	LAX_LV_EPICARDIAL	9	1.0	10
16.47507	9.44206	-24.07053	LAX_LV_EPICARDIAL	9	1.0	10
7.02759	21.66669	-28.35813	MITRAL_VALVE	9	1.0	10
-2.19286	35.69611	-60.74706	MITRAL_VALVE	9	1.0	10
-21.67630	-13.23886	-14.38911	LAX_RV_FREEWALL	8	1.0	1.0
-20.43025	-15.95576	-17.01325	LAX_RV_FREEWALL	8	1.0	1.0
-18.90528	-17.31421	-19.40423	LAX_RV_FREEWALL	8	1.0	1.0
-17.10140	-17.31421	-21.56204	LAX_RV_FREEWALL	8	1.0	1.0
-15.57643	-18.67266	-23.95302	LAX_RV_FREEWALL	8	1.0	1.0
-14.05146	-20.03111	-26.34400	LAX_RV_FREEWALL	8	1.0	1.0
-12.52649	-21.38956	-28.73498	LAX_RV_FREEWALL	8	1.0	1.0
-11.00152	-22.74801	-31.12596	LAX_RV_FREEWALL	8	1.0	1.0
-9.19764	-22.74801	-33.28378	LAX_RV_FREEWALL	8	1.0	1.0
-7.39376	-22.74801	-35.44160	LAX_RV_FREEWALL	8	1.0	1.0
-5.58988	-22.74802	-37.59941	LAX_RV_FREEWALL	8	1.0	1.0
-3.78600	-22.74802	-39.75723	LAX_RV_FREEWALL	8	1.0	1.0
-1.98212	-22.74802	-41.91505	LAX_RV_FREEWALL	8	1.0	1.0
-0.17824	-22.74802	-44.07287	LAX_RV_FREEWALL	8	1.0	1.0
1.62565	-22.74802	-46.23068	LAX_RV_FREEWALL	8	1.0	1.0
3.15061	-24.10647	-48.62166	LAX_RV_FREEWALL	8	1.0	1.0
4.95450	-24.10648	-50.77948	LAX_RV_FREEWALL	8	1.0	1.0
6.75838	-24.10648	-52.93730	LAX_RV_FREEWALL	8	1.0	1.0
8.84117	-22.74803	-54.86195	LAX_RV_FREEWALL	8	1.0	1.0
-7.03154	-7.80508	-29.64009	LAX_RV_FREEWALL	8	1.0	1.0
-9.11434	-9.16352	-27.71543	LAX_RV_FREEWALL	8	1.0	1.0
-10.91822	-9.16352	-25.55762	LAX_RV_FREEWALL	8	1.0	1.0
-12.72210	-9.16352	-23.39980	LAX_RV_FREEWALL	8	1.0	1.0
-14.52598	-9.16352	-21.24198	LAX_RV_FREEWALL	8	1.0	1.0
-16.32986	-9.16352	-19.08416	LAX_RV_FREEWALL	8	1.0	1.0
-18.13374	-9.16351	-16.92635	LAX_RV_FREEWALL	8	1.0	1.0
-19.93762	-9.16351	-14.76853	LAX_RV_FREEWALL	8	1.0	1.0
-21.39739	-11.88041	-14.15594	LAX_RV_FREEWALL	8	1.0	1.0
-24.66104	-14.59730	-11.38554	LAX_RV_EPICARDIAL	8	1.0	1.0
-24.31692	-17.31420	-12.93077	LAX_RV_EPICARDIAL	8	1.0	1.0
-22.79195	-18.67265	-15.32175	LAX_RV_EPICARDIAL	8	1.0	1.0
-21.26699	-20.03110	-17.71273	LAX_RV_EPICARDIAL	8	1.0	1.0
-19.74202	-21.38955	-20.10371	LAX_RV_EPICARDIAL	8	1.0	1.0
-18.21705	-22.74800	-22.49469	LAX_RV_EPICARDIAL	8	1.0	1.0
-16.69208	-24.10645	-24.88567	LAX_RV_EPICARDIAL	8	1.0	1.0
-14.88820	-24.10646	-27.04349	LAX_RV_EPICARDIAL	8	1.0	1.0
-13.36323	-25.46491	-29.43447	LAX_RV_EPICARDIAL	8	1.0	1.0
-11.83826	-26.82336	-31.82545	LAX_RV_EPICARDIAL	8	1.0	1.0
-10.03438	-26.82336	-33.98326	LAX_RV_EPICARDIAL	8	1.0	1.0
-8.23050	-26.82336	-36.14108	LAX_RV_EPICARDIAL	8	1.0	1.0
-6.42662	-26.82336	-38.29890	LAX_RV_EPICARDIAL	8	1.0	1.0
-4.62274	-26.82336	-40.45672	LAX_RV_EPICARDIAL	8	1.0	1.0
-2.81886	-26.82337	-42.61453	LAX_RV_EPICARDIAL	8	1.0	1.0
-1.01497	-26.82337	-44.77235	LAX_RV_EPICARDIAL	8	1.0	1.0
1.06782	-25.46492	-46.69701	LAX_RV_EPICARDIAL	8	1.0	1.0
2.87170	-25.46492	-48.85483	LAX_RV_EPICARDIAL	8	1.0	1.0
4.67558	-25.46492	-51.01264	LAX_RV_EPICARDIAL	8	1.0	1.0
6.47946	-25.46493	-53.17046	LAX_RV_EPICARDIAL	8	1.0	1.0
8.28334	-25.46493	-55.32828	LAX_RV_EPICARDIAL	8	1.0	1.0
10.08723	-25.46493	-57.48610	LAX_RV_EPICARDIAL	8	1.0	1.0
-9.17954	-5.08818	-25.93704	LAX_RV_EPICARDIAL	8	1.0	1.0
-10.98342	-5.08817	-23.77922	LAX_RV_EPICARDIAL	8	1.0	1.0
-12.78730	-5.08817	-21.62140	LAX_RV_EPICARDIAL	8	1.0	1.0
-14.59118	-5.08817	-19.46359	LAX_RV_EPICARDIAL	8	1.0	1.0
-16.67398	-6.44662	-17.53893	LAX_RV_EPICARDIAL	8	1.0	1.0
-18.75677	-7.80506	-15.61428	LAX_RV_EPICARDIAL	8	1.0	1.0
-20.56065	-7.80506	-13.45646	LAX_RV_EPICARDIAL	8	1.0	1.0
-22.92236	-10.52196	-11.76496	LAX_RV_EPICARDIAL	8	1.0	1.0
-24.38212	-13.23885	-11.15238	LAX_RV_EPICARDIAL	8	1.0	1.0
10.02202	-21.38958	-55.70770	LAX_RV_SEPTUM	8	1.0	1.0
8.49706	-20.03113	-53.31672	LAX_RV_SEPTUM	8	1.0	1.0
6.97209	-18.67268	-50.92574	LAX_RV_SEPTUM	8	1.0	1.0
5.44712	-17.31423	-48.53476	LAX_RV_SEPTUM	8	1.0	1.0
3.92215	-15.95578	-46.14378	LAX_RV_SEPTUM	8	1.0	1.0
2.39718	-14.59733	-43.75280	LAX_RV_SEPTUM	8	1.0	1.0
0.87221	-13.23888	-41.36182	LAX_RV_SEPTUM	8	1.0	1.0
-0.65276	-11.88043	-38.97085	LAX_RV_SEPTUM	8	1.0	1.0
-2.17772	-10.52198	-36.57987	LAX_RV_SEPTUM	8	1.0	1.0
-3.70269	-9.16353	-34.18889	LAX_RV_SEPTUM	8	1.0	1.0
-5.22766	-7.80508	-31.79791	LAX_RV_SEPTUM	8	1.0	1.0
-6.47372	-5.08818	-29.17377	LAX_LV_EPICARDIAL	8	1.0	1.0
11.54699	-22.74803	-58.09868	LAX_LV_EPICARDIAL	8	1.0	1.0
13.35087	-22.74803	-60.25650	LAX_LV_EPICARDIAL	8	1.0	1.0
14.87584	-24.10648	-62.64748	LAX_LV_EPICARDIAL	8	1.0	1.0
16.67972	-24.10649	-64.80529	LAX_LV_EPICARDIAL	8	1.0	1.0
18.20469	-25.46494	-67.19627	LAX_LV_EPICARDIAL	8	1.0	1.0
20.00857	-25.46494	-69.35409	LAX_LV_EPICARDIAL	8	1.0	1.0
21.81245	-25.46494	-71.51191	LAX_LV_EPICARDIAL	8	1.0	1.0
23.33742	-26.82339	-73.90289	LAX_LV_EPICARDIAL	8	1.0	1.0
25.14130	-26.82339	-76.06071	LAX_LV_EPICARDIAL	8	1.0	1.0
26.94519	-26.82339	-78.21852	LAX_LV_EPICARDIAL	8	1.0	1.0
28.74907	-26.82340	-80.37634	LAX_LV_EPICARDIAL	8	1.0	1.0
30.55295	-26.82340	-82.53416	LAX_LV_EPICARDIAL	8	1.0	1.0
32.35683	-26.82340	-84.69198	LAX_LV_EPICARDIAL	8	1.0	1.0
34.16071	-26.82340	-86.84979	LAX_LV_EPICARDIAL	8	1.0	1.0
36.24350	-25.46495	-88.77445	LAX_LV_EPICARDIAL	8	1.0	1.0
38.32630	-24.10651	-90.69910	LAX_LV_EPICARDIAL	8	1.0	1.0
40.40909	-22.74806	-92.62376	LAX_LV_EPICARDIAL	8	1.0	1.0
42.77080	-20.03116	-94.31525	LAX_LV_EPICARDIAL	8	1.0	1.0
44.23057	-17.31427	-94.92784	LAX_LV_EPICARDIAL	8	1.0	1.0
45.69033	-14.59737	-95.54042	LAX_LV_EPICARDIAL	8	1.0	1.0
46.24816	-11.88047	-95.07410	LAX_LV_EPICARDIAL	8	1.0	1.0
45.90404	-9.16358	-93.52887	LAX_LV_EPICARDIAL	8	1.0	1.0
46.46187	-6.44668	-93.06254	LAX_LV_EPICARDIAL	8	1.0	1.0
46.11775	-3.72978	-91.51731	LAX_LV_EPICARDIAL	8	1.0	1.0
44.87170	-1.01288	-88.89317	LAX_LV_EPICARDIAL	8	1.0	1.0
44.52758	1.70402	-87.34794	LAX_LV_EPICARDIAL	8	1.0	1.0
44.18347	4.42092	-85.80271	LAX_LV_EPICARDIAL	8	1.0	1.0
43.83935	7.13781	-84.25747	LAX_LV_EPICARDIAL	8	1.0	1.0
43.49524	9.85471	-82.71224	LAX_LV_EPICARDIAL	8	1.0	1.0
43.15112	12.57161	-81.16701	LAX_LV_EPICARDIAL	8	1.0	1.0
42.80701	15.28851	-79.62178	LAX_LV_EPICARDIAL	8	1.0	1.0
42.46289	18.00541	-78.07654	LAX_LV_EPICARDIAL	8	1.0	1.0
42.11878	20.72231	-76.53131	LAX_LV_EPICARDIAL	8	1.0	1.0
41.77466	23.43921	-74.98608	LAX_LV_EPICARDIAL	8	1.0	1.0
41.43055	26.15610	-73.44084	LAX_LV_EPICARDIAL	8	1.0	1.0
40.18449	28.87300	-70.81670	LAX_LV_EPICARDIAL	8	1.0	1.0
39.84038	31.58990	-69.27147	LAX_LV_EPICARDIAL	8	1.0	1.0
38.59432	34.30680	-66.64733	LAX_LV_EPICARDIAL	8	1.0	1.0
37.34827	37.02370	-64.02319	LAX_LV_EPICARDIAL	8	1.0	1.0
36.10221	39.74060	-61.39905	LAX_LV_EPICARDIAL	8	1.0	1.0
34.57724	41.09905	-59.00807	LAX_LV_EPICARDIAL	8	1.0	1.0
33.33119	43.81595	-56.38393	LAX_LV_EPICARDIAL	8	1.0	1.0
31.52730	43.81595	-54.22611	LAX_LV_EPICARDIAL	8	1.0	1.0
30.00234	45.17440	-51.83513	LAX_LV_EPICARDIAL	8	1.0	1.0
28.47737	46.53285	-49.44415	LAX_LV_EPICARDIAL	8	1.0	1.0
26.67349	46.53285	-47.28633	LAX_LV_EPICARDIAL	8	1.0	1.0
24.86961	46.53285	-45.12852	LAX_LV_EPICARDIAL	8	1.0	1.0
23.06572	46.53286	-42.97070	LAX_LV_EPICARDIAL	8	1.0	1.0
-1.17437	20.72235	-24.74369	LAX_LV_EPICARDIAL	8	1.0	1.0
-4.17721	1.70407	-29.08686	LAX_LV_ENDOCARDIAL	8	1.0	1.0
-1.81550	4.42096	-30.77836	LAX_LV_ENDOCARDIAL	8	1.0	1.0
0.26729	5.77941	-32.70301	LAX_LV_ENDOCARDIAL	8	1.0	1.0
2.07117	5.77941	-34.86083	LAX_LV_ENDOCARDIAL	8	1.0	1.0
3.87505	5.77940	-37.01865	LAX_LV_ENDOCARDIAL	8	1.0	1.0
5.67893	5.77940	-39.17647	LAX_LV_ENDOCARDIAL	8	1.0	1.0
7.20390	4.42095	-41.56745	LAX_LV_ENDOCARDIAL	8	1.0	1.0
8.44996	1.70405	-44.19159	LAX_LV_ENDOCARDIAL	8	1.0	1.0
9.69601	-1.01285	-46.81573	LAX_LV_ENDOCARDIAL	8	1.0	1.0
10.94207	-3.72975	-49.43987	LAX_LV_ENDOCARDIAL	8	1.0	1.0
12.46704	-5.08820	-51.83085	LAX_LV_ENDOCARDIAL	8	1.0	1.0
13.71309	-7.80510	-54.45499	LAX_LV_ENDOCARDIAL	8	1.0	1.0
15.23806	-9.16355	-56.84597	LAX_LV_ENDOCARDIAL	8	1.0	1.0
16.76303	-10.52200	-59.23695	LAX_LV_ENDOCARDIAL	8	1.0	1.0
18.28800	-11.88045	-61.62793	LAX_LV_ENDOCARDIAL	8	1.0	1.0
20.09188	-11.88045	-63.78575	LAX_LV_ENDOCARDIAL	8	1.0	1.0
21.61685	-13.23890	-66.17673	LAX_LV_ENDOCARDIAL	8	1.0	1.0
23.42073	-13.23890	-68.33454	LAX_LV_ENDOCARDIAL	8	1.0	1.0
24.94570	-14.59735	-70.72552	LAX_LV_ENDOCARDIAL	8	1.0	1.0
26.47067	-15.95580	-73.11650	LAX_LV_ENDOCARDIAL	8	1.0	1.0
28.27455	-15.95580	-75.27432	LAX_LV_ENDOCARDIAL	8	1.0	1.0
29.79952	-17.31425	-77.66530	LAX_LV_ENDOCARDIAL	8	1.0	1.0
31.60340	-17.31426	-79.82312	LAX_LV_ENDOCARDIAL	8	1.0	1.0
33.40728	-17.31426	-81.98093	LAX_LV_ENDOCARDIAL	8	1.0	1.0
35.21116	-17.31426	-84.13875	LAX_LV_ENDOCARDIAL	8	1.0	1.0
37.01504	-17.31426	-86.29657	LAX_LV_ENDOCARDIAL	8	1.0	1.0
39.09783	-15.95581	-88.22122	LAX_LV_ENDOCARDIAL	8	1.0	1.0
40.27869	-14.59737	-89.06697	LAX_LV_ENDOCARDIAL	8	1.0	1.0
39.93457	-11.88047	-87.52174	LAX_LV_ENDOCARDIAL	8	1.0	1.0
38.68852	-9.16357	-84.89760	LAX_LV_ENDOCARDIAL	8	1.0	1.0
37.44246	-6.44667	-82.27346	LAX_LV_ENDOCARDIAL	8	1.0	1.0
36.19641	-3.72977	-79.64932	LAX_LV_ENDOCARDIAL	8	1.0	1.0
35.85229	-1.01287	-78.10408	LAX_LV_ENDOCARDIAL	8	1.0	1.0
34.60624	1.70403	-75.47994	LAX_LV_ENDOCARDIAL	8	1.0	1.0
34.26212	4.42093	-73.93471	LAX_LV_ENDOCARDIAL	8	1.0	1.0
33.01606	7.13783	-71.31057	LAX_LV_ENDOCARDIAL	8	1.0	1.0
31.77001	9.85472	-68.68643	LAX_LV_ENDOCARDIAL	8	1.0	1.0
30.52395	12.57162	-66.06229	LAX_LV_ENDOCARDIAL	8	1.0	1.0
30.17984	15.28852	-64.51705	LAX_LV_ENDOCARDIAL	8	1.0	1.0
29.83572	18.00542	-62.97182	LAX_LV_ENDOCARDIAL	8	1.0	1.0
30.39355	20.72232	-62.50550	LAX_LV_ENDOCARDIAL	8	1.0	1.0
29.14749	23.43922	-59.88136	LAX_LV_ENDOCARDIAL	8	1.0	1.0
27.62253	24.79767	-57.49038	LAX_LV_ENDOCARDIAL	8	1.0	1.0
26.37647	27.51457	-54.86623	LAX_LV_ENDOCARDIAL	8	1.0	1.0
25.13041	30.23147	-52.24209	LAX_LV_ENDOCARDIAL	8	1.0	1.0
23.60545	31.58992	-49.85111	LAX_LV_ENDOCARDIAL	8	1.0	1.0
22.08048	32.94837	-47.46013	LAX_LV_ENDOCARDIAL	8	1.0	1.0
20.83442	35.66527	-44.83599	LAX_LV_ENDOCARDIAL	8	1.0	1.0
19.30945	37.02372	-42.44501	LAX_LV_ENDOCARDIAL	8	1.0	1.0
-2.35523	19.36390	-23.89794	LAX_LV_ENDOCARDIAL	8	1.0	1.0
-24.66104	-14.59730	-11.38554	LAX_RV_EPICARDIAL	8	1.0	1.0
-24.31692	-17.31420	-12.93077	LAX_RV_EPICARDIAL	8	1.0	1.0
-22.79195	-18.67265	-15.32175	LAX_RV_EPICARDIAL	8	1.0	1.0
-21.26699	-20.03110	-17.71273	LAX_RV_EPICARDIAL	8	1.0	1.0
-19.74202	-21.38955	-20.10371	LAX_RV_EPICARDIAL	8	1.0	1.0
-18.21705	-22.74800	-22.49469	LAX_RV_EPICARDIAL	8	1.0	1.0
-16.69208	-24.10645	-24.88567	LAX_RV_EPICARDIAL	8	1.0	1.0
-14.88820	-24.10646	-27.04349	LAX_RV_EPICARDIAL	8	1.0	1.0
-13.36323	-25.46491	-29.43447	LAX_RV_EPICARDIAL	8	1.0	1.0
-11.83826	-26.82336	-31.82545	LAX_RV_EPICARDIAL	8	1.0	1.0
-10.03438	-26.82336	-33.98326	LAX_RV_EPICARDIAL	8	1.0	1.0
-8.23050	-26.82336	-36.14108	LAX_RV_EPICARDIAL	8	1.0	1.0
-6.42662	-26.82336	-38.29890	LAX_RV_EPICARDIAL	8	1.0	1.0
-4.62274	-26.82336	-40.45672	LAX_RV_EPICARDIAL	8	1.0	1.0
-2.81886	-26.82337	-42.61453	LAX_RV_EPICARDIAL	8	1.0	1.0
-1.01497	-26.82337	-44.77235	LAX_RV_EPICARDIAL	8	1.0	1.0
1.06782	-25.46492	-46.69701	LAX_RV_EPICARDIAL	8	1.0	1.0
2.87170	-25.46492	-48.85483	LAX_RV_EPICARDIAL	8	1.0	1.0
4.67558	-25.46492	-51.01264	LAX_RV_EPICARDIAL	8	1.0	1.0
6.47946	-25.46493	-53.17046	LAX_RV_EPICARDIAL	8	1.0	1.0
8.28334	-25.46493	-55.32828	LAX_RV_EPICARDIAL	8	1.0	1.0
10.08723	-25.46493	-57.48610	LAX_RV_EPICARDIAL	8	1.0	1.0
-9.17954	-5.08818	-25.93704	LAX_RV_EPICARDIAL	8	1.0	1.0
-10.98342	-5.08817	-23.77922	LAX_RV_EPICARDIAL	8	1.0	1.0
-12.78730	-5.08817	-21.62140	LAX_RV_EPICARDIAL	8	1.0	1.0
-14.59118	-5.08817	-19.46359	LAX_RV_EPICARDIAL	8	1.0	1.0
-16.67398	-6.44662	-17.53893	LAX_RV_EPICARDIAL	8	1.0	1.0
-18.75677	-7.80506	-15.61428	LAX_RV_EPICARDIAL	8	1.0	1.0
-20.56065	-7.80506	-13.45646	LAX_RV_EPICARDIAL	8	1.0	1.0
-22.92236	-10.52196	-11.76496	LAX_RV_EPICARDIAL	8	1.0	1.0
-24.38212	-13.23885	-11.15238	LAX_RV_EPICARDIAL	8	1.0	1.0
-0.61655	23.43925	-24.27737	MITRAL_VALVE	8	1.0	1.0
17.50557	37.02372	-40.28720	MITRAL_VALVE	8	1.0	1.0
-4.15911	19.36390	-21.74013	AORTA_VALVE	8	1.0	1.0
-7.16195	0.34562	-26.08330	AORTA_VALVE	8	1.0	1.0
-44.12160	-0.91494	-78.89403	LAX_RV_FREEWALL	7	1.0	10
-45.29987	-2.51623	-81.33027	LAX_RV_FREEWALL	7	1.0	10
-43.67858	-4.11752	-83.49706	LAX_RV_FREEWALL	7	1.0	10
-42.05728	-5.71882	-85.66384	LAX_RV_FREEWALL	7	1.0	10
-39.14696	-6.51946	-86.54515	LAX_RV_FREEWALL	7	1.0	10
-36.12589	-8.12075	-88.57721	LAX_RV_FREEWALL	7	1.0	10
-33.10481	-9.72205	-90.60927	LAX_RV_FREEWALL	7	1.0	10
-30.19449	-10.52269	-91.49058	LAX_RV_FREEWALL	7	1.0	10
-27.28417	-11.32334	-92.37188	LAX_RV_FREEWALL	7	1.0	10
-24.26310	-12.92463	-94.40394	LAX_RV_FREEWALL	7	1.0	10
-21.35278	-13.72528	-95.28525	LAX_RV_FREEWALL	7	1.0	10
-18.44246	-14.52592	-96.16656	LAX_RV_FREEWALL	7	1.0	10
-15.53214	-15.32657	-97.04786	LAX_RV_FREEWALL	7	1.0	10
-12.62182	-16.12722	-97.92917	LAX_RV_FREEWALL	7	1.0	10
-9.71150	-16.92786	-98.81048	LAX_RV_FREEWALL	7	1.0	10
-6.80118	-17.72851	-99.69178	LAX_RV_FREEWALL	7	1.0	10
-3.89086	-18.52916	-100.57309	LAX_RV_FREEWALL	7	1.0	10
-0.98055	-19.32980	-101.45439	LAX_RV_FREEWALL	7	1.0	10
1.81902	-19.32980	-101.18494	LAX_RV_FREEWALL	7	1.0	10
4.61858	-19.32980	-100.91550	LAX_RV_FREEWALL	7	1.0	10
7.41814	-19.32980	-100.64605	LAX_RV_FREEWALL	7	1.0	10
10.32846	-20.13045	-101.52735	LAX_RV_FREEWALL	7	1.0	10
13.12802	-20.13045	-101.25790	LAX_RV_FREEWALL	7	1.0	10
16.03834	-20.93110	-102.13921	LAX_RV_FREEWALL	7	1.0	10
18.83790	-20.93110	-101.86976	LAX_RV_FREEWALL	7	1.0	10
21.63747	-20.93110	-101.60031	LAX_RV_FREEWALL	7	1.0	10
24.32627	-20.13045	-100.18011	LAX_RV_FREEWALL	7	1.0	10
-45.74290	0.68635	-76.72725	LAX_RV_EPICARDIAL	7	1.0	10
-48.32095	-0.91494	-79.29821	LAX_RV_EPICARDIAL	7	1.0	10
-48.09943	-2.51623	-81.59972	LAX_RV_EPICARDIAL	7	1.0	10
-49.27770	-4.11752	-84.03595	LAX_RV_EPICARDIAL	7	1.0	10
-46.25663	-5.71881	-86.06802	LAX_RV_EPICARDIAL	7	1.0	10
-43.23555	-7.32011	-88.10008	LAX_RV_EPICARDIAL	7	1.0	10
-40.21447	-8.92140	-90.13214	LAX_RV_EPICARDIAL	7	1.0	10
-37.19340	-10.52269	-92.16420	LAX_RV_EPICARDIAL	7	1.0	10
-34.28308	-11.32334	-93.04551	LAX_RV_EPICARDIAL	7	1.0	10
-31.26200	-12.92463	-95.07757	LAX_RV_EPICARDIAL	7	1.0	10
-28.35169	-13.72527	-95.95887	LAX_RV_EPICARDIAL	7	1.0	10
-25.44137	-14.52592	-96.84018	LAX_RV_EPICARDIAL	7	1.0	10
-22.53105	-15.32657	-97.72149	LAX_RV_EPICARDIAL	7	1.0	10
-19.50997	-16.92786	-99.75355	LAX_RV_EPICARDIAL	7	1.0	10
-16.59965	-17.72851	-100.63485	LAX_RV_EPICARDIAL	7	1.0	10
-13.68933	-18.52915	-101.51616	LAX_RV_EPICARDIAL	7	1.0	10
-10.77901	-19.32980	-102.39747	LAX_RV_EPICARDIAL	7	1.0	10
-7.86870	-20.13045	-103.27877	LAX_RV_EPICARDIAL	7	1.0	10
-4.95838	-20.93109	-104.16008	LAX_RV_EPICARDIAL	7	1.0	10
-2.15881	-20.93109	-103.89063	LAX_RV_EPICARDIAL	7	1.0	10
0.75150	-21.73174	-104.77194	LAX_RV_EPICARDIAL	7	1.0	10
3.55107	-21.73174	-104.50249	LAX_RV_EPICARDIAL	7	1.0	10
6.35063	-21.73174	-104.23304	LAX_RV_EPICARDIAL	7	1.0	10
9.15019	-21.73174	-103.96359	LAX_RV_EPICARDIAL	7	1.0	10
11.94975	-21.73174	-103.69414	LAX_RV_EPICARDIAL	7	1.0	10
14.86007	-22.53239	-104.57544	LAX_RV_EPICARDIAL	7	1.0	10
17.65964	-22.53239	-104.30600	LAX_RV_EPICARDIAL	7	1.0	10
20.45920	-22.53239	-104.03655	LAX_RV_EPICARDIAL	7	1.0	10
23.25876	-22.53239	-103.76710	LAX_RV_EPICARDIAL	7	1.0	10
25.94757	-21.73175	-102.34689	LAX_RV_EPICARDIAL	7	1.0	10
27.12584	-20.13046	-99.91066	LAX_RV_EPICARDIAL	7	1.0	10
25.50454	-18.52916	-97.74387	LAX_RV_EPICARDIAL	7	1.0	10
-20.69764	11.89538	-58.05690	LAX_RV_SEPTUM	7	1.0	10
25.50454	-18.52916	-97.74387	LAX_RV_SEPTUM	7	1.0	10
22.59422	-17.72852	-96.86256	LAX_RV_SEPTUM	7	1.0	10
19.68390	-16.92787	-95.98126	LAX_RV_SEPTUM	7	1.0	10
16.77358	-16.12722	-95.09995	LAX_RV_SEPTUM	7	1.0	10
13.75251	-14.52593	-93.06789	LAX_RV_SEPTUM	7	1.0	10
10.73143	-12.92464	-91.03583	LAX_RV_SEPTUM	7	1.0	10
7.71036	-11.32335	-89.00377	LAX_RV_SEPTUM	7	1.0	10
4.68928	-9.72206	-86.97171	LAX_RV_SEPTUM	7	1.0	10
1.66821	-8.12076	-84.93964	LAX_RV_SEPTUM	7	1.0	10
0.04691	-6.51947	-82.77286	LAX_RV_SEPTUM	7	1.0	10
-2.97416	-4.91818	-80.74080	LAX_RV_SEPTUM	7	1.0	10
-4.59546	-3.31689	-78.57401	LAX_RV_SEPTUM	7	1.0	10
-6.21675	-1.71560	-76.40722	LAX_RV_SEPTUM	7	1.0	10
-7.83805	-0.11431	-74.24044	LAX_RV_SEPTUM	7	1.0	10
-9.45934	1.48699	-72.07365	LAX_RV_SEPTUM	7	1.0	10
-11.08064	3.08828	-69.90686	LAX_RV_SEPTUM	7	1.0	10
-12.70193	4.68957	-67.74008	LAX_RV_SEPTUM	7	1.0	10
-14.32322	6.29086	-65.57329	LAX_RV_SEPTUM	7	1.0	10
-15.94452	7.89215	-63.40651	LAX_RV_SEPTUM	7	1.0	10
-17.56581	9.49344	-61.23972	LAX_RV_SEPTUM	7	1.0	10
-19.18711	11.09474	-59.07293	LAX_RV_SEPTUM	7	1.0	10
-17.60587	19.90184	-46.14517	LAX_LV_EPICARDIAL	7	1.0	10
-18.89489	19.10119	-47.43065	LAX_LV_EPICARDIAL	7	1.0	10
-18.67338	17.49990	-49.73216	LAX_LV_EPICARDIAL	7	1.0	10
-19.85165	15.89861	-52.16840	LAX_LV_EPICARDIAL	7	1.0	10
-19.63013	14.29732	-54.46991	LAX_LV_EPICARDIAL	7	1.0	10
29.81464	-19.32981	-98.49045	LAX_LV_EPICARDIAL	7	1.0	10
32.61420	-19.32981	-98.22100	LAX_LV_EPICARDIAL	7	1.0	10
35.41377	-19.32981	-97.95155	LAX_LV_EPICARDIAL	7	1.0	10
38.21333	-19.32981	-97.68210	LAX_LV_EPICARDIAL	7	1.0	10
41.01289	-19.32981	-97.41265	LAX_LV_EPICARDIAL	7	1.0	10
43.70170	-18.52917	-95.99245	LAX_LV_EPICARDIAL	7	1.0	10
46.27975	-16.92788	-93.42149	LAX_LV_EPICARDIAL	7	1.0	10
47.45802	-15.32659	-90.98525	LAX_LV_EPICARDIAL	7	1.0	10
48.63628	-13.72530	-88.54902	LAX_LV_EPICARDIAL	7	1.0	10
49.81455	-12.12401	-86.11278	LAX_LV_EPICARDIAL	7	1.0	10
49.59304	-10.52271	-83.81127	LAX_LV_EPICARDIAL	7	1.0	10
50.77131	-8.92142	-81.37504	LAX_LV_EPICARDIAL	7	1.0	10
51.94957	-7.32013	-78.93880	LAX_LV_EPICARDIAL	7	1.0	10
51.72806	-5.71884	-76.63729	LAX_LV_EPICARDIAL	7	1.0	10
52.90633	-4.11755	-74.20105	LAX_LV_EPICARDIAL	7	1.0	10
52.68482	-2.51626	-71.89954	LAX_LV_EPICARDIAL	7	1.0	10
52.46330	-0.91497	-69.59803	LAX_LV_EPICARDIAL	7	1.0	10
53.64157	0.68632	-67.16180	LAX_LV_EPICARDIAL	7	1.0	10
53.42006	2.28761	-64.86029	LAX_LV_EPICARDIAL	7	1.0	10
53.19855	3.88891	-62.55877	LAX_LV_EPICARDIAL	7	1.0	10
52.97703	5.49020	-60.25726	LAX_LV_EPICARDIAL	7	1.0	10
52.75552	7.09149	-57.95575	LAX_LV_EPICARDIAL	7	1.0	10
51.13423	8.69278	-55.78897	LAX_LV_EPICARDIAL	7	1.0	10
50.91271	10.29407	-53.48746	LAX_LV_EPICARDIAL	7	1.0	10
49.29142	11.89536	-51.32067	LAX_LV_EPICARDIAL	7	1.0	10
49.06991	13.49665	-49.01916	LAX_LV_EPICARDIAL	7	1.0	10
47.44861	15.09795	-46.85237	LAX_LV_EPICARDIAL	7	1.0	10
47.22710	16.69924	-44.55086	LAX_LV_EPICARDIAL	7	1.0	10
45.60580	18.30053	-42.38407	LAX_LV_EPICARDIAL	7	1.0	10
43.98451	19.90182	-40.21729	LAX_LV_EPICARDIAL	7	1.0	10
42.36321	21.50311	-38.05050	LAX_LV_EPICARDIAL	7	1.0	10
40.74192	23.10440	-35.88372	LAX_LV_EPICARDIAL	7	1.0	10
39.12063	24.70569	-33.71693	LAX_LV_EPICARDIAL	7	1.0	10
37.49933	26.30699	-31.55014	LAX_LV_EPICARDIAL	7	1.0	10
34.58901	27.10763	-30.66884	LAX_LV_EPICARDIAL	7	1.0	10
31.56794	28.70892	-28.63678	LAX_LV_EPICARDIAL	7	1.0	10
28.65762	29.50957	-27.75547	LAX_LV_EPICARDIAL	7	1.0	10
25.85806	29.50957	-28.02492	LAX_LV_EPICARDIAL	7	1.0	10
22.94774	30.31022	-27.14361	LAX_LV_EPICARDIAL	7	1.0	10
-16.09533	19.10119	-47.16120	LAX_LV_ENDOCARDIAL	7	1.0	10
-14.47403	17.49990	-49.32799	LAX_LV_ENDOCARDIAL	7	1.0	10
-12.85274	15.89861	-51.49478	LAX_LV_ENDOCARDIAL	7	1.0	10
-11.23145	14.29732	-53.66156	LAX_LV_ENDOCARDIAL	7	1.0	10
-9.61015	12.69602	-55.82835	LAX_LV_ENDOCARDIAL	7	1.0	10
-6.58908	11.09473	-57.86041	LAX_LV_ENDOCARDIAL	7	1.0	10
-4.96778	9.49344	-60.02720	LAX_LV_ENDOCARDIAL	7	1.0	10
-1.94671	7.89215	-62.05926	LAX_LV_ENDOCARDIAL	7	1.0	10
-0.32541	6.29086	-64.22605	LAX_LV_ENDOCARDIAL	7	1.0	10
2.69566	4.68957	-66.25811	LAX_LV_ENDOCARDIAL	7	1.0	10
4.31696	3.08827	-68.42489	LAX_LV_ENDOCARDIAL	7	1.0	10
5.93825	1.48698	-70.59168	LAX_LV_ENDOCARDIAL	7	1.0	10
8.95933	-0.11431	-72.62374	LAX_LV_ENDOCARDIAL	7	1.0	10
10.58062	-1.71560	-74.79053	LAX_LV_ENDOCARDIAL	7	1.0	10
12.20192	-3.31689	-76.95731	LAX_LV_ENDOCARDIAL	7	1.0	10
15.22299	-4.91819	-78.98938	LAX_LV_ENDOCARDIAL	7	1.0	10
18.24407	-6.51948	-81.02144	LAX_LV_ENDOCARDIAL	7	1.0	10
21.26514	-8.12077	-83.05350	LAX_LV_ENDOCARDIAL	7	1.0	10
24.28622	-9.72206	-85.08556	LAX_LV_ENDOCARDIAL	7	1.0	10
27.30730	-11.32335	-87.11762	LAX_LV_ENDOCARDIAL	7	1.0	10
30.32837	-12.92465	-89.14968	LAX_LV_ENDOCARDIAL	7	1.0	10
33.23869	-13.72529	-90.03099	LAX_LV_ENDOCARDIAL	7	1.0	10
36.14901	-14.52594	-90.91230	LAX_LV_ENDOCARDIAL	7	1.0	10
38.94857	-14.52594	-90.64285	LAX_LV_ENDOCARDIAL	7	1.0	10
40.12684	-12.92465	-88.20661	LAX_LV_ENDOCARDIAL	7	1.0	10
39.90533	-11.32336	-85.90510	LAX_LV_ENDOCARDIAL	7	1.0	10
39.68381	-9.72207	-83.60359	LAX_LV_ENDOCARDIAL	7	1.0	10
40.86208	-8.12078	-81.16735	LAX_LV_ENDOCARDIAL	7	1.0	10
40.64057	-6.51948	-78.86584	LAX_LV_ENDOCARDIAL	7	1.0	10
40.41906	-4.91819	-76.56433	LAX_LV_ENDOCARDIAL	7	1.0	10
41.59732	-3.31690	-74.12810	LAX_LV_ENDOCARDIAL	7	1.0	10
41.37581	-1.71561	-71.82658	LAX_LV_ENDOCARDIAL	7	1.0	10
41.15430	-0.11432	-69.52507	LAX_LV_ENDOCARDIAL	7	1.0	10
40.93278	1.48697	-67.22356	LAX_LV_ENDOCARDIAL	7	1.0	10
40.71127	3.08826	-64.92205	LAX_LV_ENDOCARDIAL	7	1.0	10
40.48976	4.68955	-62.62054	LAX_LV_ENDOCARDIAL	7	1.0	10
38.86846	6.29085	-60.45375	LAX_LV_ENDOCARDIAL	7	1.0	10
38.64695	7.89214	-58.15224	LAX_LV_ENDOCARDIAL	7	1.0	10
37.02566	9.49343	-55.98546	LAX_LV_ENDOCARDIAL	7	1.0	10
36.80414	11.09472	-53.68395	LAX_LV_ENDOCARDIAL	7	1.0	10
35.18285	12.69601	-51.51716	LAX_LV_ENDOCARDIAL	7	1.0	10
34.96134	14.29730	-49.21565	LAX_LV_ENDOCARDIAL	7	1.0	10
33.34004	15.89859	-47.04886	LAX_LV_ENDOCARDIAL	7	1.0	10
31.71875	17.49989	-44.88208	LAX_LV_ENDOCARDIAL	7	1.0	10
30.09745	19.10118	-42.71529	LAX_LV_ENDOCARDIAL	7	1.0	10
28.47616	20.70247	-40.54850	LAX_LV_ENDOCARDIAL	7	1.0	10
25.45508	22.30376	-38.51644	LAX_LV_ENDOCARDIAL	7	1.0	10
23.83379	23.90505	-36.34966	LAX_LV_ENDOCARDIAL	7	1.0	10
22.21249	25.50634	-34.18287	LAX_LV_ENDOCARDIAL	7	1.0	10
19.19142	27.10764	-32.15081	LAX_LV_ENDOCARDIAL	7	1.0	10
-45.74290	0.68635	-76.72725	LAX_RV_EPICARDIAL	7	1.0	10
-48.32095	-0.91494	-79.29821	LAX_RV_EPICARDIAL	7	1.0	10
-48.09943	-2.51623	-81.59972	LAX_RV_EPICARDIAL	7	1.0	10
-49.27770	-4.11752	-84.03595	LAX_RV_EPICARDIAL	7	1.0	10
-46.25663	-5.71881	-86.06802	LAX_RV_EPICARDIAL	7	1.0	10
-43.23555	-7.32011	-88.10008	LAX_RV_EPICARDIAL	7	1.0	10
-40.21447	-8.92140	-90.13214	LAX_RV_EPICARDIAL	7	1.0	10
-37.19340	-10.52269	-92.16420	LAX_RV_EPICARDIAL	7	1.0	10
-34.28308	-11.32334	-93.04551	LAX_RV_EPICARDIAL	7	1.0	10
-31.26200	-12.92463	-95.07757	LAX_RV_EPICARDIAL	7	1.0	10
-28.35169	-13.72527	-95.95887	LAX_RV_EPICARDIAL	7	1.0	10
-25.44137	-14.52592	-96.84018	LAX_RV_EPICARDIAL	7	1.0	10
-22.53105	-15.32657	-97.72149	LAX_RV_EPICARDIAL	7	1.0	10
-19.50997	-16.92786	-99.75355	LAX_RV_EPICARDIAL	7	1.0	10
-16.59965	-17.72851	-100.63485	LAX_RV_EPICARDIAL	7	1.0	10
-13.68933	-18.52915	-101.51616	LAX_RV_EPICARDIAL	7	1.0	10
-10.77901	-19.32980	-102.39747	LAX_RV_EPICARDIAL	7	1.0	10
-7.86870	-20.13045	-103.27877	LAX_RV_EPICARDIAL	7	1.0	10
-4.95838	-20.93109	-104.16008	LAX_RV_EPICARDIAL	7	1.0	10
-2.15881	-20.93109	-103.89063	LAX_RV_EPICARDIAL	7	1.0	10
0.75150	-21.73174	-104.77194	LAX_RV_EPICARDIAL	7	1.0	10
3.55107	-21.73174	-104.50249	LAX_RV_EPICARDIAL	7	1.0	10
6.35063	-21.73174	-104.23304	LAX_RV_EPICARDIAL	7	1.0	10
9.15019	-21.73174	-103.96359	LAX_RV_EPICARDIAL	7	1.0	10
11.94975	-21.73174	-103.69414	LAX_RV_EPICARDIAL	7	1.0	10
14.86007	-22.53239	-104.57544	LAX_RV_EPICARDIAL	7	1.0	10
17.65964	-22.53239	-104.30600	LAX_RV_EPICARDIAL	7	1.0	10
20.45920	-22.53239	-104.03655	LAX_RV_EPICARDIAL	7	1.0	10
23.25876	-22.53239	-103.76710	LAX_RV_EPICARDIAL	7	1.0	10
25.94757	-21.73175	-102.34689	LAX_RV_EPICARDIAL	7	1.0	10
27.12584	-20.13046	-99.91066	LAX_RV_EPICARDIAL	7	1.0	10
25.50454	-18.52916	-97.74387	LAX_RV_EPICARDIAL	7	1.0	10
17.45937	29.50957	-28.83327	MITRAL_VALVE	7	1.0	10
-17.82738	21.50313	-43.84366	MITRAL_VALVE	7	1.0	10
-20.80840	12.69603	-56.90615	TRICUSPID_VALVE	7	1.0	10
-43.05409	1.48700	-75.30704	TRICUSPID_VALVE	7	1.0	10
41.01289	-19.32981	-97.41265	APEX_POINT	7	1.0	10
-10.31784	-17.17635	-6.74174	LAX_RV_FREEWALL	11	1.0	10
-9.85411	-18.57011	-9.52204	LAX_RV_FREEWALL	11	1.0	10
-9.47580	-18.56023	-12.30896	LAX_RV_FREEWALL	11	1.0	10
-9.09749	-18.55035	-15.09589	LAX_RV_FREEWALL	11	1.0	10
-8.71917	-18.54047	-17.88281	LAX_RV_FREEWALL	11	1.0	10
-8.25545	-19.93423	-20.66311	LAX_RV_FREEWALL	11	1.0	10
-7.87713	-19.92436	-23.45004	LAX_RV_FREEWALL	11	1.0	10
-7.41341	-21.31812	-26.23034	LAX_RV_FREEWALL	11	1.0	10
-7.03509	-21.30824	-29.01726	LAX_RV_FREEWALL	11	1.0	10
-6.57136	-22.70200	-31.79757	LAX_RV_FREEWALL	11	1.0	10
-6.10764	-24.09576	-34.57787	LAX_RV_FREEWALL	11	1.0	10
-5.72932	-24.08588	-37.36479	LAX_RV_FREEWALL	11	1.0	10
-5.35101	-24.07600	-40.15172	LAX_RV_FREEWALL	11	1.0	10
-4.97270	-24.06612	-42.93864	LAX_RV_FREEWALL	11	1.0	10
-4.50897	-25.45988	-45.71894	LAX_RV_FREEWALL	11	1.0	10
-4.13066	-25.45000	-48.50587	LAX_RV_FREEWALL	11	1.0	10
-3.75235	-25.44012	-51.29279	LAX_RV_FREEWALL	11	1.0	10
-3.45945	-24.02660	-54.08633	LAX_RV_FREEWALL	11	1.0	10
-3.08114	-24.01673	-56.87325	LAX_RV_FREEWALL	11	1.0	10
-2.70283	-24.00685	-59.66018	LAX_RV_FREEWALL	11	1.0	10
-2.32451	-23.99697	-62.44710	LAX_RV_FREEWALL	11	1.0	10
-1.86079	-25.39073	-65.22740	LAX_RV_FREEWALL	11	1.0	10
-1.39706	-26.78449	-68.00771	LAX_RV_FREEWALL	11	1.0	10
-1.01875	-26.77461	-70.79463	LAX_RV_FREEWALL	11	1.0	10
-0.64043	-26.76473	-73.58155	LAX_RV_FREEWALL	11	1.0	10
-0.26212	-26.75485	-76.36848	LAX_RV_FREEWALL	11	1.0	10
0.11619	-26.74497	-79.15540	LAX_RV_FREEWALL	11	1.0	10
0.49450	-26.73509	-81.94232	LAX_RV_FREEWALL	11	1.0	10
0.87281	-26.72521	-84.72925	LAX_RV_FREEWALL	11	1.0	10
1.25113	-26.71534	-87.51617	LAX_RV_FREEWALL	11	1.0	10
1.62944	-26.70546	-90.30309	LAX_RV_FREEWALL	11	1.0	10
2.00775	-26.69558	-93.09002	LAX_RV_FREEWALL	11	1.0	10
2.38606	-26.68570	-95.87694	LAX_RV_FREEWALL	11	1.0	10
2.67896	-25.27218	-98.67048	LAX_RV_FREEWALL	11	1.0	10
2.97186	-23.85866	-101.46402	LAX_RV_FREEWALL	11	1.0	10
3.07560	-22.45009	-102.86411	LAX_RV_FREEWALL	11	1.0	10
3.09392	-19.63787	-104.27081	LAX_RV_FREEWALL	11	1.0	10
2.92309	-16.83059	-104.28404	LAX_RV_FREEWALL	11	1.0	10
2.56310	-14.02826	-102.90382	LAX_RV_FREEWALL	11	1.0	10
2.20311	-11.22592	-101.52360	LAX_RV_FREEWALL	11	1.0	10
1.65397	-8.42852	-98.74991	LAX_RV_FREEWALL	11	1.0	10
1.29398	-5.62618	-97.36969	LAX_RV_FREEWALL	11	1.0	10
0.74484	-2.82878	-94.59601	LAX_RV_FREEWALL	11	1.0	10
0.38485	-0.02645	-93.21578	LAX_RV_FREEWALL	11	1.0	10
-0.16430	2.77095	-90.44210	LAX_RV_FREEWALL	11	1.0	10
-0.62802	4.16471	-87.66180	LAX_RV_FREEWALL	11	1.0	10
-1.00634	4.15483	-84.87487	LAX_RV_FREEWALL	11	1.0	10
-1.21382	1.33768	-82.07471	LAX_RV_SEPTUM	11	1.0	10
-1.42130	-1.47948	-79.27455	LAX_RV_SEPTUM	11	1.0	10
-1.43962	-4.29169	-77.86785	LAX_RV_SEPTUM	11	1.0	10
-1.64710	-7.10885	-75.06769	LAX_RV_SEPTUM	11	1.0	10
-1.85458	-9.92601	-72.26753	LAX_RV_SEPTUM	11	1.0	10
-2.23289	-9.93589	-69.48060	LAX_RV_SEPTUM	11	1.0	10
-2.52579	-11.34940	-66.68706	LAX_RV_SEPTUM	11	1.0	10
-2.90410	-11.35928	-63.90014	LAX_RV_SEPTUM	11	1.0	10
-3.19700	-12.77280	-61.10659	LAX_RV_SEPTUM	11	1.0	10
-3.57531	-12.78268	-58.31967	LAX_RV_SEPTUM	11	1.0	10
-3.95362	-12.79256	-55.53275	LAX_RV_SEPTUM	11	1.0	10
-4.33193	-12.80244	-52.74582	LAX_RV_SEPTUM	11	1.0	10
-4.71025	-12.81231	-49.95890	LAX_RV_SEPTUM	11	1.0	10
-5.17397	-11.41855	-47.17860	LAX_RV_SEPTUM	11	1.0	10
-5.55229	-11.42843	-44.39167	LAX_RV_SEPTUM	11	1.0	10
-5.93060	-11.43831	-41.60475	LAX_RV_SEPTUM	11	1.0	10
-6.30891	-11.44819	-38.81783	LAX_RV_SEPTUM	11	1.0	10
-6.68722	-11.45807	-36.03091	LAX_RV_SEPTUM	11	1.0	10
-7.15095	-10.06431	-33.25060	LAX_RV_SEPTUM	11	1.0	10
-7.52926	-10.07419	-30.46368	LAX_RV_SEPTUM	11	1.0	10
-7.99299	-8.68043	-27.68337	LAX_RV_SEPTUM	11	1.0	10
-8.45672	-7.28667	-24.90307	LAX_RV_SEPTUM	11	1.0	10
-8.83503	-7.29655	-22.11615	LAX_RV_SEPTUM	11	1.0	10
-9.29876	-5.90279	-19.33584	LAX_RV_SEPTUM	11	1.0	10
-9.84790	-3.10539	-16.56216	LAX_RV_SEPTUM	11	1.0	10
-10.31163	-1.71163	-13.78186	LAX_RV_SEPTUM	11	1.0	10
-10.14701	-19.98363	-6.72850	LAX_RV_EPICARDIAL	11	1.0	10
-9.68328	-21.37739	-9.50880	LAX_RV_EPICARDIAL	11	1.0	10
-9.21955	-22.77115	-12.28910	LAX_RV_EPICARDIAL	11	1.0	10
-8.84124	-22.76127	-15.07603	LAX_RV_EPICARDIAL	11	1.0	10
-8.46293	-22.75139	-17.86295	LAX_RV_EPICARDIAL	11	1.0	10
-7.99920	-24.14515	-20.64325	LAX_RV_EPICARDIAL	11	1.0	10
-7.53547	-25.53891	-23.42356	LAX_RV_EPICARDIAL	11	1.0	10
-7.15716	-25.52903	-26.21048	LAX_RV_EPICARDIAL	11	1.0	10
-6.69343	-26.92279	-28.99078	LAX_RV_EPICARDIAL	11	1.0	10
-6.22970	-28.31655	-31.77109	LAX_RV_EPICARDIAL	11	1.0	10
-5.85139	-28.30667	-34.55801	LAX_RV_EPICARDIAL	11	1.0	10
-5.47308	-28.29679	-37.34493	LAX_RV_EPICARDIAL	11	1.0	10
-5.09476	-28.28691	-40.13186	LAX_RV_EPICARDIAL	11	1.0	10
-4.63104	-29.68067	-42.91216	LAX_RV_EPICARDIAL	11	1.0	10
-4.25272	-29.67080	-45.69908	LAX_RV_EPICARDIAL	11	1.0	10
-3.87441	-29.66092	-48.48601	LAX_RV_EPICARDIAL	11	1.0	10
-3.58152	-28.24740	-51.27955	LAX_RV_EPICARDIAL	11	1.0	10
-3.28862	-26.83388	-54.07309	LAX_RV_EPICARDIAL	11	1.0	10
-2.91031	-26.82400	-56.86002	LAX_RV_EPICARDIAL	11	1.0	10
-2.53200	-26.81412	-59.64694	LAX_RV_EPICARDIAL	11	1.0	10
-2.06827	-28.20788	-62.42724	LAX_RV_EPICARDIAL	11	1.0	10
-1.60454	-29.60164	-65.20755	LAX_RV_EPICARDIAL	11	1.0	10
-1.22623	-29.59176	-67.99447	LAX_RV_EPICARDIAL	11	1.0	10
-0.76250	-30.98552	-70.77477	LAX_RV_EPICARDIAL	11	1.0	10
-0.38419	-30.97565	-73.56170	LAX_RV_EPICARDIAL	11	1.0	10
-0.09129	-29.56213	-76.35524	LAX_RV_EPICARDIAL	11	1.0	10
0.28702	-29.55225	-79.14216	LAX_RV_EPICARDIAL	11	1.0	10
0.75075	-30.94601	-81.92247	LAX_RV_EPICARDIAL	11	1.0	10
1.12906	-30.93613	-84.70939	LAX_RV_EPICARDIAL	11	1.0	10
1.50737	-30.92625	-87.49631	LAX_RV_EPICARDIAL	11	1.0	10
1.88569	-30.91637	-90.28324	LAX_RV_EPICARDIAL	11	1.0	10
2.26400	-30.90649	-93.07016	LAX_RV_EPICARDIAL	11	1.0	10
2.55690	-29.49298	-95.86370	LAX_RV_EPICARDIAL	11	1.0	10
2.93521	-29.48310	-98.65062	LAX_RV_EPICARDIAL	11	1.0	10
3.22810	-28.06958	-101.44417	LAX_RV_EPICARDIAL	11	1.0	10
3.52100	-26.65606	-104.23771	LAX_RV_EPICARDIAL	11	1.0	10
3.81390	-25.24255	-107.03125	LAX_RV_EPICARDIAL	11	1.0	10
3.83222	-22.43033	-108.43795	LAX_RV_EPICARDIAL	11	1.0	10
3.66139	-19.62305	-108.45119	LAX_RV_EPICARDIAL	11	1.0	10
3.49056	-16.81578	-108.46443	LAX_RV_EPICARDIAL	11	1.0	10
3.13057	-14.01344	-107.08421	LAX_RV_EPICARDIAL	11	1.0	10
2.95974	-11.20616	-107.09745	LAX_RV_EPICARDIAL	11	1.0	10
2.59975	-8.40382	-105.71722	LAX_RV_EPICARDIAL	11	1.0	10
2.23976	-5.60148	-104.33700	LAX_RV_EPICARDIAL	11	1.0	10
1.87977	-2.79915	-102.95678	LAX_RV_EPICARDIAL	11	1.0	10
1.33063	-0.00175	-100.18309	LAX_RV_EPICARDIAL	11	1.0	10
0.78149	2.79565	-97.40941	LAX_RV_EPICARDIAL	11	1.0	10
0.42150	5.59799	-96.02919	LAX_RV_EPICARDIAL	11	1.0	10
-0.12765	8.39539	-93.25550	LAX_RV_EPICARDIAL	11	1.0	10
-0.59137	9.78915	-90.47520	LAX_RV_EPICARDIAL	11	1.0	10
-1.05510	11.18291	-87.69489	LAX_RV_EPICARDIAL	11	1.0	10
-1.07343	8.37069	-86.28819	LAX_RV_EPICARDIAL	11	1.0	10
-0.90260	5.56341	-86.27495	LAX_RV_EPICARDIAL	11	1.0	10
-10.86078	1.08577	-11.00817	PULMONARY_VALVE	11	1.0	10
-10.79989	-18.59481	-2.55473	PULMONARY_VALVE	11	1.0	10
