x	y	z	contour type	frameID	weight	time frame
-53.81585	-24.26830	-39.60089	SAX_RV_FREEWALL	2	1.0	1
-55.51242	-23.16353	-42.00689	SAX_RV_FREEWALL	2	1.0	1
-57.74011	-23.16353	-43.72374	SAX_RV_FREEWALL	2	1.0	1
-59.43668	-22.05877	-46.12974	SAX_RV_FREEWALL	2	1.0	1
-61.66437	-22.05877	-47.84659	SAX_RV_FREEWALL	2	1.0	1
-63.36093	-20.95400	-50.25259	SAX_RV_FREEWALL	2	1.0	1
-65.05750	-19.84924	-52.65859	SAX_RV_FREEWALL	2	1.0	1
-66.22295	-17.63970	-55.75375	SAX_RV_FREEWALL	2	1.0	1
-67.38839	-15.43017	-58.84891	SAX_RV_FREEWALL	2	1.0	1
-68.55384	-13.22063	-61.94407	SAX_RV_FREEWALL	2	1.0	1
-69.71929	-11.01110	-65.03923	SAX_RV_FREEWALL	2	1.0	1
-69.77089	-8.80156	-67.27596	SAX_RV_FREEWALL	2	1.0	1
-69.82249	-6.59203	-69.51270	SAX_RV_FREEWALL	2	1.0	1
-68.76025	-4.38249	-70.89101	SAX_RV_FREEWALL	2	1.0	1
-68.81185	-2.17296	-73.12775	SAX_RV_FREEWALL	2	1.0	1
-67.74961	0.03658	-74.50606	SAX_RV_FREEWALL	2	1.0	1
-65.57352	2.24612	-75.02595	SAX_RV_FREEWALL	2	1.0	1
-64.51128	4.45566	-76.40427	SAX_RV_FREEWALL	2	1.0	1
-62.33520	6.66519	-76.92416	SAX_RV_FREEWALL	2	1.0	1
-60.15911	8.87473	-77.44405	SAX_RV_FREEWALL	2	1.0	1
-57.98302	11.08427	-77.96394	SAX_RV_FREEWALL	2	1.0	1
-54.69309	13.29381	-77.62541	SAX_RV_FREEWALL	2	1.0	1
-52.51701	15.50334	-78.14530	SAX_RV_FREEWALL	2	1.0	1
-49.22708	17.71288	-77.80676	SAX_RV_FREEWALL	2	1.0	1
-46.46827	18.81765	-76.77908	SAX_RV_FREEWALL	2	1.0	1
-43.17834	21.02719	-76.44054	SAX_RV_FREEWALL	2	1.0	1
-40.41953	22.13196	-75.41285	SAX_RV_FREEWALL	2	1.0	1
-37.66072	23.23673	-74.38517	SAX_RV_FREEWALL	2	1.0	1
-34.90191	24.34150	-73.35748	SAX_RV_FREEWALL	2	1.0	1
-32.67422	24.34151	-71.64063	SAX_RV_FREEWALL	2	1.0	1
-30.44653	24.34151	-69.92379	SAX_RV_FREEWALL	2	1.0	1
-28.21884	24.34151	-68.20694	SAX_RV_FREEWALL	2	1.0	1
-25.99116	24.34151	-66.49009	SAX_RV_FREEWALL	2	1.0	1
11.96765	-3.27764	-9.77373	SAX_RV_FREEWALL	2	1.0	1
9.79157	-5.48718	-9.25384	SAX_RV_FREEWALL	2	1.0	1
9.84317	-7.69672	-7.01710	SAX_RV_FREEWALL	2	1.0	1
8.78093	-9.90625	-5.63879	SAX_RV_FREEWALL	2	1.0	1
5.49100	-12.11579	-5.97732	SAX_RV_FREEWALL	2	1.0	1
2.20107	-14.32533	-6.31585	SAX_RV_FREEWALL	2	1.0	1
-0.55774	-15.43010	-7.34354	SAX_RV_FREEWALL	2	1.0	1
-3.31655	-16.53487	-8.37123	SAX_RV_FREEWALL	2	1.0	1
-6.07536	-17.63964	-9.39892	SAX_RV_FREEWALL	2	1.0	1
-8.83417	-18.74441	-10.42661	SAX_RV_FREEWALL	2	1.0	1
-11.59298	-19.84918	-11.45430	SAX_RV_FREEWALL	2	1.0	1
-13.82067	-19.84918	-13.17114	SAX_RV_FREEWALL	2	1.0	1
-16.57948	-20.95396	-14.19883	SAX_RV_FREEWALL	2	1.0	1
-19.33829	-22.05873	-15.22652	SAX_RV_FREEWALL	2	1.0	1
-21.56597	-22.05873	-16.94336	SAX_RV_FREEWALL	2	1.0	1
-24.32478	-23.16350	-17.97105	SAX_RV_FREEWALL	2	1.0	1
-26.55247	-23.16350	-19.68790	SAX_RV_FREEWALL	2	1.0	1
-29.31128	-24.26827	-20.71559	SAX_RV_FREEWALL	2	1.0	1
-31.53897	-24.26827	-22.43243	SAX_RV_FREEWALL	2	1.0	1
-33.76666	-24.26828	-24.14928	SAX_RV_FREEWALL	2	1.0	1
-35.99435	-24.26828	-25.86613	SAX_RV_FREEWALL	2	1.0	1
-38.22204	-24.26828	-27.58297	SAX_RV_FREEWALL	2	1.0	1
-40.44972	-24.26828	-29.29982	SAX_RV_FREEWALL	2	1.0	1
-42.67741	-24.26828	-31.01666	SAX_RV_FREEWALL	2	1.0	1
-44.90510	-24.26829	-32.73351	SAX_RV_FREEWALL	2	1.0	1
-47.13279	-24.26829	-34.45035	SAX_RV_FREEWALL	2	1.0	1
-49.36048	-24.26829	-36.16720	SAX_RV_FREEWALL	2	1.0	1
-51.58817	-24.26829	-37.88404	SAX_RV_FREEWALL	2	1.0	1
-40.92924	-27.58259	-26.37392	SAX_RV_EPICARDIAL	2	1.0	1
-42.62581	-26.47782	-28.77993	SAX_RV_EPICARDIAL	2	1.0	1
-44.85350	-26.47782	-30.49677	SAX_RV_EPICARDIAL	2	1.0	1
-47.08119	-26.47782	-32.21362	SAX_RV_EPICARDIAL	2	1.0	1
-49.30888	-26.47783	-33.93046	SAX_RV_EPICARDIAL	2	1.0	1
-51.53656	-26.47783	-35.64731	SAX_RV_EPICARDIAL	2	1.0	1
-53.76425	-26.47783	-37.36415	SAX_RV_EPICARDIAL	2	1.0	1
-55.99194	-26.47783	-39.08100	SAX_RV_EPICARDIAL	2	1.0	1
-57.68851	-25.37307	-41.48700	SAX_RV_EPICARDIAL	2	1.0	1
-59.91620	-25.37307	-43.20385	SAX_RV_EPICARDIAL	2	1.0	1
-61.61276	-24.26830	-45.60985	SAX_RV_EPICARDIAL	2	1.0	1
-63.30933	-23.16354	-48.01585	SAX_RV_EPICARDIAL	2	1.0	1
-65.00590	-22.05877	-50.42185	SAX_RV_EPICARDIAL	2	1.0	1
-67.23359	-22.05877	-52.13870	SAX_RV_EPICARDIAL	2	1.0	1
-68.39903	-19.84924	-55.23386	SAX_RV_EPICARDIAL	2	1.0	1
-69.56448	-17.63970	-58.32902	SAX_RV_EPICARDIAL	2	1.0	1
-70.72993	-15.43017	-61.42418	SAX_RV_EPICARDIAL	2	1.0	1
-71.89537	-13.22064	-64.51934	SAX_RV_EPICARDIAL	2	1.0	1
-71.94698	-11.01110	-66.75607	SAX_RV_EPICARDIAL	2	1.0	1
-71.99858	-8.80157	-68.99281	SAX_RV_EPICARDIAL	2	1.0	1
-70.93634	-6.59203	-70.37112	SAX_RV_EPICARDIAL	2	1.0	1
-70.98794	-4.38249	-72.60786	SAX_RV_EPICARDIAL	2	1.0	1
-69.92570	-2.17296	-73.98617	SAX_RV_EPICARDIAL	2	1.0	1
-68.86346	0.03658	-75.36449	SAX_RV_EPICARDIAL	2	1.0	1
-67.80121	2.24612	-76.74280	SAX_RV_EPICARDIAL	2	1.0	1
-66.73897	4.45565	-78.12111	SAX_RV_EPICARDIAL	2	1.0	1
-64.56289	6.66519	-78.64100	SAX_RV_EPICARDIAL	2	1.0	1
-62.38680	8.87473	-79.16089	SAX_RV_EPICARDIAL	2	1.0	1
-60.21071	11.08427	-79.68078	SAX_RV_EPICARDIAL	2	1.0	1
-58.03463	13.29380	-80.20067	SAX_RV_EPICARDIAL	2	1.0	1
-54.74470	15.50334	-79.86214	SAX_RV_EPICARDIAL	2	1.0	1
-52.56861	17.71288	-80.38203	SAX_RV_EPICARDIAL	2	1.0	1
-49.27868	19.92242	-80.04350	SAX_RV_EPICARDIAL	2	1.0	1
-47.10259	22.13196	-80.56339	SAX_RV_EPICARDIAL	2	1.0	1
-44.34378	23.23673	-79.53570	SAX_RV_EPICARDIAL	2	1.0	1
-41.58498	24.34150	-78.50801	SAX_RV_EPICARDIAL	2	1.0	1
-38.82617	25.44627	-77.48033	SAX_RV_EPICARDIAL	2	1.0	1
-35.53624	27.65581	-77.14179	SAX_RV_EPICARDIAL	2	1.0	1
-32.77743	28.76058	-76.11410	SAX_RV_EPICARDIAL	2	1.0	1
-30.54974	28.76058	-74.39726	SAX_RV_EPICARDIAL	2	1.0	1
-28.32205	28.76058	-72.68041	SAX_RV_EPICARDIAL	2	1.0	1
-26.09436	28.76058	-70.96357	SAX_RV_EPICARDIAL	2	1.0	1
-24.39779	27.65582	-68.55756	SAX_RV_EPICARDIAL	2	1.0	1
-25.40843	23.23675	-64.94252	SAX_RV_EPICARDIAL	2	1.0	1
12.49878	-2.17287	-10.46288	SAX_RV_EPICARDIAL	2	1.0	1
14.19534	-3.27764	-8.05688	SAX_RV_EPICARDIAL	2	1.0	1
15.89191	-4.38241	-5.65088	SAX_RV_EPICARDIAL	2	1.0	1
14.82967	-6.59194	-4.27257	SAX_RV_EPICARDIAL	2	1.0	1
13.76743	-8.80148	-2.89425	SAX_RV_EPICARDIAL	2	1.0	1
11.59134	-11.01102	-2.37436	SAX_RV_EPICARDIAL	2	1.0	1
8.30141	-13.22056	-2.71289	SAX_RV_EPICARDIAL	2	1.0	1
5.01148	-15.43010	-3.05143	SAX_RV_EPICARDIAL	2	1.0	1
1.72155	-17.63963	-3.38996	SAX_RV_EPICARDIAL	2	1.0	1
-1.03726	-18.74440	-4.41765	SAX_RV_EPICARDIAL	2	1.0	1
-3.79607	-19.84918	-5.44534	SAX_RV_EPICARDIAL	2	1.0	1
-6.55488	-20.95395	-6.47303	SAX_RV_EPICARDIAL	2	1.0	1
-8.78257	-20.95395	-8.18987	SAX_RV_EPICARDIAL	2	1.0	1
-11.54138	-22.05872	-9.21756	SAX_RV_EPICARDIAL	2	1.0	1
-14.30019	-23.16349	-10.24525	SAX_RV_EPICARDIAL	2	1.0	1
-16.52787	-23.16349	-11.96209	SAX_RV_EPICARDIAL	2	1.0	1
-19.28668	-24.26826	-12.98978	SAX_RV_EPICARDIAL	2	1.0	1
-21.51437	-24.26826	-14.70663	SAX_RV_EPICARDIAL	2	1.0	1
-24.27318	-25.37303	-15.73432	SAX_RV_EPICARDIAL	2	1.0	1
-27.03199	-26.47780	-16.76201	SAX_RV_EPICARDIAL	2	1.0	1
-29.25968	-26.47781	-18.47885	SAX_RV_EPICARDIAL	2	1.0	1
-31.48737	-26.47781	-20.19570	SAX_RV_EPICARDIAL	2	1.0	1
-34.24618	-27.58258	-21.22339	SAX_RV_EPICARDIAL	2	1.0	1
-36.47387	-27.58258	-22.94023	SAX_RV_EPICARDIAL	2	1.0	1
-38.70155	-27.58258	-24.65708	SAX_RV_EPICARDIAL	2	1.0	1
-24.82571	22.13198	-63.39494	SAX_RV_SEPTUM	2	1.0	1
-24.77411	19.92244	-61.15820	SAX_RV_SEPTUM	2	1.0	1
-25.83635	17.71291	-59.77989	SAX_RV_SEPTUM	2	1.0	1
-25.78475	15.50337	-57.54315	SAX_RV_SEPTUM	2	1.0	1
-25.73314	13.29384	-55.30641	SAX_RV_SEPTUM	2	1.0	1
-25.68154	11.08430	-53.06968	SAX_RV_SEPTUM	2	1.0	1
-25.62994	8.87476	-50.83294	SAX_RV_SEPTUM	2	1.0	1
-25.57834	6.66523	-48.59620	SAX_RV_SEPTUM	2	1.0	1
-24.41289	4.45570	-45.50105	SAX_RV_SEPTUM	2	1.0	1
-24.36129	2.24616	-43.26431	SAX_RV_SEPTUM	2	1.0	1
-23.19584	0.03663	-40.16915	SAX_RV_SEPTUM	2	1.0	1
-22.03040	-2.17291	-37.07399	SAX_RV_SEPTUM	2	1.0	1
-20.33383	-3.27768	-34.66799	SAX_RV_SEPTUM	2	1.0	1
-19.16838	-5.48721	-31.57283	SAX_RV_SEPTUM	2	1.0	1
-16.94069	-5.48721	-29.85598	SAX_RV_SEPTUM	2	1.0	1
-15.24413	-6.59197	-27.44998	SAX_RV_SEPTUM	2	1.0	1
-13.01644	-6.59197	-25.73314	SAX_RV_SEPTUM	2	1.0	1
-10.78875	-6.59197	-24.01629	SAX_RV_SEPTUM	2	1.0	1
-8.56106	-6.59197	-22.29944	SAX_RV_SEPTUM	2	1.0	1
-6.33337	-6.59196	-20.58260	SAX_RV_SEPTUM	2	1.0	1
-3.57456	-5.48719	-19.55491	SAX_RV_SEPTUM	2	1.0	1
-1.34687	-5.48719	-17.83806	SAX_RV_SEPTUM	2	1.0	1
1.41194	-4.38242	-16.81038	SAX_RV_SEPTUM	2	1.0	1
4.17074	-3.27765	-15.78269	SAX_RV_SEPTUM	2	1.0	1
6.92955	-2.17288	-14.75500	SAX_RV_SEPTUM	2	1.0	1
9.68836	-1.06811	-13.72731	SAX_RV_SEPTUM	2	1.0	1
12.44717	0.03666	-12.69962	SAX_RV_SEPTUM	2	1.0	1
15.20598	1.14143	-11.67193	SAX_RV_SEPTUM	2	1.0	1
14.14374	-1.06811	-10.29362	SAX_RV_SEPTUM	2	1.0	1
-21.58738	26.55105	-65.29314	SAX_LV_EPICARDIAL	2	1.0	1
-20.52514	28.76059	-66.67145	SAX_LV_EPICARDIAL	2	1.0	1
-19.46290	30.97013	-68.04977	SAX_LV_EPICARDIAL	2	1.0	1
-17.28681	33.17966	-68.56966	SAX_LV_EPICARDIAL	2	1.0	1
-16.22457	35.38920	-69.94797	SAX_LV_EPICARDIAL	2	1.0	1
-14.04848	37.59874	-70.46786	SAX_LV_EPICARDIAL	2	1.0	1
-10.75855	39.80828	-70.12933	SAX_LV_EPICARDIAL	2	1.0	1
-8.58247	42.01781	-70.64922	SAX_LV_EPICARDIAL	2	1.0	1
-5.82366	43.12258	-69.62153	SAX_LV_EPICARDIAL	2	1.0	1
-2.53373	45.33212	-69.28300	SAX_LV_EPICARDIAL	2	1.0	1
0.22508	46.43689	-68.25531	SAX_LV_EPICARDIAL	2	1.0	1
3.51501	48.64643	-67.91678	SAX_LV_EPICARDIAL	2	1.0	1
6.27382	49.75120	-66.88909	SAX_LV_EPICARDIAL	2	1.0	1
9.03263	50.85597	-65.86140	SAX_LV_EPICARDIAL	2	1.0	1
11.26032	50.85598	-64.14455	SAX_LV_EPICARDIAL	2	1.0	1
14.01913	51.96075	-63.11687	SAX_LV_EPICARDIAL	2	1.0	1
16.24682	51.96075	-61.40002	SAX_LV_EPICARDIAL	2	1.0	1
18.47451	51.96075	-59.68317	SAX_LV_EPICARDIAL	2	1.0	1
20.70219	51.96075	-57.96633	SAX_LV_EPICARDIAL	2	1.0	1
22.92988	51.96076	-56.24948	SAX_LV_EPICARDIAL	2	1.0	1
25.15757	51.96076	-54.53264	SAX_LV_EPICARDIAL	2	1.0	1
27.38526	51.96076	-52.81579	SAX_LV_EPICARDIAL	2	1.0	1
29.08183	50.85599	-50.40979	SAX_LV_EPICARDIAL	2	1.0	1
31.30951	50.85600	-48.69294	SAX_LV_EPICARDIAL	2	1.0	1
33.00608	49.75123	-46.28694	SAX_LV_EPICARDIAL	2	1.0	1
34.70265	48.64646	-43.88094	SAX_LV_EPICARDIAL	2	1.0	1
35.86810	46.43693	-40.78578	SAX_LV_EPICARDIAL	2	1.0	1
37.03354	44.22740	-37.69062	SAX_LV_EPICARDIAL	2	1.0	1
38.19899	42.01786	-34.59546	SAX_LV_EPICARDIAL	2	1.0	1
38.25059	39.80833	-32.35873	SAX_LV_EPICARDIAL	2	1.0	1
39.41604	37.59879	-29.26357	SAX_LV_EPICARDIAL	2	1.0	1
39.46764	35.38926	-27.02683	SAX_LV_EPICARDIAL	2	1.0	1
39.51924	33.17972	-24.79009	SAX_LV_EPICARDIAL	2	1.0	1
39.57085	30.97018	-22.55336	SAX_LV_EPICARDIAL	2	1.0	1
38.50860	28.76065	-21.17504	SAX_LV_EPICARDIAL	2	1.0	1
37.44636	26.55111	-19.79673	SAX_LV_EPICARDIAL	2	1.0	1
36.38412	24.34158	-18.41842	SAX_LV_EPICARDIAL	2	1.0	1
35.32188	22.13204	-17.04010	SAX_LV_EPICARDIAL	2	1.0	1
34.25964	19.92250	-15.66179	SAX_LV_EPICARDIAL	2	1.0	1
33.19739	17.71297	-14.28348	SAX_LV_EPICARDIAL	2	1.0	1
31.02131	15.50343	-13.76359	SAX_LV_EPICARDIAL	2	1.0	1
29.95907	13.29389	-12.38527	SAX_LV_EPICARDIAL	2	1.0	1
27.78298	11.08435	-11.86538	SAX_LV_EPICARDIAL	2	1.0	1
25.60689	8.87482	-11.34549	SAX_LV_EPICARDIAL	2	1.0	1
22.31696	6.66528	-11.68402	SAX_LV_EPICARDIAL	2	1.0	1
19.02703	4.45574	-12.02256	SAX_LV_EPICARDIAL	2	1.0	1
-10.99516	2.24617	-32.96324	SAX_LV_ENDOCARDIAL	2	1.0	1
-12.69173	3.35094	-35.36924	SAX_LV_ENDOCARDIAL	2	1.0	1
-14.38829	4.45571	-37.77524	SAX_LV_ENDOCARDIAL	2	1.0	1
-16.08486	5.56047	-40.18124	SAX_LV_ENDOCARDIAL	2	1.0	1
-17.25031	7.77001	-43.27640	SAX_LV_ENDOCARDIAL	2	1.0	1
-18.41575	9.97954	-46.37156	SAX_LV_ENDOCARDIAL	2	1.0	1
-18.46736	12.18908	-48.60830	SAX_LV_ENDOCARDIAL	2	1.0	1
-18.51896	14.39861	-50.84503	SAX_LV_ENDOCARDIAL	2	1.0	1
-18.57056	16.60815	-53.08177	SAX_LV_ENDOCARDIAL	2	1.0	1
-18.62216	18.81768	-55.31851	SAX_LV_ENDOCARDIAL	2	1.0	1
-17.55992	21.02722	-56.69682	SAX_LV_ENDOCARDIAL	2	1.0	1
-17.61152	23.23675	-58.93356	SAX_LV_ENDOCARDIAL	2	1.0	1
-16.54928	25.44629	-60.31187	SAX_LV_ENDOCARDIAL	2	1.0	1
-15.48704	27.65583	-61.69018	SAX_LV_ENDOCARDIAL	2	1.0	1
-14.42480	29.86536	-63.06850	SAX_LV_ENDOCARDIAL	2	1.0	1
-12.24871	32.07490	-63.58839	SAX_LV_ENDOCARDIAL	2	1.0	1
-11.18647	34.28444	-64.96670	SAX_LV_ENDOCARDIAL	2	1.0	1
-9.01038	36.49398	-65.48659	SAX_LV_ENDOCARDIAL	2	1.0	1
-5.72045	38.70351	-65.14806	SAX_LV_ENDOCARDIAL	2	1.0	1
-2.96164	39.80828	-64.12037	SAX_LV_ENDOCARDIAL	2	1.0	1
-0.20283	40.91305	-63.09268	SAX_LV_ENDOCARDIAL	2	1.0	1
2.55597	42.01783	-62.06499	SAX_LV_ENDOCARDIAL	2	1.0	1
5.31478	43.12260	-61.03730	SAX_LV_ENDOCARDIAL	2	1.0	1
8.07359	44.22737	-60.00961	SAX_LV_ENDOCARDIAL	2	1.0	1
10.83240	45.33214	-58.98192	SAX_LV_ENDOCARDIAL	2	1.0	1
13.06009	45.33214	-57.26508	SAX_LV_ENDOCARDIAL	2	1.0	1
15.81890	46.43691	-56.23739	SAX_LV_ENDOCARDIAL	2	1.0	1
18.04659	46.43691	-54.52054	SAX_LV_ENDOCARDIAL	2	1.0	1
20.27428	46.43691	-52.80370	SAX_LV_ENDOCARDIAL	2	1.0	1
22.50197	46.43692	-51.08685	SAX_LV_ENDOCARDIAL	2	1.0	1
24.19853	45.33215	-48.68085	SAX_LV_ENDOCARDIAL	2	1.0	1
26.42622	45.33215	-46.96401	SAX_LV_ENDOCARDIAL	2	1.0	1
28.12279	44.22739	-44.55800	SAX_LV_ENDOCARDIAL	2	1.0	1
29.81936	43.12262	-42.15200	SAX_LV_ENDOCARDIAL	2	1.0	1
30.98480	40.91309	-39.05684	SAX_LV_ENDOCARDIAL	2	1.0	1
32.15025	38.70355	-35.96168	SAX_LV_ENDOCARDIAL	2	1.0	1
32.20185	36.49402	-33.72495	SAX_LV_ENDOCARDIAL	2	1.0	1
32.25345	34.28448	-31.48821	SAX_LV_ENDOCARDIAL	2	1.0	1
32.30506	32.07495	-29.25147	SAX_LV_ENDOCARDIAL	2	1.0	1
32.35666	29.86541	-27.01474	SAX_LV_ENDOCARDIAL	2	1.0	1
32.40826	27.65587	-24.77800	SAX_LV_ENDOCARDIAL	2	1.0	1
31.34602	25.44634	-23.39969	SAX_LV_ENDOCARDIAL	2	1.0	1
30.28378	23.23680	-22.02137	SAX_LV_ENDOCARDIAL	2	1.0	1
29.22154	21.02726	-20.64306	SAX_LV_ENDOCARDIAL	2	1.0	1
28.15929	18.81773	-19.26475	SAX_LV_ENDOCARDIAL	2	1.0	1
25.98321	16.60819	-18.74486	SAX_LV_ENDOCARDIAL	2	1.0	1
22.69328	14.39865	-19.08339	SAX_LV_ENDOCARDIAL	2	1.0	1
20.51719	12.18911	-18.56350	SAX_LV_ENDOCARDIAL	2	1.0	1
17.22726	9.97958	-18.90203	SAX_LV_ENDOCARDIAL	2	1.0	1
14.46845	8.87480	-19.92972	SAX_LV_ENDOCARDIAL	2	1.0	1
11.70964	7.77003	-20.95741	SAX_LV_ENDOCARDIAL	2	1.0	1
8.95083	6.66526	-21.98510	SAX_LV_ENDOCARDIAL	2	1.0	1
6.19202	5.56049	-23.01279	SAX_LV_ENDOCARDIAL	2	1.0	1
3.43321	4.45572	-24.04048	SAX_LV_ENDOCARDIAL	2	1.0	1
1.20553	4.45572	-25.75732	SAX_LV_ENDOCARDIAL	2	1.0	1
-1.55328	3.35095	-26.78501	SAX_LV_ENDOCARDIAL	2	1.0	1
-3.78097	3.35095	-28.50186	SAX_LV_ENDOCARDIAL	2	1.0	1
-6.53978	2.24618	-29.52954	SAX_LV_ENDOCARDIAL	2	1.0	1
-8.76747	2.24618	-31.24639	SAX_LV_ENDOCARDIAL	2	1.0	1
14.14374	-1.06811	-10.29362	RV_INSERT	2	1.0	1
-25.99116	24.34151	-66.49009	RV_INSERT	2	1.0	1
-48.24047	-29.69596	-58.35279	SAX_RV_FREEWALL	3	1.0	1
-49.93704	-28.59119	-60.75879	SAX_RV_FREEWALL	3	1.0	1
-52.16473	-28.59120	-62.47564	SAX_RV_FREEWALL	3	1.0	1
-53.86129	-27.48643	-64.88164	SAX_RV_FREEWALL	3	1.0	1
-55.55786	-26.38166	-67.28764	SAX_RV_FREEWALL	3	1.0	1
-56.72331	-24.17213	-70.38280	SAX_RV_FREEWALL	3	1.0	1
-57.88875	-21.96260	-73.47796	SAX_RV_FREEWALL	3	1.0	1
-59.05420	-19.75306	-76.57312	SAX_RV_FREEWALL	3	1.0	1
-59.10580	-17.54353	-78.80985	SAX_RV_FREEWALL	3	1.0	1
-59.15741	-15.33399	-81.04659	SAX_RV_FREEWALL	3	1.0	1
-58.09516	-13.12445	-82.42490	SAX_RV_FREEWALL	3	1.0	1
-57.03292	-10.91492	-83.80322	SAX_RV_FREEWALL	3	1.0	1
-54.85684	-8.70538	-84.32311	SAX_RV_FREEWALL	3	1.0	1
-52.68075	-6.49584	-84.84300	SAX_RV_FREEWALL	3	1.0	1
-50.50466	-4.28630	-85.36289	SAX_RV_FREEWALL	3	1.0	1
-47.21473	-2.07677	-85.02436	SAX_RV_FREEWALL	3	1.0	1
-45.03865	0.13277	-85.54425	SAX_RV_FREEWALL	3	1.0	1
-41.74872	2.34231	-85.20572	SAX_RV_FREEWALL	3	1.0	1
-38.45879	4.55185	-84.86718	SAX_RV_FREEWALL	3	1.0	1
-35.16886	6.76139	-84.52865	SAX_RV_FREEWALL	3	1.0	1
-31.87893	8.97093	-84.19012	SAX_RV_FREEWALL	3	1.0	1
-28.58900	11.18047	-83.85159	SAX_RV_FREEWALL	3	1.0	1
-25.83019	12.28524	-82.82390	SAX_RV_FREEWALL	3	1.0	1
-23.07138	13.39001	-81.79621	SAX_RV_FREEWALL	3	1.0	1
-20.31257	14.49478	-80.76852	SAX_RV_FREEWALL	3	1.0	1
-17.55376	15.59955	-79.74083	SAX_RV_FREEWALL	3	1.0	1
-15.32607	15.59955	-78.02399	SAX_RV_FREEWALL	3	1.0	1
2.73835	-18.64823	-30.04902	SAX_RV_FREEWALL	3	1.0	1
-0.02046	-19.75300	-31.07671	SAX_RV_FREEWALL	3	1.0	1
-2.77927	-20.85777	-32.10440	SAX_RV_FREEWALL	3	1.0	1
-5.53808	-21.96254	-33.13209	SAX_RV_FREEWALL	3	1.0	1
-7.76577	-21.96255	-34.84893	SAX_RV_FREEWALL	3	1.0	1
-11.05570	-24.17208	-35.18746	SAX_RV_FREEWALL	3	1.0	1
-13.81450	-25.27685	-36.21515	SAX_RV_FREEWALL	3	1.0	1
-16.57331	-26.38163	-37.24284	SAX_RV_FREEWALL	3	1.0	1
-19.33212	-27.48640	-38.27053	SAX_RV_FREEWALL	3	1.0	1
-21.55981	-27.48640	-39.98738	SAX_RV_FREEWALL	3	1.0	1
-24.31862	-28.59117	-41.01507	SAX_RV_FREEWALL	3	1.0	1
-26.54631	-28.59117	-42.73191	SAX_RV_FREEWALL	3	1.0	1
-28.77400	-28.59117	-44.44876	SAX_RV_FREEWALL	3	1.0	1
-31.00169	-28.59117	-46.16560	SAX_RV_FREEWALL	3	1.0	1
-33.76050	-29.69595	-47.19329	SAX_RV_FREEWALL	3	1.0	1
-35.98818	-29.69595	-48.91014	SAX_RV_FREEWALL	3	1.0	1
-38.21587	-29.69595	-50.62698	SAX_RV_FREEWALL	3	1.0	1
-40.44356	-29.69595	-52.34383	SAX_RV_FREEWALL	3	1.0	1
-42.67125	-29.69595	-54.06067	SAX_RV_FREEWALL	3	1.0	1
-44.89894	-29.69596	-55.77752	SAX_RV_FREEWALL	3	1.0	1
-47.12663	-29.69596	-57.49437	SAX_RV_FREEWALL	3	1.0	1
-45.37846	-33.01026	-52.85163	SAX_RV_EPICARDIAL	3	1.0	1
-47.07502	-31.90549	-55.25763	SAX_RV_EPICARDIAL	3	1.0	1
-49.30271	-31.90550	-56.97447	SAX_RV_EPICARDIAL	3	1.0	1
-51.53040	-31.90550	-58.69132	SAX_RV_EPICARDIAL	3	1.0	1
-53.22697	-30.80073	-61.09732	SAX_RV_EPICARDIAL	3	1.0	1
-54.92354	-29.69597	-63.50332	SAX_RV_EPICARDIAL	3	1.0	1
-57.15122	-29.69597	-65.22017	SAX_RV_EPICARDIAL	3	1.0	1
-58.31667	-27.48643	-68.31533	SAX_RV_EPICARDIAL	3	1.0	1
-60.01324	-26.38167	-70.72133	SAX_RV_EPICARDIAL	3	1.0	1
-61.17869	-24.17213	-73.81649	SAX_RV_EPICARDIAL	3	1.0	1
-60.11644	-21.96260	-75.19480	SAX_RV_EPICARDIAL	3	1.0	1
-61.28189	-19.75306	-78.28996	SAX_RV_EPICARDIAL	3	1.0	1
-61.33349	-17.54353	-80.52670	SAX_RV_EPICARDIAL	3	1.0	1
-61.38509	-15.33399	-82.76344	SAX_RV_EPICARDIAL	3	1.0	1
-60.32285	-13.12446	-84.14175	SAX_RV_EPICARDIAL	3	1.0	1
-59.26061	-10.91492	-85.52006	SAX_RV_EPICARDIAL	3	1.0	1
-58.19837	-8.70538	-86.89838	SAX_RV_EPICARDIAL	3	1.0	1
-54.90844	-6.49584	-86.55984	SAX_RV_EPICARDIAL	3	1.0	1
-52.73235	-4.28631	-87.07973	SAX_RV_EPICARDIAL	3	1.0	1
-50.55627	-2.07677	-87.59963	SAX_RV_EPICARDIAL	3	1.0	1
-48.38018	0.13277	-88.11952	SAX_RV_EPICARDIAL	3	1.0	1
-45.09025	2.34231	-87.78098	SAX_RV_EPICARDIAL	3	1.0	1
-42.91416	4.55185	-88.30087	SAX_RV_EPICARDIAL	3	1.0	1
-39.62423	6.76138	-87.96234	SAX_RV_EPICARDIAL	3	1.0	1
-36.33430	8.97092	-87.62381	SAX_RV_EPICARDIAL	3	1.0	1
-33.04437	11.18046	-87.28528	SAX_RV_EPICARDIAL	3	1.0	1
-30.28556	12.28523	-86.25759	SAX_RV_EPICARDIAL	3	1.0	1
-26.99563	14.49477	-85.91906	SAX_RV_EPICARDIAL	3	1.0	1
-24.23682	15.59954	-84.89137	SAX_RV_EPICARDIAL	3	1.0	1
-21.47801	16.70431	-83.86368	SAX_RV_EPICARDIAL	3	1.0	1
-18.71921	17.80908	-82.83599	SAX_RV_EPICARDIAL	3	1.0	1
-15.96040	18.91385	-81.80830	SAX_RV_EPICARDIAL	3	1.0	1
-13.73271	18.91386	-80.09146	SAX_RV_EPICARDIAL	3	1.0	1
-10.97390	20.01863	-79.06377	SAX_RV_EPICARDIAL	3	1.0	1
-11.45342	16.70432	-76.13787	SAX_RV_EPICARDIAL	3	1.0	1
7.14213	-16.43869	-28.85206	SAX_RV_EPICARDIAL	3	1.0	1
5.54876	-19.75300	-26.78459	SAX_RV_EPICARDIAL	3	1.0	1
2.78995	-20.85777	-27.81228	SAX_RV_EPICARDIAL	3	1.0	1
0.03114	-21.96254	-28.83997	SAX_RV_EPICARDIAL	3	1.0	1
-2.72767	-23.06731	-29.86766	SAX_RV_EPICARDIAL	3	1.0	1
-5.48647	-24.17208	-30.89535	SAX_RV_EPICARDIAL	3	1.0	1
-8.24528	-25.27685	-31.92304	SAX_RV_EPICARDIAL	3	1.0	1
-11.53521	-27.48639	-32.26157	SAX_RV_EPICARDIAL	3	1.0	1
-14.29402	-28.59116	-33.28926	SAX_RV_EPICARDIAL	3	1.0	1
-17.05283	-29.69593	-34.31695	SAX_RV_EPICARDIAL	3	1.0	1
-19.81164	-30.80070	-35.34464	SAX_RV_EPICARDIAL	3	1.0	1
-22.03933	-30.80070	-37.06148	SAX_RV_EPICARDIAL	3	1.0	1
-24.79814	-31.90547	-38.08917	SAX_RV_EPICARDIAL	3	1.0	1
-27.02583	-31.90547	-39.80602	SAX_RV_EPICARDIAL	3	1.0	1
-29.25352	-31.90548	-41.52286	SAX_RV_EPICARDIAL	3	1.0	1
-32.01233	-33.01025	-42.55055	SAX_RV_EPICARDIAL	3	1.0	1
-34.24001	-33.01025	-44.26740	SAX_RV_EPICARDIAL	3	1.0	1
-36.46770	-33.01025	-45.98424	SAX_RV_EPICARDIAL	3	1.0	1
-38.69539	-33.01025	-47.70109	SAX_RV_EPICARDIAL	3	1.0	1
-40.92308	-33.01026	-49.41794	SAX_RV_EPICARDIAL	3	1.0	1
-43.15077	-33.01026	-51.13478	SAX_RV_EPICARDIAL	3	1.0	1
-13.09838	15.59955	-76.30714	SAX_RV_SEPTUM	3	1.0	1
-13.04678	13.39002	-74.07040	SAX_RV_SEPTUM	3	1.0	1
-14.10902	11.18048	-72.69209	SAX_RV_SEPTUM	3	1.0	1
-15.17126	8.97094	-71.31378	SAX_RV_SEPTUM	3	1.0	1
-15.11966	6.76141	-69.07704	SAX_RV_SEPTUM	3	1.0	1
-15.06806	4.55187	-66.84030	SAX_RV_SEPTUM	3	1.0	1
-15.01646	2.34234	-64.60357	SAX_RV_SEPTUM	3	1.0	1
-14.96485	0.13280	-62.36683	SAX_RV_SEPTUM	3	1.0	1
-14.91325	-2.07673	-60.13010	SAX_RV_SEPTUM	3	1.0	1
-14.86165	-4.28627	-57.89336	SAX_RV_SEPTUM	3	1.0	1
-13.69620	-6.49580	-54.79820	SAX_RV_SEPTUM	3	1.0	1
-12.53076	-8.70534	-51.70304	SAX_RV_SEPTUM	3	1.0	1
-11.36531	-10.91487	-48.60788	SAX_RV_SEPTUM	3	1.0	1
-9.66874	-12.01964	-46.20188	SAX_RV_SEPTUM	3	1.0	1
-7.97217	-13.12440	-43.79588	SAX_RV_SEPTUM	3	1.0	1
-6.27561	-14.22917	-41.38987	SAX_RV_SEPTUM	3	1.0	1
-4.57904	-15.33394	-38.98387	SAX_RV_SEPTUM	3	1.0	1
-2.35135	-15.33393	-37.26703	SAX_RV_SEPTUM	3	1.0	1
-0.65478	-16.43870	-34.86102	SAX_RV_SEPTUM	3	1.0	1
1.57290	-16.43870	-33.14418	SAX_RV_SEPTUM	3	1.0	1
3.80059	-16.43870	-31.42733	SAX_RV_SEPTUM	3	1.0	1
6.02828	-16.43869	-29.71049	SAX_RV_SEPTUM	3	1.0	1
5.49716	-17.54346	-29.02133	SAX_RV_SEPTUM	3	1.0	1
9.36981	-16.43869	-27.13522	SAX_LV_EPICARDIAL	3	1.0	1
-8.74621	20.01863	-77.34692	SAX_LV_EPICARDIAL	3	1.0	1
-6.57012	22.22817	-77.86681	SAX_LV_EPICARDIAL	3	1.0	1
-4.39404	24.43770	-78.38670	SAX_LV_EPICARDIAL	3	1.0	1
-2.21795	26.64724	-78.90659	SAX_LV_EPICARDIAL	3	1.0	1
-0.04187	28.85678	-79.42648	SAX_LV_EPICARDIAL	3	1.0	1
3.24806	31.06632	-79.08795	SAX_LV_EPICARDIAL	3	1.0	1
6.53800	33.27586	-78.74942	SAX_LV_EPICARDIAL	3	1.0	1
9.29680	34.38063	-77.72173	SAX_LV_EPICARDIAL	3	1.0	1
12.58673	36.59017	-77.38320	SAX_LV_EPICARDIAL	3	1.0	1
15.34554	37.69494	-76.35551	SAX_LV_EPICARDIAL	3	1.0	1
18.10435	38.79971	-75.32782	SAX_LV_EPICARDIAL	3	1.0	1
20.86316	39.90448	-74.30013	SAX_LV_EPICARDIAL	3	1.0	1
23.62197	41.00925	-73.27244	SAX_LV_EPICARDIAL	3	1.0	1
26.38078	42.11402	-72.24475	SAX_LV_EPICARDIAL	3	1.0	1
28.60847	42.11402	-70.52791	SAX_LV_EPICARDIAL	3	1.0	1
30.83616	42.11402	-68.81106	SAX_LV_EPICARDIAL	3	1.0	1
33.06385	42.11402	-67.09422	SAX_LV_EPICARDIAL	3	1.0	1
35.29154	42.11403	-65.37737	SAX_LV_EPICARDIAL	3	1.0	1
37.51922	42.11403	-63.66053	SAX_LV_EPICARDIAL	3	1.0	1
39.21579	41.00926	-61.25452	SAX_LV_EPICARDIAL	3	1.0	1
41.44348	41.00927	-59.53768	SAX_LV_EPICARDIAL	3	1.0	1
43.14005	39.90450	-57.13167	SAX_LV_EPICARDIAL	3	1.0	1
44.83661	38.79973	-54.72567	SAX_LV_EPICARDIAL	3	1.0	1
46.53318	37.69497	-52.31967	SAX_LV_EPICARDIAL	3	1.0	1
47.69863	35.48543	-49.22451	SAX_LV_EPICARDIAL	3	1.0	1
48.28135	34.38067	-47.67693	SAX_LV_EPICARDIAL	3	1.0	1
49.44680	32.17113	-44.58177	SAX_LV_EPICARDIAL	3	1.0	1
49.49840	29.96160	-42.34504	SAX_LV_EPICARDIAL	3	1.0	1
50.66385	27.75206	-39.24988	SAX_LV_EPICARDIAL	3	1.0	1
50.71545	25.54253	-37.01314	SAX_LV_EPICARDIAL	3	1.0	1
50.76705	23.33299	-34.77640	SAX_LV_EPICARDIAL	3	1.0	1
49.70481	21.12345	-33.39809	SAX_LV_EPICARDIAL	3	1.0	1
49.75641	18.91392	-31.16136	SAX_LV_EPICARDIAL	3	1.0	1
48.69417	16.70438	-29.78304	SAX_LV_EPICARDIAL	3	1.0	1
47.63193	14.49485	-28.40473	SAX_LV_EPICARDIAL	3	1.0	1
46.56969	12.28531	-27.02641	SAX_LV_EPICARDIAL	3	1.0	1
45.50745	10.07577	-25.64810	SAX_LV_EPICARDIAL	3	1.0	1
44.44520	7.86624	-24.26979	SAX_LV_EPICARDIAL	3	1.0	1
42.26912	5.65670	-23.74990	SAX_LV_EPICARDIAL	3	1.0	1
41.20688	3.44716	-22.37158	SAX_LV_EPICARDIAL	3	1.0	1
39.03079	1.23762	-21.85169	SAX_LV_EPICARDIAL	3	1.0	1
37.96855	-0.97191	-20.47338	SAX_LV_EPICARDIAL	3	1.0	1
35.79246	-3.18145	-19.95349	SAX_LV_EPICARDIAL	3	1.0	1
33.61638	-5.39099	-19.43360	SAX_LV_EPICARDIAL	3	1.0	1
30.32645	-7.60053	-19.77213	SAX_LV_EPICARDIAL	3	1.0	1
28.15036	-9.81006	-19.25224	SAX_LV_EPICARDIAL	3	1.0	1
25.39155	-10.91483	-20.27993	SAX_LV_EPICARDIAL	3	1.0	1
22.63274	-12.01961	-21.30762	SAX_LV_EPICARDIAL	3	1.0	1
19.34281	-14.22914	-21.64615	SAX_LV_EPICARDIAL	3	1.0	1
17.11512	-14.22915	-23.36300	SAX_LV_EPICARDIAL	3	1.0	1
14.35631	-15.33392	-24.39068	SAX_LV_EPICARDIAL	3	1.0	1
12.12862	-15.33392	-26.10753	SAX_LV_EPICARDIAL	3	1.0	1
7.51844	-8.70532	-36.25143	SAX_LV_ENDOCARDIAL	3	1.0	1
5.82187	-7.60055	-38.65743	SAX_LV_ENDOCARDIAL	3	1.0	1
3.59418	-7.60055	-40.37428	SAX_LV_ENDOCARDIAL	3	1.0	1
1.89762	-6.49579	-42.78028	SAX_LV_ENDOCARDIAL	3	1.0	1
-0.33007	-6.49579	-44.49713	SAX_LV_ENDOCARDIAL	3	1.0	1
-1.49552	-4.28626	-47.59229	SAX_LV_ENDOCARDIAL	3	1.0	1
-3.19209	-3.18149	-49.99829	SAX_LV_ENDOCARDIAL	3	1.0	1
-4.35753	-0.97195	-53.09345	SAX_LV_ENDOCARDIAL	3	1.0	1
-4.40914	1.23758	-55.33018	SAX_LV_ENDOCARDIAL	3	1.0	1
-5.57458	3.44712	-58.42534	SAX_LV_ENDOCARDIAL	3	1.0	1
-5.62618	5.65665	-60.66208	SAX_LV_ENDOCARDIAL	3	1.0	1
-5.67779	7.86619	-62.89881	SAX_LV_ENDOCARDIAL	3	1.0	1
-5.72939	10.07572	-65.13555	SAX_LV_ENDOCARDIAL	3	1.0	1
-4.66715	12.28526	-66.51386	SAX_LV_ENDOCARDIAL	3	1.0	1
-3.60490	14.49479	-67.89218	SAX_LV_ENDOCARDIAL	3	1.0	1
-2.54266	16.70433	-69.27049	SAX_LV_ENDOCARDIAL	3	1.0	1
-1.48042	18.91387	-70.64880	SAX_LV_ENDOCARDIAL	3	1.0	1
-0.41818	21.12340	-72.02712	SAX_LV_ENDOCARDIAL	3	1.0	1
1.75791	23.33294	-72.54701	SAX_LV_ENDOCARDIAL	3	1.0	1
3.93399	25.54248	-73.06690	SAX_LV_ENDOCARDIAL	3	1.0	1
7.22392	27.75202	-72.72837	SAX_LV_ENDOCARDIAL	3	1.0	1
10.51385	29.96156	-72.38983	SAX_LV_ENDOCARDIAL	3	1.0	1
13.80378	32.17110	-72.05130	SAX_LV_ENDOCARDIAL	3	1.0	1
16.56259	33.27587	-71.02361	SAX_LV_ENDOCARDIAL	3	1.0	1
19.32140	34.38064	-69.99592	SAX_LV_ENDOCARDIAL	3	1.0	1
22.08021	35.48541	-68.96824	SAX_LV_ENDOCARDIAL	3	1.0	1
24.30790	35.48541	-67.25139	SAX_LV_ENDOCARDIAL	3	1.0	1
27.06671	36.59018	-66.22370	SAX_LV_ENDOCARDIAL	3	1.0	1
29.29440	36.59018	-64.50686	SAX_LV_ENDOCARDIAL	3	1.0	1
31.52209	36.59018	-62.79001	SAX_LV_ENDOCARDIAL	3	1.0	1
33.74978	36.59019	-61.07316	SAX_LV_ENDOCARDIAL	3	1.0	1
35.44634	35.48542	-58.66716	SAX_LV_ENDOCARDIAL	3	1.0	1
37.67403	35.48542	-56.95032	SAX_LV_ENDOCARDIAL	3	1.0	1
39.37060	34.38066	-54.54431	SAX_LV_ENDOCARDIAL	3	1.0	1
41.06717	33.27589	-52.13831	SAX_LV_ENDOCARDIAL	3	1.0	1
42.76373	32.17112	-49.73231	SAX_LV_ENDOCARDIAL	3	1.0	1
43.92918	29.96159	-46.63715	SAX_LV_ENDOCARDIAL	3	1.0	1
43.98078	27.75205	-44.40041	SAX_LV_ENDOCARDIAL	3	1.0	1
45.14623	25.54252	-41.30526	SAX_LV_ENDOCARDIAL	3	1.0	1
45.19783	23.33299	-39.06852	SAX_LV_ENDOCARDIAL	3	1.0	1
45.24943	21.12345	-36.83178	SAX_LV_ENDOCARDIAL	3	1.0	1
44.18719	18.91391	-35.45347	SAX_LV_ENDOCARDIAL	3	1.0	1
44.23879	16.70438	-33.21673	SAX_LV_ENDOCARDIAL	3	1.0	1
43.17655	14.49484	-31.83842	SAX_LV_ENDOCARDIAL	3	1.0	1
41.00047	12.28530	-31.31853	SAX_LV_ENDOCARDIAL	3	1.0	1
39.93822	10.07577	-29.94022	SAX_LV_ENDOCARDIAL	3	1.0	1
38.87598	7.86623	-28.56190	SAX_LV_ENDOCARDIAL	3	1.0	1
37.81374	5.65669	-27.18359	SAX_LV_ENDOCARDIAL	3	1.0	1
35.63765	3.44716	-26.66370	SAX_LV_ENDOCARDIAL	3	1.0	1
33.46157	1.23762	-26.14381	SAX_LV_ENDOCARDIAL	3	1.0	1
31.28548	-0.97192	-25.62392	SAX_LV_ENDOCARDIAL	3	1.0	1
29.10940	-3.18146	-25.10403	SAX_LV_ENDOCARDIAL	3	1.0	1
25.81947	-5.39100	-25.44256	SAX_LV_ENDOCARDIAL	3	1.0	1
23.06066	-6.49577	-26.47025	SAX_LV_ENDOCARDIAL	3	1.0	1
20.30185	-7.60054	-27.49794	SAX_LV_ENDOCARDIAL	3	1.0	1
17.54304	-8.70531	-28.52562	SAX_LV_ENDOCARDIAL	3	1.0	1
15.31535	-8.70531	-30.24247	SAX_LV_ENDOCARDIAL	3	1.0	1
13.08766	-8.70531	-31.95932	SAX_LV_ENDOCARDIAL	3	1.0	1
10.85997	-8.70531	-33.67616	SAX_LV_ENDOCARDIAL	3	1.0	1
8.63228	-8.70532	-35.39301	SAX_LV_ENDOCARDIAL	3	1.0	1
5.49716	-17.54346	-29.02133	RV_INSERT	3	1.0	1
-15.32607	15.59955	-78.02399	RV_INSERT	3	1.0	1
-38.26231	-32.91358	-75.90723	SAX_RV_FREEWALL	4	1.0	1
-39.95888	-31.80882	-78.31323	SAX_RV_FREEWALL	4	1.0	1
-41.65545	-30.70405	-80.71924	SAX_RV_FREEWALL	4	1.0	1
-43.35202	-29.59929	-83.12524	SAX_RV_FREEWALL	4	1.0	1
-44.51746	-27.38975	-86.22040	SAX_RV_FREEWALL	4	1.0	1
-45.68291	-25.18022	-89.31556	SAX_RV_FREEWALL	4	1.0	1
-45.73451	-22.97068	-91.55229	SAX_RV_FREEWALL	4	1.0	1
-44.67227	-20.76115	-92.93061	SAX_RV_FREEWALL	4	1.0	1
-43.61003	-18.55161	-94.30892	SAX_RV_FREEWALL	4	1.0	1
-41.43394	-16.34207	-94.82881	SAX_RV_FREEWALL	4	1.0	1
-38.14401	-14.13253	-94.49028	SAX_RV_FREEWALL	4	1.0	1
-34.85408	-11.92299	-94.15175	SAX_RV_FREEWALL	4	1.0	1
-31.56415	-9.71345	-93.81321	SAX_RV_FREEWALL	4	1.0	1
-28.27422	-7.50392	-93.47468	SAX_RV_FREEWALL	4	1.0	1
-24.98429	-5.29438	-93.13615	SAX_RV_FREEWALL	4	1.0	1
-21.69436	-3.08484	-92.79762	SAX_RV_FREEWALL	4	1.0	1
-18.93555	-1.98007	-91.76993	SAX_RV_FREEWALL	4	1.0	1
-15.64562	0.22947	-91.43140	SAX_RV_FREEWALL	4	1.0	1
-12.88681	1.33424	-90.40371	SAX_RV_FREEWALL	4	1.0	1
-9.59688	3.54378	-90.06517	SAX_RV_FREEWALL	4	1.0	1
-6.83807	4.64855	-89.03749	SAX_RV_FREEWALL	4	1.0	1
-4.07926	5.75332	-88.00980	SAX_RV_FREEWALL	4	1.0	1
1.09855	-25.18017	-53.26180	SAX_RV_FREEWALL	4	1.0	1
-1.66026	-26.28494	-54.28949	SAX_RV_FREEWALL	4	1.0	1
-4.41907	-27.38971	-55.31718	SAX_RV_FREEWALL	4	1.0	1
-7.17788	-28.49448	-56.34486	SAX_RV_FREEWALL	4	1.0	1
-9.40557	-28.49448	-58.06171	SAX_RV_FREEWALL	4	1.0	1
-12.16438	-29.59925	-59.08940	SAX_RV_FREEWALL	4	1.0	1
-14.92319	-30.70403	-60.11709	SAX_RV_FREEWALL	4	1.0	1
-17.68200	-31.80880	-61.14478	SAX_RV_FREEWALL	4	1.0	1
-19.90968	-31.80880	-62.86162	SAX_RV_FREEWALL	4	1.0	1
-22.66849	-32.91357	-63.88931	SAX_RV_FREEWALL	4	1.0	1
-24.89618	-32.91357	-65.60616	SAX_RV_FREEWALL	4	1.0	1
-27.12387	-32.91357	-67.32300	SAX_RV_FREEWALL	4	1.0	1
-29.35156	-32.91358	-69.03985	SAX_RV_FREEWALL	4	1.0	1
-31.57925	-32.91358	-70.75669	SAX_RV_FREEWALL	4	1.0	1
-33.80694	-32.91358	-72.47354	SAX_RV_FREEWALL	4	1.0	1
-36.03462	-32.91358	-74.19039	SAX_RV_FREEWALL	4	1.0	1
-40.43840	-35.12312	-75.38734	SAX_RV_EPICARDIAL	4	1.0	1
-42.13497	-34.01836	-77.79334	SAX_RV_EPICARDIAL	4	1.0	1
-43.83153	-32.91359	-80.19934	SAX_RV_EPICARDIAL	4	1.0	1
-45.52810	-31.80882	-82.60535	SAX_RV_EPICARDIAL	4	1.0	1
-46.69355	-29.59929	-85.70051	SAX_RV_EPICARDIAL	4	1.0	1
-47.85899	-27.38975	-88.79567	SAX_RV_EPICARDIAL	4	1.0	1
-47.91060	-25.18022	-91.03240	SAX_RV_EPICARDIAL	4	1.0	1
-47.96220	-22.97068	-93.26914	SAX_RV_EPICARDIAL	4	1.0	1
-46.89996	-20.76115	-94.64745	SAX_RV_EPICARDIAL	4	1.0	1
-45.83772	-18.55161	-96.02576	SAX_RV_EPICARDIAL	4	1.0	1
-44.77547	-16.34207	-97.40408	SAX_RV_EPICARDIAL	4	1.0	1
-41.48554	-14.13254	-97.06555	SAX_RV_EPICARDIAL	4	1.0	1
-38.19561	-11.92300	-96.72701	SAX_RV_EPICARDIAL	4	1.0	1
-34.90568	-9.71346	-96.38848	SAX_RV_EPICARDIAL	4	1.0	1
-32.72960	-7.50392	-96.90837	SAX_RV_EPICARDIAL	4	1.0	1
-29.43967	-5.29438	-96.56984	SAX_RV_EPICARDIAL	4	1.0	1
-26.14974	-3.08484	-96.23131	SAX_RV_EPICARDIAL	4	1.0	1
-22.85981	-0.87530	-95.89278	SAX_RV_EPICARDIAL	4	1.0	1
-19.56988	1.33423	-95.55424	SAX_RV_EPICARDIAL	4	1.0	1
-16.81107	2.43901	-94.52655	SAX_RV_EPICARDIAL	4	1.0	1
-14.05226	3.54378	-93.49887	SAX_RV_EPICARDIAL	4	1.0	1
-11.29345	4.64855	-92.47118	SAX_RV_EPICARDIAL	4	1.0	1
-8.53464	5.75332	-91.44349	SAX_RV_EPICARDIAL	4	1.0	1
-5.77583	6.85809	-90.41580	SAX_RV_EPICARDIAL	4	1.0	1
-3.01702	7.96286	-89.38811	SAX_RV_EPICARDIAL	4	1.0	1
-0.25821	9.06763	-88.36042	SAX_RV_EPICARDIAL	4	1.0	1
-0.20661	6.85809	-86.12368	SAX_RV_EPICARDIAL	4	1.0	1
4.38848	-22.97063	-52.92327	SAX_RV_EPICARDIAL	4	1.0	1
5.55393	-25.18017	-49.82811	SAX_RV_EPICARDIAL	4	1.0	1
2.79512	-26.28494	-50.85580	SAX_RV_EPICARDIAL	4	1.0	1
0.03631	-27.38971	-51.88348	SAX_RV_EPICARDIAL	4	1.0	1
-2.72250	-28.49448	-52.91117	SAX_RV_EPICARDIAL	4	1.0	1
-5.48131	-29.59925	-53.93886	SAX_RV_EPICARDIAL	4	1.0	1
-8.24012	-30.70402	-54.96655	SAX_RV_EPICARDIAL	4	1.0	1
-10.99893	-31.80879	-55.99424	SAX_RV_EPICARDIAL	4	1.0	1
-13.75774	-32.91356	-57.02193	SAX_RV_EPICARDIAL	4	1.0	1
-15.98543	-32.91356	-58.73877	SAX_RV_EPICARDIAL	4	1.0	1
-18.74424	-34.01833	-59.76646	SAX_RV_EPICARDIAL	4	1.0	1
-21.50305	-35.12310	-60.79415	SAX_RV_EPICARDIAL	4	1.0	1
-23.73074	-35.12311	-62.51100	SAX_RV_EPICARDIAL	4	1.0	1
-25.95842	-35.12311	-64.22784	SAX_RV_EPICARDIAL	4	1.0	1
-28.18611	-35.12311	-65.94469	SAX_RV_EPICARDIAL	4	1.0	1
-30.41380	-35.12311	-67.66153	SAX_RV_EPICARDIAL	4	1.0	1
-32.64149	-35.12311	-69.37838	SAX_RV_EPICARDIAL	4	1.0	1
-34.86918	-35.12312	-71.09523	SAX_RV_EPICARDIAL	4	1.0	1
-37.09687	-35.12312	-72.81207	SAX_RV_EPICARDIAL	4	1.0	1
-39.32455	-35.12312	-74.52892	SAX_RV_EPICARDIAL	4	1.0	1
-1.85157	5.75332	-86.29295	SAX_RV_SEPTUM	4	1.0	1
-1.26885	4.64856	-84.74537	SAX_RV_SEPTUM	4	1.0	1
-2.33109	2.43902	-83.36706	SAX_RV_SEPTUM	4	1.0	1
-3.39333	0.22948	-81.98874	SAX_RV_SEPTUM	4	1.0	1
-4.45557	-1.98005	-80.61043	SAX_RV_SEPTUM	4	1.0	1
-4.40397	-4.18959	-78.37369	SAX_RV_SEPTUM	4	1.0	1
-5.46621	-6.39913	-76.99538	SAX_RV_SEPTUM	4	1.0	1
-5.41461	-8.60866	-74.75864	SAX_RV_SEPTUM	4	1.0	1
-5.36301	-10.81820	-72.52191	SAX_RV_SEPTUM	4	1.0	1
-4.19756	-13.02773	-69.42675	SAX_RV_SEPTUM	4	1.0	1
-3.03212	-15.23727	-66.33159	SAX_RV_SEPTUM	4	1.0	1
-1.86667	-17.44680	-63.23643	SAX_RV_SEPTUM	4	1.0	1
-0.70122	-19.65633	-60.14127	SAX_RV_SEPTUM	4	1.0	1
0.99534	-20.76110	-57.73527	SAX_RV_SEPTUM	4	1.0	1
2.69191	-21.86587	-55.32927	SAX_RV_SEPTUM	4	1.0	1
4.38848	-22.97063	-52.92327	SAX_RV_SEPTUM	4	1.0	1
3.85736	-24.07540	-52.23411	SAX_RV_SEPTUM	4	1.0	1
7.73001	-22.97063	-50.34800	SAX_LV_EPICARDIAL	4	1.0	1
3.08332	9.06763	-85.78515	SAX_LV_EPICARDIAL	4	1.0	1
4.14556	11.27717	-87.16347	SAX_LV_EPICARDIAL	4	1.0	1
6.32165	13.48671	-87.68336	SAX_LV_EPICARDIAL	4	1.0	1
9.61158	15.69624	-87.34482	SAX_LV_EPICARDIAL	4	1.0	1
11.78767	17.90578	-87.86471	SAX_LV_EPICARDIAL	4	1.0	1
15.07760	20.11532	-87.52618	SAX_LV_EPICARDIAL	4	1.0	1
17.25368	22.32486	-88.04607	SAX_LV_EPICARDIAL	4	1.0	1
20.54361	24.53440	-87.70754	SAX_LV_EPICARDIAL	4	1.0	1
23.30242	25.63917	-86.67985	SAX_LV_EPICARDIAL	4	1.0	1
26.59235	27.84871	-86.34132	SAX_LV_EPICARDIAL	4	1.0	1
28.82004	27.84871	-84.62447	SAX_LV_EPICARDIAL	4	1.0	1
31.57885	28.95348	-83.59679	SAX_LV_EPICARDIAL	4	1.0	1
33.80654	28.95348	-81.87994	SAX_LV_EPICARDIAL	4	1.0	1
36.56535	30.05825	-80.85225	SAX_LV_EPICARDIAL	4	1.0	1
38.79304	30.05825	-79.13541	SAX_LV_EPICARDIAL	4	1.0	1
40.48961	28.95349	-76.72940	SAX_LV_EPICARDIAL	4	1.0	1
42.71729	28.95349	-75.01256	SAX_LV_EPICARDIAL	4	1.0	1
44.94498	28.95349	-73.29571	SAX_LV_EPICARDIAL	4	1.0	1
46.64155	27.84873	-70.88971	SAX_LV_EPICARDIAL	4	1.0	1
47.80700	25.63919	-67.79455	SAX_LV_EPICARDIAL	4	1.0	1
49.50356	24.53443	-65.38855	SAX_LV_EPICARDIAL	4	1.0	1
51.20013	23.42966	-62.98255	SAX_LV_EPICARDIAL	4	1.0	1
52.89670	22.32489	-60.57654	SAX_LV_EPICARDIAL	4	1.0	1
54.06215	20.11536	-57.48138	SAX_LV_EPICARDIAL	4	1.0	1
54.11375	17.90582	-55.24465	SAX_LV_EPICARDIAL	4	1.0	1
54.16535	15.69629	-53.00791	SAX_LV_EPICARDIAL	4	1.0	1
54.21695	13.48675	-50.77118	SAX_LV_EPICARDIAL	4	1.0	1
54.26855	11.27722	-48.53444	SAX_LV_EPICARDIAL	4	1.0	1
53.20631	9.06768	-47.15613	SAX_LV_EPICARDIAL	4	1.0	1
53.25792	6.85815	-44.91939	SAX_LV_EPICARDIAL	4	1.0	1
52.19567	4.64861	-43.54108	SAX_LV_EPICARDIAL	4	1.0	1
51.13343	2.43907	-42.16276	SAX_LV_EPICARDIAL	4	1.0	1
48.95735	0.22954	-41.64287	SAX_LV_EPICARDIAL	4	1.0	1
47.89510	-1.98000	-40.26456	SAX_LV_EPICARDIAL	4	1.0	1
46.83286	-4.18954	-38.88625	SAX_LV_EPICARDIAL	4	1.0	1
44.65678	-6.39908	-38.36635	SAX_LV_EPICARDIAL	4	1.0	1
42.48069	-8.60861	-37.84646	SAX_LV_EPICARDIAL	4	1.0	1
41.41845	-10.81815	-36.46815	SAX_LV_EPICARDIAL	4	1.0	1
38.12852	-13.02769	-36.80668	SAX_LV_EPICARDIAL	4	1.0	1
35.95243	-15.23723	-36.28679	SAX_LV_EPICARDIAL	4	1.0	1
33.19362	-16.34200	-37.31448	SAX_LV_EPICARDIAL	4	1.0	1
29.90369	-18.55154	-37.65301	SAX_LV_EPICARDIAL	4	1.0	1
27.14488	-19.65631	-38.68070	SAX_LV_EPICARDIAL	4	1.0	1
24.38607	-20.76108	-39.70839	SAX_LV_EPICARDIAL	4	1.0	1
21.62726	-21.86585	-40.73608	SAX_LV_EPICARDIAL	4	1.0	1
18.86845	-22.97062	-41.76377	SAX_LV_EPICARDIAL	4	1.0	1
16.64077	-22.97062	-43.48061	SAX_LV_EPICARDIAL	4	1.0	1
14.41308	-22.97062	-45.19746	SAX_LV_EPICARDIAL	4	1.0	1
12.18539	-22.97062	-46.91431	SAX_LV_EPICARDIAL	4	1.0	1
9.95770	-22.97063	-48.63115	SAX_LV_EPICARDIAL	4	1.0	1
14.25827	-16.34202	-51.90767	SAX_LV_ENDOCARDIAL	4	1.0	1
12.56170	-15.23725	-54.31367	SAX_LV_ENDOCARDIAL	4	1.0	1
10.33401	-15.23725	-56.03052	SAX_LV_ENDOCARDIAL	4	1.0	1
8.63745	-14.13249	-58.43652	SAX_LV_ENDOCARDIAL	4	1.0	1
6.94088	-13.02772	-60.84252	SAX_LV_ENDOCARDIAL	4	1.0	1
5.24431	-11.92295	-63.24852	SAX_LV_ENDOCARDIAL	4	1.0	1
4.07886	-9.71342	-66.34368	SAX_LV_ENDOCARDIAL	4	1.0	1
2.91342	-7.50388	-69.43884	SAX_LV_ENDOCARDIAL	4	1.0	1
2.86182	-5.29435	-71.67558	SAX_LV_ENDOCARDIAL	4	1.0	1
3.92406	-3.08481	-73.05389	SAX_LV_ENDOCARDIAL	4	1.0	1
3.87246	-0.87528	-75.29063	SAX_LV_ENDOCARDIAL	4	1.0	1
3.82085	1.33426	-77.52736	SAX_LV_ENDOCARDIAL	4	1.0	1
4.88310	3.54379	-78.90568	SAX_LV_ENDOCARDIAL	4	1.0	1
5.94534	5.75333	-80.28399	SAX_LV_ENDOCARDIAL	4	1.0	1
8.12142	7.96287	-80.80388	SAX_LV_ENDOCARDIAL	4	1.0	1
9.18367	10.17241	-82.18220	SAX_LV_ENDOCARDIAL	4	1.0	1
11.35975	12.38194	-82.70209	SAX_LV_ENDOCARDIAL	4	1.0	1
13.53584	14.59148	-83.22198	SAX_LV_ENDOCARDIAL	4	1.0	1
16.82577	16.80102	-82.88344	SAX_LV_ENDOCARDIAL	4	1.0	1
20.11570	19.01056	-82.54491	SAX_LV_ENDOCARDIAL	4	1.0	1
22.87451	20.11533	-81.51722	SAX_LV_ENDOCARDIAL	4	1.0	1
25.63332	21.22010	-80.48953	SAX_LV_ENDOCARDIAL	4	1.0	1
28.39213	22.32487	-79.46185	SAX_LV_ENDOCARDIAL	4	1.0	1
31.15094	23.42964	-78.43416	SAX_LV_ENDOCARDIAL	4	1.0	1
33.37862	23.42964	-76.71731	SAX_LV_ENDOCARDIAL	4	1.0	1
35.60631	23.42964	-75.00047	SAX_LV_ENDOCARDIAL	4	1.0	1
37.83400	23.42965	-73.28362	SAX_LV_ENDOCARDIAL	4	1.0	1
40.06169	23.42965	-71.56677	SAX_LV_ENDOCARDIAL	4	1.0	1
42.28938	23.42965	-69.84993	SAX_LV_ENDOCARDIAL	4	1.0	1
43.98595	22.32489	-67.44393	SAX_LV_ENDOCARDIAL	4	1.0	1
45.15139	20.11535	-64.34877	SAX_LV_ENDOCARDIAL	4	1.0	1
46.84796	19.01058	-61.94276	SAX_LV_ENDOCARDIAL	4	1.0	1
48.01341	16.80105	-58.84761	SAX_LV_ENDOCARDIAL	4	1.0	1
48.06501	14.59152	-56.61087	SAX_LV_ENDOCARDIAL	4	1.0	1
48.11661	12.38198	-54.37413	SAX_LV_ENDOCARDIAL	4	1.0	1
48.16821	10.17244	-52.13740	SAX_LV_ENDOCARDIAL	4	1.0	1
48.21981	7.96291	-49.90066	SAX_LV_ENDOCARDIAL	4	1.0	1
47.15757	5.75337	-48.52235	SAX_LV_ENDOCARDIAL	4	1.0	1
46.09533	3.54384	-47.14403	SAX_LV_ENDOCARDIAL	4	1.0	1
45.03309	1.33430	-45.76572	SAX_LV_ENDOCARDIAL	4	1.0	1
42.85700	-0.87524	-45.24583	SAX_LV_ENDOCARDIAL	4	1.0	1
41.79476	-3.08478	-43.86752	SAX_LV_ENDOCARDIAL	4	1.0	1
39.61868	-5.29431	-43.34763	SAX_LV_ENDOCARDIAL	4	1.0	1
37.44259	-7.50385	-42.82773	SAX_LV_ENDOCARDIAL	4	1.0	1
34.15266	-9.71339	-43.16627	SAX_LV_ENDOCARDIAL	4	1.0	1
30.86273	-11.92293	-43.50480	SAX_LV_ENDOCARDIAL	4	1.0	1
27.57280	-14.13247	-43.84333	SAX_LV_ENDOCARDIAL	4	1.0	1
24.81399	-15.23724	-44.87102	SAX_LV_ENDOCARDIAL	4	1.0	1
22.05518	-16.34201	-45.89871	SAX_LV_ENDOCARDIAL	4	1.0	1
19.82749	-16.34201	-47.61555	SAX_LV_ENDOCARDIAL	4	1.0	1
17.59980	-16.34201	-49.33240	SAX_LV_ENDOCARDIAL	4	1.0	1
15.37211	-16.34201	-51.04925	SAX_LV_ENDOCARDIAL	4	1.0	1
-1.85157	5.75332	-86.29295	RV_INSERT	4	1.0	1
3.85736	-24.07540	-52.23411	RV_INSERT	4	1.0	1
-16.18668	-29.50259	-90.72973	SAX_RV_FREEWALL	5	1.0	1
-17.88324	-28.39782	-93.13573	SAX_RV_FREEWALL	5	1.0	1
-19.57981	-27.29306	-95.54174	SAX_RV_FREEWALL	5	1.0	1
-20.16253	-26.18829	-97.08932	SAX_RV_FREEWALL	5	1.0	1
-19.10029	-23.97875	-98.46763	SAX_RV_FREEWALL	5	1.0	1
-16.92421	-21.76922	-98.98752	SAX_RV_FREEWALL	5	1.0	1
-14.74812	-19.55968	-99.50741	SAX_RV_FREEWALL	5	1.0	1
-11.45819	-17.35014	-99.16888	SAX_RV_FREEWALL	5	1.0	1
-9.28210	-15.14060	-99.68877	SAX_RV_FREEWALL	5	1.0	1
-5.99217	-12.93106	-99.35024	SAX_RV_FREEWALL	5	1.0	1
-2.70224	-10.72152	-99.01170	SAX_RV_FREEWALL	5	1.0	1
0.58769	-8.51199	-98.67317	SAX_RV_FREEWALL	5	1.0	1
3.34650	-7.40722	-97.64548	SAX_RV_FREEWALL	5	1.0	1
6.10531	-6.30244	-96.61779	SAX_RV_FREEWALL	5	1.0	1
8.86412	-5.19767	-95.59011	SAX_RV_FREEWALL	5	1.0	1
11.09180	-5.19767	-93.87326	SAX_RV_FREEWALL	5	1.0	1
9.32854	-25.08349	-75.45948	SAX_RV_FREEWALL	5	1.0	1
7.10085	-25.08350	-77.17632	SAX_RV_FREEWALL	5	1.0	1
4.87316	-25.08350	-78.89317	SAX_RV_FREEWALL	5	1.0	1
2.64547	-25.08350	-80.61002	SAX_RV_FREEWALL	5	1.0	1
-0.11334	-26.18827	-81.63770	SAX_RV_FREEWALL	5	1.0	1
-2.34103	-26.18827	-83.35455	SAX_RV_FREEWALL	5	1.0	1
-5.09984	-27.29304	-84.38224	SAX_RV_FREEWALL	5	1.0	1
-7.85864	-28.39781	-85.40993	SAX_RV_FREEWALL	5	1.0	1
-10.61745	-29.50258	-86.43762	SAX_RV_FREEWALL	5	1.0	1
-12.84514	-29.50259	-88.15446	SAX_RV_FREEWALL	5	1.0	1
-15.07283	-29.50259	-89.87131	SAX_RV_FREEWALL	5	1.0	1
-17.78004	-32.81689	-88.66226	SAX_RV_EPICARDIAL	5	1.0	1
-19.47661	-31.71213	-91.06826	SAX_RV_EPICARDIAL	5	1.0	1
-21.70429	-31.71213	-92.78511	SAX_RV_EPICARDIAL	5	1.0	1
-23.40086	-30.60736	-95.19111	SAX_RV_EPICARDIAL	5	1.0	1
-23.45246	-28.39783	-97.42785	SAX_RV_EPICARDIAL	5	1.0	1
-22.39022	-26.18829	-98.80616	SAX_RV_EPICARDIAL	5	1.0	1
-22.44182	-23.97876	-101.04290	SAX_RV_EPICARDIAL	5	1.0	1
-20.26574	-21.76922	-101.56279	SAX_RV_EPICARDIAL	5	1.0	1
-16.97581	-19.55968	-101.22426	SAX_RV_EPICARDIAL	5	1.0	1
-14.79972	-17.35014	-101.74415	SAX_RV_EPICARDIAL	5	1.0	1
-11.50979	-15.14060	-101.40561	SAX_RV_EPICARDIAL	5	1.0	1
-9.33371	-12.93107	-101.92550	SAX_RV_EPICARDIAL	5	1.0	1
-6.04378	-10.72153	-101.58697	SAX_RV_EPICARDIAL	5	1.0	1
-2.75384	-8.51199	-101.24844	SAX_RV_EPICARDIAL	5	1.0	1
0.00496	-7.40722	-100.22075	SAX_RV_EPICARDIAL	5	1.0	1
3.29489	-5.19768	-99.88222	SAX_RV_EPICARDIAL	5	1.0	1
6.05370	-4.09291	-98.85453	SAX_RV_EPICARDIAL	5	1.0	1
8.81251	-2.98814	-97.82684	SAX_RV_EPICARDIAL	5	1.0	1
11.04020	-2.98814	-96.11000	SAX_RV_EPICARDIAL	5	1.0	1
13.26789	-2.98813	-94.39315	SAX_RV_EPICARDIAL	5	1.0	1
12.20565	-5.19767	-93.01484	SAX_RV_EPICARDIAL	5	1.0	1
13.20119	-23.97872	-73.57337	SAX_RV_EPICARDIAL	5	1.0	1
13.25279	-26.18826	-71.33663	SAX_RV_EPICARDIAL	5	1.0	1
11.02510	-26.18826	-73.05348	SAX_RV_EPICARDIAL	5	1.0	1
8.26630	-27.29303	-74.08117	SAX_RV_EPICARDIAL	5	1.0	1
6.03861	-27.29303	-75.79801	SAX_RV_EPICARDIAL	5	1.0	1
3.81092	-27.29303	-77.51486	SAX_RV_EPICARDIAL	5	1.0	1
1.05211	-28.39780	-78.54255	SAX_RV_EPICARDIAL	5	1.0	1
-1.17558	-28.39781	-80.25939	SAX_RV_EPICARDIAL	5	1.0	1
-3.93439	-29.50258	-81.28708	SAX_RV_EPICARDIAL	5	1.0	1
-6.69320	-30.60735	-82.31477	SAX_RV_EPICARDIAL	5	1.0	1
-8.92089	-30.60735	-84.03161	SAX_RV_EPICARDIAL	5	1.0	1
-11.67970	-31.71212	-85.05930	SAX_RV_EPICARDIAL	5	1.0	1
-14.43851	-32.81689	-86.08699	SAX_RV_EPICARDIAL	5	1.0	1
-16.66619	-32.81689	-87.80384	SAX_RV_EPICARDIAL	5	1.0	1
12.78837	-6.30244	-91.46726	SAX_RV_SEPTUM	5	1.0	1
11.72613	-8.51197	-90.08894	SAX_RV_SEPTUM	5	1.0	1
10.66389	-10.72151	-88.71063	SAX_RV_SEPTUM	5	1.0	1
9.60165	-12.93105	-87.33232	SAX_RV_SEPTUM	5	1.0	1
9.65325	-15.14058	-85.09558	SAX_RV_SEPTUM	5	1.0	1
9.70485	-17.35012	-82.85884	SAX_RV_SEPTUM	5	1.0	1
10.87030	-19.55965	-79.76369	SAX_RV_SEPTUM	5	1.0	1
10.92190	-21.76919	-77.52695	SAX_RV_SEPTUM	5	1.0	1
12.61847	-22.87395	-75.12095	SAX_RV_SEPTUM	5	1.0	1
12.08735	-23.97872	-74.43179	SAX_RV_SEPTUM	5	1.0	1
18.82201	-26.18825	-67.04452	SAX_LV_EPICARDIAL	5	1.0	1
17.12545	-25.08349	-69.45052	SAX_LV_EPICARDIAL	5	1.0	1
15.42888	-23.97872	-71.85652	SAX_LV_EPICARDIAL	5	1.0	1
16.02670	-1.88336	-93.36546	SAX_LV_EPICARDIAL	5	1.0	1
18.20279	0.32617	-93.88535	SAX_LV_EPICARDIAL	5	1.0	1
20.37887	2.53571	-94.40524	SAX_LV_EPICARDIAL	5	1.0	1
23.66880	4.74525	-94.06671	SAX_LV_EPICARDIAL	5	1.0	1
26.95873	6.95479	-93.72818	SAX_LV_EPICARDIAL	5	1.0	1
29.71754	8.05956	-92.70049	SAX_LV_EPICARDIAL	5	1.0	1
32.47635	9.16433	-91.67280	SAX_LV_EPICARDIAL	5	1.0	1
35.23516	10.26910	-90.64511	SAX_LV_EPICARDIAL	5	1.0	1
37.46285	10.26910	-88.92827	SAX_LV_EPICARDIAL	5	1.0	1
40.22166	11.37387	-87.90058	SAX_LV_EPICARDIAL	5	1.0	1
42.44935	11.37388	-86.18373	SAX_LV_EPICARDIAL	5	1.0	1
44.67704	11.37388	-84.46689	SAX_LV_EPICARDIAL	5	1.0	1
46.37360	10.26911	-82.06088	SAX_LV_EPICARDIAL	5	1.0	1
48.07017	9.16435	-79.65488	SAX_LV_EPICARDIAL	5	1.0	1
50.29786	9.16435	-77.93804	SAX_LV_EPICARDIAL	5	1.0	1
51.99443	8.05958	-75.53203	SAX_LV_EPICARDIAL	5	1.0	1
53.15987	5.85005	-72.43687	SAX_LV_EPICARDIAL	5	1.0	1
54.32532	3.64051	-69.34171	SAX_LV_EPICARDIAL	5	1.0	1
54.37692	1.43098	-67.10498	SAX_LV_EPICARDIAL	5	1.0	1
54.42852	-0.77856	-64.86824	SAX_LV_EPICARDIAL	5	1.0	1
54.48013	-2.98809	-62.63151	SAX_LV_EPICARDIAL	5	1.0	1
53.41788	-5.19763	-61.25319	SAX_LV_EPICARDIAL	5	1.0	1
52.35564	-7.40717	-59.87488	SAX_LV_EPICARDIAL	5	1.0	1
51.29340	-9.61670	-58.49657	SAX_LV_EPICARDIAL	5	1.0	1
50.23116	-11.82624	-57.11825	SAX_LV_EPICARDIAL	5	1.0	1
48.05507	-14.03578	-56.59836	SAX_LV_EPICARDIAL	5	1.0	1
45.87899	-16.24532	-56.07847	SAX_LV_EPICARDIAL	5	1.0	1
43.70290	-18.45485	-55.55858	SAX_LV_EPICARDIAL	5	1.0	1
41.52681	-20.66439	-55.03869	SAX_LV_EPICARDIAL	5	1.0	1
38.76801	-21.76916	-56.06638	SAX_LV_EPICARDIAL	5	1.0	1
35.47808	-23.97870	-56.40491	SAX_LV_EPICARDIAL	5	1.0	1
32.71927	-25.08347	-57.43260	SAX_LV_EPICARDIAL	5	1.0	1
30.49158	-25.08347	-59.14945	SAX_LV_EPICARDIAL	5	1.0	1
27.73277	-26.18824	-60.17713	SAX_LV_EPICARDIAL	5	1.0	1
25.50508	-26.18825	-61.89398	SAX_LV_EPICARDIAL	5	1.0	1
23.27739	-26.18825	-63.61083	SAX_LV_EPICARDIAL	5	1.0	1
21.04970	-26.18825	-65.32767	SAX_LV_EPICARDIAL	5	1.0	1
22.59146	-20.66441	-69.63188	SAX_LV_ENDOCARDIAL	5	1.0	1
20.89490	-19.55964	-72.03788	SAX_LV_ENDOCARDIAL	5	1.0	1
19.72945	-17.35011	-75.13304	SAX_LV_ENDOCARDIAL	5	1.0	1
18.03288	-16.24534	-77.53904	SAX_LV_ENDOCARDIAL	5	1.0	1
16.86743	-14.03581	-80.63420	SAX_LV_ENDOCARDIAL	5	1.0	1
16.81583	-11.82627	-82.87094	SAX_LV_ENDOCARDIAL	5	1.0	1
16.76423	-9.61674	-85.10767	SAX_LV_ENDOCARDIAL	5	1.0	1
17.82647	-7.40720	-86.48599	SAX_LV_ENDOCARDIAL	5	1.0	1
18.88871	-5.19766	-87.86430	SAX_LV_ENDOCARDIAL	5	1.0	1
19.95096	-2.98813	-89.24261	SAX_LV_ENDOCARDIAL	5	1.0	1
23.24089	-0.77859	-88.90408	SAX_LV_ENDOCARDIAL	5	1.0	1
25.41697	1.43095	-89.42397	SAX_LV_ENDOCARDIAL	5	1.0	1
28.17578	2.53572	-88.39628	SAX_LV_ENDOCARDIAL	5	1.0	1
31.46571	4.74526	-88.05775	SAX_LV_ENDOCARDIAL	5	1.0	1
33.69340	4.74526	-86.34090	SAX_LV_ENDOCARDIAL	5	1.0	1
36.45221	5.85003	-85.31322	SAX_LV_ENDOCARDIAL	5	1.0	1
38.67990	5.85003	-83.59637	SAX_LV_ENDOCARDIAL	5	1.0	1
40.90759	5.85004	-81.87952	SAX_LV_ENDOCARDIAL	5	1.0	1
43.13527	5.85004	-80.16268	SAX_LV_ENDOCARDIAL	5	1.0	1
44.83184	4.74527	-77.75668	SAX_LV_ENDOCARDIAL	5	1.0	1
46.52841	3.64051	-75.35067	SAX_LV_ENDOCARDIAL	5	1.0	1
47.69386	1.43097	-72.25552	SAX_LV_ENDOCARDIAL	5	1.0	1
48.85930	-0.77856	-69.16036	SAX_LV_ENDOCARDIAL	5	1.0	1
48.91091	-2.98810	-66.92362	SAX_LV_ENDOCARDIAL	5	1.0	1
47.84866	-5.19764	-65.54531	SAX_LV_ENDOCARDIAL	5	1.0	1
46.78642	-7.40717	-64.16699	SAX_LV_ENDOCARDIAL	5	1.0	1
45.72418	-9.61671	-62.78868	SAX_LV_ENDOCARDIAL	5	1.0	1
43.54809	-11.82625	-62.26879	SAX_LV_ENDOCARDIAL	5	1.0	1
41.37201	-14.03578	-61.74890	SAX_LV_ENDOCARDIAL	5	1.0	1
38.08208	-16.24532	-62.08743	SAX_LV_ENDOCARDIAL	5	1.0	1
36.43711	-17.35009	-62.25670	SAX_LV_ENDOCARDIAL	5	1.0	1
33.14718	-19.55963	-62.59523	SAX_LV_ENDOCARDIAL	5	1.0	1
30.91949	-19.55963	-64.31207	SAX_LV_ENDOCARDIAL	5	1.0	1
28.16068	-20.66440	-65.33976	SAX_LV_ENDOCARDIAL	5	1.0	1
25.93300	-20.66441	-67.05661	SAX_LV_ENDOCARDIAL	5	1.0	1
23.70531	-20.66441	-68.77345	SAX_LV_ENDOCARDIAL	5	1.0	1
9.32854	-25.08349	-75.45948	RV_INSERT	5	1.0	1
11.09180	-5.19767	-93.87326	RV_INSERT	5	1.0	1
7.05541	-28.30213	-102.45707	SAX_RV_FREEWALL	6	1.0	1
7.00381	-26.09259	-104.69381	SAX_RV_FREEWALL	6	1.0	1
6.95220	-23.88306	-106.93054	SAX_RV_FREEWALL	6	1.0	1
6.90060	-21.67352	-109.16728	SAX_RV_FREEWALL	6	1.0	1
9.07669	-19.46399	-109.68717	SAX_RV_FREEWALL	6	1.0	1
11.83550	-18.35922	-108.65948	SAX_RV_FREEWALL	6	1.0	1
14.59431	-17.25444	-107.63179	SAX_RV_FREEWALL	6	1.0	1
17.35312	-16.14967	-106.60411	SAX_RV_FREEWALL	6	1.0	1
18.99808	-15.04490	-106.43484	SAX_RV_FREEWALL	6	1.0	1
21.75689	-13.94013	-105.40715	SAX_RV_FREEWALL	6	1.0	1
17.61113	-27.19735	-95.42042	SAX_RV_FREEWALL	6	1.0	1
14.85232	-28.30212	-96.44811	SAX_RV_FREEWALL	6	1.0	1
12.62463	-28.30212	-98.16496	SAX_RV_FREEWALL	6	1.0	1
10.39694	-28.30213	-99.88180	SAX_RV_FREEWALL	6	1.0	1
8.16925	-28.30213	-101.59865	SAX_RV_FREEWALL	6	1.0	1
7.10701	-30.51167	-100.22034	SAX_RV_EPICARDIAL	6	1.0	1
5.41044	-29.40690	-102.62634	SAX_RV_EPICARDIAL	6	1.0	1
3.71388	-28.30213	-105.03234	SAX_RV_EPICARDIAL	6	1.0	1
3.66227	-26.09260	-107.26908	SAX_RV_EPICARDIAL	6	1.0	1
3.61067	-23.88306	-109.50581	SAX_RV_EPICARDIAL	6	1.0	1
4.67291	-21.67353	-110.88413	SAX_RV_EPICARDIAL	6	1.0	1
6.84900	-19.46399	-111.40402	SAX_RV_EPICARDIAL	6	1.0	1
8.49396	-18.35922	-111.23475	SAX_RV_EPICARDIAL	6	1.0	1
11.78389	-16.14968	-110.89622	SAX_RV_EPICARDIAL	6	1.0	1
14.54270	-15.04491	-109.86853	SAX_RV_EPICARDIAL	6	1.0	1
16.77039	-15.04491	-108.15168	SAX_RV_EPICARDIAL	6	1.0	1
18.99808	-15.04490	-106.43484	SAX_RV_EPICARDIAL	6	1.0	1
21.75689	-13.94013	-105.40715	SAX_RV_EPICARDIAL	6	1.0	1
21.48378	-26.09258	-93.53431	SAX_RV_EPICARDIAL	6	1.0	1
21.53538	-28.30212	-91.29758	SAX_RV_EPICARDIAL	6	1.0	1
19.30770	-28.30212	-93.01442	SAX_RV_EPICARDIAL	6	1.0	1
16.54889	-29.40689	-94.04211	SAX_RV_EPICARDIAL	6	1.0	1
14.32120	-29.40689	-95.75896	SAX_RV_EPICARDIAL	6	1.0	1
11.56239	-30.51166	-96.78664	SAX_RV_EPICARDIAL	6	1.0	1
9.33470	-30.51166	-98.50349	SAX_RV_EPICARDIAL	6	1.0	1
24.51570	-12.83536	-104.37946	SAX_RV_SEPTUM	6	1.0	1
23.45346	-15.04490	-103.00115	SAX_RV_SEPTUM	6	1.0	1
22.39122	-17.25444	-101.62283	SAX_RV_SEPTUM	6	1.0	1
20.21513	-19.46397	-101.10294	SAX_RV_SEPTUM	6	1.0	1
20.26673	-21.67351	-98.86621	SAX_RV_SEPTUM	6	1.0	1
21.43218	-23.88304	-95.77105	SAX_RV_SEPTUM	6	1.0	1
20.36994	-26.09258	-94.39273	SAX_RV_SEPTUM	6	1.0	1
27.15621	-30.51165	-84.76873	SAX_LV_EPICARDIAL	6	1.0	1
25.45964	-29.40688	-87.17473	SAX_LV_EPICARDIAL	6	1.0	1
23.76307	-28.30211	-89.58073	SAX_LV_EPICARDIAL	6	1.0	1
31.09556	-8.41629	-103.70240	SAX_LV_EPICARDIAL	6	1.0	1
33.85437	-7.31152	-102.67471	SAX_LV_EPICARDIAL	6	1.0	1
36.61318	-6.20675	-101.64702	SAX_LV_EPICARDIAL	6	1.0	1
38.84087	-6.20674	-99.93017	SAX_LV_EPICARDIAL	6	1.0	1
41.59968	-5.10197	-98.90248	SAX_LV_EPICARDIAL	6	1.0	1
43.29624	-6.20674	-96.49648	SAX_LV_EPICARDIAL	6	1.0	1
45.52393	-6.20674	-94.77964	SAX_LV_EPICARDIAL	6	1.0	1
47.22050	-7.31150	-92.37363	SAX_LV_EPICARDIAL	6	1.0	1
48.91707	-8.41627	-89.96763	SAX_LV_EPICARDIAL	6	1.0	1
50.08251	-10.62580	-86.87247	SAX_LV_EPICARDIAL	6	1.0	1
50.13412	-12.83534	-84.63574	SAX_LV_EPICARDIAL	6	1.0	1
49.07188	-15.04488	-83.25742	SAX_LV_EPICARDIAL	6	1.0	1
49.12348	-17.25441	-81.02069	SAX_LV_EPICARDIAL	6	1.0	1
48.06124	-19.46395	-79.64237	SAX_LV_EPICARDIAL	6	1.0	1
45.88515	-21.67348	-79.12248	SAX_LV_EPICARDIAL	6	1.0	1
44.82291	-23.88302	-77.74417	SAX_LV_EPICARDIAL	6	1.0	1
42.64682	-26.09256	-77.22428	SAX_LV_EPICARDIAL	6	1.0	1
39.35689	-28.30210	-77.56281	SAX_LV_EPICARDIAL	6	1.0	1
36.59808	-29.40687	-78.59050	SAX_LV_EPICARDIAL	6	1.0	1
34.37039	-29.40687	-80.30735	SAX_LV_EPICARDIAL	6	1.0	1
31.61158	-30.51164	-81.33503	SAX_LV_EPICARDIAL	6	1.0	1
29.38390	-30.51164	-83.05188	SAX_LV_EPICARDIAL	6	1.0	1
29.28069	-26.09257	-87.52535	SAX_LV_ENDOCARDIAL	6	1.0	1
27.58412	-24.98781	-89.93135	SAX_LV_ENDOCARDIAL	6	1.0	1
27.53252	-22.77827	-92.16809	SAX_LV_ENDOCARDIAL	6	1.0	1
27.48092	-20.56874	-94.40483	SAX_LV_ENDOCARDIAL	6	1.0	1
27.42932	-18.35920	-96.64156	SAX_LV_ENDOCARDIAL	6	1.0	1
28.49156	-16.14966	-98.01988	SAX_LV_ENDOCARDIAL	6	1.0	1
29.55380	-13.94013	-99.39819	SAX_LV_ENDOCARDIAL	6	1.0	1
31.72989	-11.73059	-99.91808	SAX_LV_ENDOCARDIAL	6	1.0	1
35.01982	-9.52105	-99.57955	SAX_LV_ENDOCARDIAL	6	1.0	1
37.24750	-9.52105	-97.86270	SAX_LV_ENDOCARDIAL	6	1.0	1
39.47519	-9.52105	-96.14586	SAX_LV_ENDOCARDIAL	6	1.0	1
41.70288	-9.52104	-94.42901	SAX_LV_ENDOCARDIAL	6	1.0	1
43.39945	-10.62581	-92.02301	SAX_LV_ENDOCARDIAL	6	1.0	1
43.45105	-12.83535	-89.78627	SAX_LV_ENDOCARDIAL	6	1.0	1
43.50265	-15.04488	-87.54954	SAX_LV_ENDOCARDIAL	6	1.0	1
43.55426	-17.25442	-85.31280	SAX_LV_ENDOCARDIAL	6	1.0	1
42.49201	-19.46395	-83.93449	SAX_LV_ENDOCARDIAL	6	1.0	1
41.42977	-21.67349	-82.55617	SAX_LV_ENDOCARDIAL	6	1.0	1
39.25369	-23.88303	-82.03628	SAX_LV_ENDOCARDIAL	6	1.0	1
36.49488	-24.98780	-83.06397	SAX_LV_ENDOCARDIAL	6	1.0	1
33.73607	-26.09257	-84.09166	SAX_LV_ENDOCARDIAL	6	1.0	1
31.50838	-26.09257	-85.80851	SAX_LV_ENDOCARDIAL	6	1.0	1
24.51570	-12.83536	-104.37946	RV_INSERT	6	1.0	1
20.36994	-26.09258	-94.39273	RV_INSERT	6	1.0	1
7.46111	20.28374	-17.11360	LAX_LV_ENDOCARDIAL	9	1.0	1
9.26390	18.11540	-18.50498	LAX_LV_ENDOCARDIAL	9	1.0	1
11.01165	15.91191	-18.49164	LAX_LV_ENDOCARDIAL	9	1.0	1
12.81444	13.74358	-19.88302	LAX_LV_ENDOCARDIAL	9	1.0	1
14.61723	11.57524	-21.27441	LAX_LV_ENDOCARDIAL	9	1.0	1
16.36498	9.37176	-21.26106	LAX_LV_ENDOCARDIAL	9	1.0	1
18.16777	7.20342	-22.65245	LAX_LV_ENDOCARDIAL	9	1.0	1
19.91551	4.99994	-22.63911	LAX_LV_ENDOCARDIAL	9	1.0	1
21.66326	2.79645	-22.62576	LAX_LV_ENDOCARDIAL	9	1.0	1
23.46605	0.62811	-24.01715	LAX_LV_ENDOCARDIAL	9	1.0	1
25.21380	-1.57537	-24.00380	LAX_LV_ENDOCARDIAL	9	1.0	1
27.07163	-3.70856	-26.79992	LAX_LV_ENDOCARDIAL	9	1.0	1
28.92947	-5.84174	-29.59604	LAX_LV_ENDOCARDIAL	9	1.0	1
30.78731	-7.97492	-32.39216	LAX_LV_ENDOCARDIAL	9	1.0	1
30.89740	-7.90462	-35.20162	LAX_LV_ENDOCARDIAL	9	1.0	1
31.00748	-7.83432	-38.01109	LAX_LV_ENDOCARDIAL	9	1.0	1
31.99145	-8.86576	-40.81388	LAX_LV_ENDOCARDIAL	9	1.0	1
32.97541	-9.89719	-43.61667	LAX_LV_ENDOCARDIAL	9	1.0	1
33.95937	-10.92863	-46.41947	LAX_LV_ENDOCARDIAL	9	1.0	1
34.94333	-11.96007	-49.22226	LAX_LV_ENDOCARDIAL	9	1.0	1
35.92730	-12.99151	-52.02505	LAX_LV_ENDOCARDIAL	9	1.0	1
36.91126	-14.02295	-54.82784	LAX_LV_ENDOCARDIAL	9	1.0	1
37.89522	-15.05439	-57.63064	LAX_LV_ENDOCARDIAL	9	1.0	1
38.87918	-16.08583	-60.43343	LAX_LV_ENDOCARDIAL	9	1.0	1
38.98927	-16.01553	-63.24289	LAX_LV_ENDOCARDIAL	9	1.0	1
39.97324	-17.04697	-66.04569	LAX_LV_ENDOCARDIAL	9	1.0	1
40.95720	-18.07841	-68.84848	LAX_LV_ENDOCARDIAL	9	1.0	1
41.06729	-18.00810	-71.65794	LAX_LV_ENDOCARDIAL	9	1.0	1
42.05125	-19.03954	-74.46074	LAX_LV_ENDOCARDIAL	9	1.0	1
42.16134	-18.96924	-77.27020	LAX_LV_ENDOCARDIAL	9	1.0	1
42.27143	-18.89894	-80.07967	LAX_LV_ENDOCARDIAL	9	1.0	1
43.25539	-19.93038	-82.88246	LAX_LV_ENDOCARDIAL	9	1.0	1
43.36548	-19.86007	-85.69193	LAX_LV_ENDOCARDIAL	9	1.0	1
42.60169	-18.68803	-88.50806	LAX_LV_ENDOCARDIAL	9	1.0	1
42.71178	-18.61772	-91.31753	LAX_LV_ENDOCARDIAL	9	1.0	1
41.94800	-17.44567	-94.13367	LAX_LV_ENDOCARDIAL	9	1.0	1
41.18422	-16.27363	-96.94981	LAX_LV_ENDOCARDIAL	9	1.0	1
39.54656	-13.99984	-99.77262	LAX_LV_ENDOCARDIAL	9	1.0	1
37.79881	-11.79635	-99.78596	LAX_LV_ENDOCARDIAL	9	1.0	1
36.05106	-9.59286	-99.79931	LAX_LV_ENDOCARDIAL	9	1.0	1
34.24827	-7.42453	-98.40792	LAX_LV_ENDOCARDIAL	9	1.0	1
32.44548	-5.25619	-97.01653	LAX_LV_ENDOCARDIAL	9	1.0	1
30.64269	-3.08786	-95.62515	LAX_LV_ENDOCARDIAL	9	1.0	1
28.83990	-0.91952	-94.23376	LAX_LV_ENDOCARDIAL	9	1.0	1
27.03711	1.24881	-92.84237	LAX_LV_ENDOCARDIAL	9	1.0	1
25.23432	3.41715	-91.45099	LAX_LV_ENDOCARDIAL	9	1.0	1
23.43153	5.58548	-90.05960	LAX_LV_ENDOCARDIAL	9	1.0	1
21.62874	7.75382	-88.66821	LAX_LV_ENDOCARDIAL	9	1.0	1
19.82594	9.92215	-87.27683	LAX_LV_ENDOCARDIAL	9	1.0	1
18.02315	12.09049	-85.88544	LAX_LV_ENDOCARDIAL	9	1.0	1
16.22036	14.25882	-84.49405	LAX_LV_ENDOCARDIAL	9	1.0	1
14.47262	16.46231	-84.50740	LAX_LV_ENDOCARDIAL	9	1.0	1
12.66982	18.63064	-83.11601	LAX_LV_ENDOCARDIAL	9	1.0	1
10.86703	20.79898	-81.72462	LAX_LV_ENDOCARDIAL	9	1.0	1
9.00920	22.93216	-78.92850	LAX_LV_ENDOCARDIAL	9	1.0	1
7.20641	25.10050	-77.53712	LAX_LV_ENDOCARDIAL	9	1.0	1
5.40362	27.26883	-76.14573	LAX_LV_ENDOCARDIAL	9	1.0	1
3.60082	29.43717	-74.75434	LAX_LV_ENDOCARDIAL	9	1.0	1
1.79803	31.60550	-73.36296	LAX_LV_ENDOCARDIAL	9	1.0	1
-0.05980	33.73869	-70.56684	LAX_LV_ENDOCARDIAL	9	1.0	1
-1.91764	35.87187	-67.77072	LAX_LV_ENDOCARDIAL	9	1.0	1
-2.90160	36.90331	-64.96793	LAX_LV_ENDOCARDIAL	9	1.0	1
-4.75944	39.03649	-62.17181	LAX_LV_ENDOCARDIAL	9	1.0	1
-5.74340	40.06793	-59.36901	LAX_LV_ENDOCARDIAL	9	1.0	1
-6.72736	41.09937	-56.56622	LAX_LV_ENDOCARDIAL	9	1.0	1
-7.71132	42.13081	-53.76343	LAX_LV_ENDOCARDIAL	9	1.0	1
5.71336	22.48722	-17.12694	LAX_LV_ENDOCARDIAL	9	1.0	1
11.61030	14.63441	-11.46130	LAX_LV_EPICARDIAL	9	1.0	1
13.41309	12.46608	-12.85269	LAX_LV_EPICARDIAL	9	1.0	1
15.16084	10.26259	-12.83934	LAX_LV_EPICARDIAL	9	1.0	1
16.90858	8.05910	-12.82600	LAX_LV_EPICARDIAL	9	1.0	1
18.71137	5.89077	-14.21738	LAX_LV_EPICARDIAL	9	1.0	1
20.51417	3.72243	-15.60877	LAX_LV_EPICARDIAL	9	1.0	1
22.26191	1.51895	-15.59542	LAX_LV_EPICARDIAL	9	1.0	1
24.06470	-0.64939	-16.98681	LAX_LV_EPICARDIAL	9	1.0	1
25.86749	-2.81772	-18.37820	LAX_LV_EPICARDIAL	9	1.0	1
27.67029	-4.98606	-19.76958	LAX_LV_EPICARDIAL	9	1.0	1
29.52812	-7.11924	-22.56570	LAX_LV_EPICARDIAL	9	1.0	1
31.38596	-9.25243	-25.36182	LAX_LV_EPICARDIAL	9	1.0	1
32.36992	-10.28387	-28.16462	LAX_LV_EPICARDIAL	9	1.0	1
34.22775	-12.41705	-30.96073	LAX_LV_EPICARDIAL	9	1.0	1
35.21172	-13.44849	-33.76353	LAX_LV_EPICARDIAL	9	1.0	1
36.19568	-14.47993	-36.56632	LAX_LV_EPICARDIAL	9	1.0	1
37.17964	-15.51137	-39.36911	LAX_LV_EPICARDIAL	9	1.0	1
38.16360	-16.54281	-42.17190	LAX_LV_EPICARDIAL	9	1.0	1
39.14757	-17.57425	-44.97470	LAX_LV_EPICARDIAL	9	1.0	1
40.13153	-18.60569	-47.77749	LAX_LV_EPICARDIAL	9	1.0	1
40.24162	-18.53538	-50.58695	LAX_LV_EPICARDIAL	9	1.0	1
42.09945	-20.66857	-53.38307	LAX_LV_EPICARDIAL	9	1.0	1
42.20954	-20.59826	-56.19254	LAX_LV_EPICARDIAL	9	1.0	1
43.19351	-21.62970	-58.99533	LAX_LV_EPICARDIAL	9	1.0	1
44.17747	-22.66114	-61.79812	LAX_LV_EPICARDIAL	9	1.0	1
44.28756	-22.59084	-64.60759	LAX_LV_EPICARDIAL	9	1.0	1
45.27152	-23.62228	-67.41038	LAX_LV_EPICARDIAL	9	1.0	1
45.38161	-23.55197	-70.21985	LAX_LV_EPICARDIAL	9	1.0	1
45.49170	-23.48167	-73.02931	LAX_LV_EPICARDIAL	9	1.0	1
46.47566	-24.51311	-75.83211	LAX_LV_EPICARDIAL	9	1.0	1
46.58575	-24.44281	-78.64157	LAX_LV_EPICARDIAL	9	1.0	1
46.69584	-24.37250	-81.45104	LAX_LV_EPICARDIAL	9	1.0	1
45.93205	-23.20045	-84.26717	LAX_LV_EPICARDIAL	9	1.0	1
46.04214	-23.13015	-87.07664	LAX_LV_EPICARDIAL	9	1.0	1
46.15223	-23.05985	-89.88610	LAX_LV_EPICARDIAL	9	1.0	1
45.38845	-21.88780	-92.70224	LAX_LV_EPICARDIAL	9	1.0	1
44.62466	-20.71575	-95.51838	LAX_LV_EPICARDIAL	9	1.0	1
43.86088	-19.54371	-98.33452	LAX_LV_EPICARDIAL	9	1.0	1
43.09710	-18.37166	-101.15066	LAX_LV_EPICARDIAL	9	1.0	1
41.45944	-16.09787	-103.97347	LAX_LV_EPICARDIAL	9	1.0	1
39.71169	-13.89438	-103.98681	LAX_LV_EPICARDIAL	9	1.0	1
37.96395	-11.69089	-104.00016	LAX_LV_EPICARDIAL	9	1.0	1
36.21620	-9.48741	-104.01351	LAX_LV_EPICARDIAL	9	1.0	1
34.46845	-7.28392	-104.02685	LAX_LV_EPICARDIAL	9	1.0	1
32.66566	-5.11558	-102.63546	LAX_LV_EPICARDIAL	9	1.0	1
30.86287	-2.94725	-101.24408	LAX_LV_EPICARDIAL	9	1.0	1
29.11512	-0.74376	-101.25742	LAX_LV_EPICARDIAL	9	1.0	1
27.31233	1.42457	-99.86604	LAX_LV_EPICARDIAL	9	1.0	1
25.50954	3.59291	-98.47465	LAX_LV_EPICARDIAL	9	1.0	1
23.76179	5.79639	-98.48800	LAX_LV_EPICARDIAL	9	1.0	1
21.95900	7.96473	-97.09661	LAX_LV_EPICARDIAL	9	1.0	1
20.15621	10.13306	-95.70522	LAX_LV_EPICARDIAL	9	1.0	1
18.35342	12.30140	-94.31384	LAX_LV_EPICARDIAL	9	1.0	1
16.55063	14.46973	-92.92245	LAX_LV_EPICARDIAL	9	1.0	1
14.74784	16.63807	-91.53106	LAX_LV_EPICARDIAL	9	1.0	1
13.00009	18.84156	-91.54441	LAX_LV_EPICARDIAL	9	1.0	1
11.19730	21.00989	-90.15302	LAX_LV_EPICARDIAL	9	1.0	1
9.39451	23.17823	-88.76163	LAX_LV_EPICARDIAL	9	1.0	1
7.59172	25.34656	-87.37025	LAX_LV_EPICARDIAL	9	1.0	1
5.78893	27.51490	-85.97886	LAX_LV_EPICARDIAL	9	1.0	1
3.98614	29.68323	-84.58747	LAX_LV_EPICARDIAL	9	1.0	1
2.18335	31.85157	-83.19609	LAX_LV_EPICARDIAL	9	1.0	1
0.38055	34.01990	-81.80470	LAX_LV_EPICARDIAL	9	1.0	1
-1.47728	36.15308	-79.00858	LAX_LV_EPICARDIAL	9	1.0	1
-3.28007	38.32142	-77.61719	LAX_LV_EPICARDIAL	9	1.0	1
-5.13791	40.45460	-74.82107	LAX_LV_EPICARDIAL	9	1.0	1
-6.99574	42.58778	-72.02495	LAX_LV_EPICARDIAL	9	1.0	1
-7.97971	43.61922	-69.22216	LAX_LV_EPICARDIAL	9	1.0	1
-8.96367	44.65066	-66.41937	LAX_LV_EPICARDIAL	9	1.0	1
-9.94763	45.68210	-63.61658	LAX_LV_EPICARDIAL	9	1.0	1
-10.05772	45.61180	-60.80711	LAX_LV_EPICARDIAL	9	1.0	1
-10.16781	45.54150	-57.99765	LAX_LV_EPICARDIAL	9	1.0	1
-10.27790	45.47119	-55.18818	LAX_LV_EPICARDIAL	9	1.0	1
4.78445	23.55381	-15.72888	LAX_LV_EPICARDIAL	9	1.0	1
6.47715	21.31518	-14.31080	LAX_LV_EPICARDIAL	9	1.0	1
8.16985	19.07654	-12.89272	LAX_LV_EPICARDIAL	9	1.0	1
9.91760	16.87305	-12.87938	LAX_LV_EPICARDIAL	9	1.0	1
4.02066	24.72586	-18.54502	MITRAL_VALVE	9	1.0	1
-7.82141	42.06051	-50.95396	MITRAL_VALVE	9	1.0	1
-34.08976	-7.80505	2.72717	LAX_RV_FREEWALL	8	1.0	1.0
-33.74565	-10.52195	1.18194	LAX_RV_FREEWALL	8	1.0	1.0
-32.49959	-13.23885	-1.44220	LAX_RV_FREEWALL	8	1.0	1.0
-30.97462	-14.59730	-3.83318	LAX_RV_FREEWALL	8	1.0	1.0
-29.44965	-15.95575	-6.22416	LAX_RV_FREEWALL	8	1.0	1.0
-27.92468	-17.31420	-8.61514	LAX_RV_FREEWALL	8	1.0	1.0
-26.39972	-18.67265	-11.00612	LAX_RV_FREEWALL	8	1.0	1.0
-24.87475	-20.03110	-13.39710	LAX_RV_FREEWALL	8	1.0	1.0
-23.34978	-21.38955	-15.78808	LAX_RV_FREEWALL	8	1.0	1.0
-21.82481	-22.74800	-18.17906	LAX_RV_FREEWALL	8	1.0	1.0
-20.29984	-24.10645	-20.57004	LAX_RV_FREEWALL	8	1.0	1.0
-18.49596	-24.10645	-22.72785	LAX_RV_FREEWALL	8	1.0	1.0
-16.97099	-25.46490	-25.11883	LAX_RV_FREEWALL	8	1.0	1.0
-15.16711	-25.46490	-27.27665	LAX_RV_FREEWALL	8	1.0	1.0
-13.08432	-24.10646	-29.20131	LAX_RV_FREEWALL	8	1.0	1.0
-11.28044	-24.10646	-31.35912	LAX_RV_FREEWALL	8	1.0	1.0
-9.47655	-24.10646	-33.51694	LAX_RV_FREEWALL	8	1.0	1.0
-7.39376	-22.74801	-35.44160	LAX_RV_FREEWALL	8	1.0	1.0
-5.86879	-24.10646	-37.83258	LAX_RV_FREEWALL	8	1.0	1.0
-4.06491	-24.10647	-39.99039	LAX_RV_FREEWALL	8	1.0	1.0
-2.26103	-24.10647	-42.14821	LAX_RV_FREEWALL	8	1.0	1.0
-0.45715	-24.10647	-44.30603	LAX_RV_FREEWALL	8	1.0	1.0
1.34673	-24.10647	-46.46385	LAX_RV_FREEWALL	8	1.0	1.0
3.15061	-24.10647	-48.62166	LAX_RV_FREEWALL	8	1.0	1.0
-17.64112	-2.37127	-14.68163	LAX_RV_FREEWALL	8	1.0	1.0
-19.44500	-2.37127	-12.52381	LAX_RV_FREEWALL	8	1.0	1.0
-20.96997	-1.01282	-10.13283	LAX_RV_FREEWALL	8	1.0	1.0
-22.77385	-1.01282	-7.97501	LAX_RV_FREEWALL	8	1.0	1.0
-24.29882	0.34564	-5.58403	LAX_RV_FREEWALL	8	1.0	1.0
-26.10270	0.34564	-3.42622	LAX_RV_FREEWALL	8	1.0	1.0
-27.90658	0.34564	-1.26840	LAX_RV_FREEWALL	8	1.0	1.0
-29.98937	-1.01281	0.65626	LAX_RV_FREEWALL	8	1.0	1.0
-32.35108	-3.72970	2.34775	LAX_RV_FREEWALL	8	1.0	1.0
-33.81085	-6.44660	2.96033	LAX_RV_FREEWALL	8	1.0	1.0
-36.17255	-9.16350	4.65183	LAX_RV_EPICARDIAL	8	1.0	1.0
-35.82844	-11.88039	3.10660	LAX_RV_EPICARDIAL	8	1.0	1.0
-34.58238	-14.59729	0.48245	LAX_RV_EPICARDIAL	8	1.0	1.0
-33.33633	-17.31419	-2.14169	LAX_RV_EPICARDIAL	8	1.0	1.0
-31.81136	-18.67264	-4.53267	LAX_RV_EPICARDIAL	8	1.0	1.0
-30.28639	-20.03109	-6.92365	LAX_RV_EPICARDIAL	8	1.0	1.0
-29.04034	-22.74799	-9.54779	LAX_RV_EPICARDIAL	8	1.0	1.0
-27.51537	-24.10644	-11.93877	LAX_RV_EPICARDIAL	8	1.0	1.0
-25.99040	-25.46489	-14.32975	LAX_RV_EPICARDIAL	8	1.0	1.0
-24.18652	-25.46490	-16.48756	LAX_RV_EPICARDIAL	8	1.0	1.0
-22.66155	-26.82335	-18.87854	LAX_RV_EPICARDIAL	8	1.0	1.0
-20.85767	-26.82335	-21.03636	LAX_RV_EPICARDIAL	8	1.0	1.0
-19.33270	-28.18180	-23.42734	LAX_RV_EPICARDIAL	8	1.0	1.0
-17.52882	-28.18180	-25.58516	LAX_RV_EPICARDIAL	8	1.0	1.0
-15.72494	-28.18180	-27.74297	LAX_RV_EPICARDIAL	8	1.0	1.0
-13.92106	-28.18180	-29.90079	LAX_RV_EPICARDIAL	8	1.0	1.0
-11.83826	-26.82336	-31.82545	LAX_RV_EPICARDIAL	8	1.0	1.0
-10.03438	-26.82336	-33.98326	LAX_RV_EPICARDIAL	8	1.0	1.0
-8.23050	-26.82336	-36.14108	LAX_RV_EPICARDIAL	8	1.0	1.0
-6.42662	-26.82336	-38.29890	LAX_RV_EPICARDIAL	8	1.0	1.0
-4.62274	-26.82336	-40.45672	LAX_RV_EPICARDIAL	8	1.0	1.0
-2.81886	-26.82337	-42.61453	LAX_RV_EPICARDIAL	8	1.0	1.0
-1.01497	-26.82337	-44.77235	LAX_RV_EPICARDIAL	8	1.0	1.0
0.78891	-26.82337	-46.93017	LAX_RV_EPICARDIAL	8	1.0	1.0
2.59279	-26.82337	-49.08799	LAX_RV_EPICARDIAL	8	1.0	1.0
4.67558	-25.46492	-51.01264	LAX_RV_EPICARDIAL	8	1.0	1.0
-15.55832	-1.01282	-16.60628	LAX_RV_EPICARDIAL	8	1.0	1.0
-17.70632	1.70408	-12.90323	LAX_RV_EPICARDIAL	8	1.0	1.0
-19.51020	1.70408	-10.74542	LAX_RV_EPICARDIAL	8	1.0	1.0
-21.31408	1.70408	-8.58760	LAX_RV_EPICARDIAL	8	1.0	1.0
-23.11796	1.70408	-6.42978	LAX_RV_EPICARDIAL	8	1.0	1.0
-24.64293	3.06253	-4.03880	LAX_RV_EPICARDIAL	8	1.0	1.0
-26.72573	1.70409	-2.11415	LAX_RV_EPICARDIAL	8	1.0	1.0
-28.80852	0.34564	-0.18949	LAX_RV_EPICARDIAL	8	1.0	1.0
-30.61240	0.34564	1.96833	LAX_RV_EPICARDIAL	8	1.0	1.0
-32.69520	-1.01281	3.89298	LAX_RV_EPICARDIAL	8	1.0	1.0
-34.15496	-3.72970	4.50557	LAX_RV_EPICARDIAL	8	1.0	1.0
-35.61473	-6.44660	5.11815	LAX_RV_EPICARDIAL	8	1.0	1.0
4.95450	-24.10648	-50.77948	LAX_RV_SEPTUM	8	1.0	1.0
5.23341	-22.74803	-50.54632	LAX_RV_SEPTUM	8	1.0	1.0
3.70844	-21.38958	-48.15534	LAX_RV_SEPTUM	8	1.0	1.0
2.18347	-20.03113	-45.76436	LAX_RV_SEPTUM	8	1.0	1.0
0.65850	-18.67267	-43.37338	LAX_RV_SEPTUM	8	1.0	1.0
-0.86647	-17.31422	-40.98240	LAX_RV_SEPTUM	8	1.0	1.0
-2.39143	-15.95577	-38.59142	LAX_RV_SEPTUM	8	1.0	1.0
-3.63749	-13.23887	-35.96728	LAX_RV_SEPTUM	8	1.0	1.0
-5.16246	-11.88042	-33.57630	LAX_RV_SEPTUM	8	1.0	1.0
-6.68743	-10.52197	-31.18532	LAX_RV_SEPTUM	8	1.0	1.0
-8.21240	-9.16352	-28.79434	LAX_RV_SEPTUM	8	1.0	1.0
-9.73736	-7.80507	-26.40336	LAX_RV_SEPTUM	8	1.0	1.0
-11.26233	-6.44662	-24.01238	LAX_RV_SEPTUM	8	1.0	1.0
-12.78730	-5.08817	-21.62140	LAX_RV_SEPTUM	8	1.0	1.0
-14.31227	-3.72972	-19.23043	LAX_RV_SEPTUM	8	1.0	1.0
-15.83724	-2.37127	-16.83945	LAX_RV_SEPTUM	8	1.0	1.0
-15.00050	1.70408	-16.13996	LAX_LV_EPICARDIAL	8	1.0	1.0
7.66032	-24.10648	-54.01621	LAX_LV_EPICARDIAL	8	1.0	1.0
9.18529	-25.46493	-56.40719	LAX_LV_EPICARDIAL	8	1.0	1.0
10.98917	-25.46493	-58.56500	LAX_LV_EPICARDIAL	8	1.0	1.0
12.79305	-25.46493	-60.72282	LAX_LV_EPICARDIAL	8	1.0	1.0
14.59693	-25.46493	-62.88064	LAX_LV_EPICARDIAL	8	1.0	1.0
16.12190	-26.82338	-65.27162	LAX_LV_EPICARDIAL	8	1.0	1.0
17.92578	-26.82339	-67.42944	LAX_LV_EPICARDIAL	8	1.0	1.0
19.45075	-28.18184	-69.82042	LAX_LV_EPICARDIAL	8	1.0	1.0
21.25463	-28.18184	-71.97823	LAX_LV_EPICARDIAL	8	1.0	1.0
23.05851	-28.18184	-74.13605	LAX_LV_EPICARDIAL	8	1.0	1.0
24.58348	-29.54029	-76.52703	LAX_LV_EPICARDIAL	8	1.0	1.0
26.38736	-29.54029	-78.68485	LAX_LV_EPICARDIAL	8	1.0	1.0
28.47015	-28.18184	-80.60950	LAX_LV_EPICARDIAL	8	1.0	1.0
30.27403	-28.18185	-82.76732	LAX_LV_EPICARDIAL	8	1.0	1.0
32.07792	-28.18185	-84.92514	LAX_LV_EPICARDIAL	8	1.0	1.0
33.88180	-28.18185	-87.08296	LAX_LV_EPICARDIAL	8	1.0	1.0
35.96459	-26.82340	-89.00761	LAX_LV_EPICARDIAL	8	1.0	1.0
38.04739	-25.46496	-90.93227	LAX_LV_EPICARDIAL	8	1.0	1.0
40.13018	-24.10651	-92.85692	LAX_LV_EPICARDIAL	8	1.0	1.0
42.49189	-21.38961	-94.54842	LAX_LV_EPICARDIAL	8	1.0	1.0
43.95165	-18.67272	-95.16100	LAX_LV_EPICARDIAL	8	1.0	1.0
45.41142	-15.95582	-95.77359	LAX_LV_EPICARDIAL	8	1.0	1.0
45.96924	-13.23892	-95.30726	LAX_LV_EPICARDIAL	8	1.0	1.0
46.52707	-10.52203	-94.84094	LAX_LV_EPICARDIAL	8	1.0	1.0
47.08490	-7.80513	-94.37461	LAX_LV_EPICARDIAL	8	1.0	1.0
47.64272	-5.08823	-93.90829	LAX_LV_EPICARDIAL	8	1.0	1.0
47.29861	-2.37133	-92.36306	LAX_LV_EPICARDIAL	8	1.0	1.0
46.95449	0.34557	-90.81783	LAX_LV_EPICARDIAL	8	1.0	1.0
46.61038	3.06247	-89.27259	LAX_LV_EPICARDIAL	8	1.0	1.0
46.26626	5.77936	-87.72736	LAX_LV_EPICARDIAL	8	1.0	1.0
45.92215	8.49626	-86.18213	LAX_LV_EPICARDIAL	8	1.0	1.0
45.57803	11.21316	-84.63690	LAX_LV_EPICARDIAL	8	1.0	1.0
45.23392	13.93006	-83.09166	LAX_LV_EPICARDIAL	8	1.0	1.0
44.88980	16.64696	-81.54643	LAX_LV_EPICARDIAL	8	1.0	1.0
44.54569	19.36386	-80.00120	LAX_LV_EPICARDIAL	8	1.0	1.0
44.20157	22.08075	-78.45597	LAX_LV_EPICARDIAL	8	1.0	1.0
43.85746	24.79765	-76.91073	LAX_LV_EPICARDIAL	8	1.0	1.0
43.51334	27.51455	-75.36550	LAX_LV_EPICARDIAL	8	1.0	1.0
42.26729	30.23145	-72.74136	LAX_LV_EPICARDIAL	8	1.0	1.0
41.02123	32.94835	-70.11722	LAX_LV_EPICARDIAL	8	1.0	1.0
40.67712	35.66525	-68.57199	LAX_LV_EPICARDIAL	8	1.0	1.0
40.33300	38.38215	-67.02675	LAX_LV_EPICARDIAL	8	1.0	1.0
39.08694	41.09904	-64.40261	LAX_LV_EPICARDIAL	8	1.0	1.0
37.84089	43.81594	-61.77847	LAX_LV_EPICARDIAL	8	1.0	1.0
36.31592	45.17439	-59.38749	LAX_LV_EPICARDIAL	8	1.0	1.0
35.06986	47.89129	-56.76335	LAX_LV_EPICARDIAL	8	1.0	1.0
33.54490	49.24974	-54.37237	LAX_LV_EPICARDIAL	8	1.0	1.0
32.01993	50.60819	-51.98139	LAX_LV_EPICARDIAL	8	1.0	1.0
30.49496	51.96665	-49.59041	LAX_LV_EPICARDIAL	8	1.0	1.0
28.96999	53.32510	-47.19943	LAX_LV_EPICARDIAL	8	1.0	1.0
27.44502	54.68355	-44.80845	LAX_LV_EPICARDIAL	8	1.0	1.0
25.64114	54.68355	-42.65064	LAX_LV_EPICARDIAL	8	1.0	1.0
24.11617	56.04200	-40.25966	LAX_LV_EPICARDIAL	8	1.0	1.0
22.31229	56.04200	-38.10184	LAX_LV_EPICARDIAL	8	1.0	1.0
20.22950	54.68355	-36.17718	LAX_LV_EPICARDIAL	8	1.0	1.0
18.42562	54.68355	-34.01937	LAX_LV_EPICARDIAL	8	1.0	1.0
16.34282	53.32511	-32.09471	LAX_LV_EPICARDIAL	8	1.0	1.0
14.26003	51.96666	-30.17005	LAX_LV_EPICARDIAL	8	1.0	1.0
13.70220	49.24976	-30.63638	LAX_LV_EPICARDIAL	8	1.0	1.0
-4.84734	24.79770	-18.64966	LAX_LV_EPICARDIAL	8	1.0	1.0
-6.65122	24.79770	-16.49184	LAX_LV_EPICARDIAL	8	1.0	1.0
-11.73685	4.42097	-18.91036	LAX_LV_ENDOCARDIAL	8	1.0	1.0
-9.93297	4.42097	-21.06818	LAX_LV_ENDOCARDIAL	8	1.0	1.0
-8.12909	4.42097	-23.22600	LAX_LV_ENDOCARDIAL	8	1.0	1.0
-6.32521	4.42097	-25.38381	LAX_LV_ENDOCARDIAL	8	1.0	1.0
-4.52133	4.42096	-27.54163	LAX_LV_ENDOCARDIAL	8	1.0	1.0
-2.99636	3.06251	-29.93261	LAX_LV_ENDOCARDIAL	8	1.0	1.0
-1.19248	3.06251	-32.09043	LAX_LV_ENDOCARDIAL	8	1.0	1.0
0.05358	0.34561	-34.71457	LAX_LV_ENDOCARDIAL	8	1.0	1.0
1.29963	-2.37129	-37.33871	LAX_LV_ENDOCARDIAL	8	1.0	1.0
2.54569	-5.08819	-39.96285	LAX_LV_ENDOCARDIAL	8	1.0	1.0
4.07066	-6.44664	-42.35383	LAX_LV_ENDOCARDIAL	8	1.0	1.0
5.31671	-9.16354	-44.97797	LAX_LV_ENDOCARDIAL	8	1.0	1.0
6.84168	-10.52199	-47.36895	LAX_LV_ENDOCARDIAL	8	1.0	1.0
8.36665	-11.88044	-49.75993	LAX_LV_ENDOCARDIAL	8	1.0	1.0
9.89162	-13.23889	-52.15091	LAX_LV_ENDOCARDIAL	8	1.0	1.0
11.41659	-14.59734	-54.54189	LAX_LV_ENDOCARDIAL	8	1.0	1.0
12.94156	-15.95579	-56.93287	LAX_LV_ENDOCARDIAL	8	1.0	1.0
14.74544	-15.95579	-59.09069	LAX_LV_ENDOCARDIAL	8	1.0	1.0
16.27041	-17.31424	-61.48167	LAX_LV_ENDOCARDIAL	8	1.0	1.0
17.79537	-18.67269	-63.87265	LAX_LV_ENDOCARDIAL	8	1.0	1.0
19.59926	-18.67269	-66.03046	LAX_LV_ENDOCARDIAL	8	1.0	1.0
21.12422	-20.03114	-68.42144	LAX_LV_ENDOCARDIAL	8	1.0	1.0
22.64919	-21.38959	-70.81242	LAX_LV_ENDOCARDIAL	8	1.0	1.0
24.45307	-21.38960	-72.97024	LAX_LV_ENDOCARDIAL	8	1.0	1.0
25.97804	-22.74805	-75.36122	LAX_LV_ENDOCARDIAL	8	1.0	1.0
27.78192	-22.74805	-77.51904	LAX_LV_ENDOCARDIAL	8	1.0	1.0
29.58580	-22.74805	-79.67686	LAX_LV_ENDOCARDIAL	8	1.0	1.0
31.38969	-22.74805	-81.83467	LAX_LV_ENDOCARDIAL	8	1.0	1.0
33.19357	-22.74805	-83.99249	LAX_LV_ENDOCARDIAL	8	1.0	1.0
34.99745	-22.74806	-86.15031	LAX_LV_ENDOCARDIAL	8	1.0	1.0
36.80133	-22.74806	-88.30812	LAX_LV_ENDOCARDIAL	8	1.0	1.0
38.88412	-21.38961	-90.23278	LAX_LV_ENDOCARDIAL	8	1.0	1.0
40.96692	-20.03116	-92.15744	LAX_LV_ENDOCARDIAL	8	1.0	1.0
42.42668	-17.31427	-92.77002	LAX_LV_ENDOCARDIAL	8	1.0	1.0
43.88645	-14.59737	-93.38261	LAX_LV_ENDOCARDIAL	8	1.0	1.0
43.54234	-11.88047	-91.83737	LAX_LV_ENDOCARDIAL	8	1.0	1.0
43.19822	-9.16357	-90.29214	LAX_LV_ENDOCARDIAL	8	1.0	1.0
43.75605	-6.44668	-89.82582	LAX_LV_ENDOCARDIAL	8	1.0	1.0
43.41193	-3.72978	-88.28058	LAX_LV_ENDOCARDIAL	8	1.0	1.0
43.06782	-1.01288	-86.73535	LAX_LV_ENDOCARDIAL	8	1.0	1.0
42.72370	1.70402	-85.19012	LAX_LV_ENDOCARDIAL	8	1.0	1.0
42.37959	4.42092	-83.64489	LAX_LV_ENDOCARDIAL	8	1.0	1.0
42.03547	7.13782	-82.09966	LAX_LV_ENDOCARDIAL	8	1.0	1.0
40.78942	9.85472	-79.47551	LAX_LV_ENDOCARDIAL	8	1.0	1.0
40.44530	12.57161	-77.93028	LAX_LV_ENDOCARDIAL	8	1.0	1.0
40.10119	15.28851	-76.38505	LAX_LV_ENDOCARDIAL	8	1.0	1.0
39.75707	18.00541	-74.83982	LAX_LV_ENDOCARDIAL	8	1.0	1.0
39.41296	20.72231	-73.29458	LAX_LV_ENDOCARDIAL	8	1.0	1.0
39.06884	23.43921	-71.74935	LAX_LV_ENDOCARDIAL	8	1.0	1.0
37.82278	26.15611	-69.12521	LAX_LV_ENDOCARDIAL	8	1.0	1.0
37.47867	28.87301	-67.57998	LAX_LV_ENDOCARDIAL	8	1.0	1.0
36.23261	31.58990	-64.95584	LAX_LV_ENDOCARDIAL	8	1.0	1.0
34.98656	34.30680	-62.33170	LAX_LV_ENDOCARDIAL	8	1.0	1.0
33.74050	37.02370	-59.70755	LAX_LV_ENDOCARDIAL	8	1.0	1.0
32.49445	39.74060	-57.08341	LAX_LV_ENDOCARDIAL	8	1.0	1.0
30.96948	41.09905	-54.69243	LAX_LV_ENDOCARDIAL	8	1.0	1.0
29.44451	42.45750	-52.30145	LAX_LV_ENDOCARDIAL	8	1.0	1.0
27.91954	43.81595	-49.91047	LAX_LV_ENDOCARDIAL	8	1.0	1.0
26.39457	45.17440	-47.51950	LAX_LV_ENDOCARDIAL	8	1.0	1.0
24.86961	46.53285	-45.12852	LAX_LV_ENDOCARDIAL	8	1.0	1.0
23.34464	47.89131	-42.73754	LAX_LV_ENDOCARDIAL	8	1.0	1.0
21.81967	49.24976	-40.34656	LAX_LV_ENDOCARDIAL	8	1.0	1.0
20.01579	49.24976	-38.18874	LAX_LV_ENDOCARDIAL	8	1.0	1.0
17.93299	47.89131	-36.26408	LAX_LV_ENDOCARDIAL	8	1.0	1.0
15.85020	46.53286	-34.33943	LAX_LV_ENDOCARDIAL	8	1.0	1.0
-4.84734	24.79770	-18.64966	LAX_LV_ENDOCARDIAL	8	1.0	1.0
-6.65122	24.79770	-16.49184	LAX_LV_ENDOCARDIAL	8	1.0	1.0
-36.17255	-9.16350	4.65183	LAX_RV_EPICARDIAL	8	1.0	1.0
-35.82844	-11.88039	3.10660	LAX_RV_EPICARDIAL	8	1.0	1.0
-34.58238	-14.59729	0.48245	LAX_RV_EPICARDIAL	8	1.0	1.0
-33.33633	-17.31419	-2.14169	LAX_RV_EPICARDIAL	8	1.0	1.0
-31.81136	-18.67264	-4.53267	LAX_RV_EPICARDIAL	8	1.0	1.0
-30.28639	-20.03109	-6.92365	LAX_RV_EPICARDIAL	8	1.0	1.0
-29.04034	-22.74799	-9.54779	LAX_RV_EPICARDIAL	8	1.0	1.0
-27.51537	-24.10644	-11.93877	LAX_RV_EPICARDIAL	8	1.0	1.0
-25.99040	-25.46489	-14.32975	LAX_RV_EPICARDIAL	8	1.0	1.0
-24.18652	-25.46490	-16.48756	LAX_RV_EPICARDIAL	8	1.0	1.0
-22.66155	-26.82335	-18.87854	LAX_RV_EPICARDIAL	8	1.0	1.0
-20.85767	-26.82335	-21.03636	LAX_RV_EPICARDIAL	8	1.0	1.0
-19.33270	-28.18180	-23.42734	LAX_RV_EPICARDIAL	8	1.0	1.0
-17.52882	-28.18180	-25.58516	LAX_RV_EPICARDIAL	8	1.0	1.0
-15.72494	-28.18180	-27.74297	LAX_RV_EPICARDIAL	8	1.0	1.0
-13.92106	-28.18180	-29.90079	LAX_RV_EPICARDIAL	8	1.0	1.0
-11.83826	-26.82336	-31.82545	LAX_RV_EPICARDIAL	8	1.0	1.0
-10.03438	-26.82336	-33.98326	LAX_RV_EPICARDIAL	8	1.0	1.0
-8.23050	-26.82336	-36.14108	LAX_RV_EPICARDIAL	8	1.0	1.0
-6.42662	-26.82336	-38.29890	LAX_RV_EPICARDIAL	8	1.0	1.0
-4.62274	-26.82336	-40.45672	LAX_RV_EPICARDIAL	8	1.0	1.0
-2.81886	-26.82337	-42.61453	LAX_RV_EPICARDIAL	8	1.0	1.0
-1.01497	-26.82337	-44.77235	LAX_RV_EPICARDIAL	8	1.0	1.0
0.78891	-26.82337	-46.93017	LAX_RV_EPICARDIAL	8	1.0	1.0
2.59279	-26.82337	-49.08799	LAX_RV_EPICARDIAL	8	1.0	1.0
4.67558	-25.46492	-51.01264	LAX_RV_EPICARDIAL	8	1.0	1.0
-15.55832	-1.01282	-16.60628	LAX_RV_EPICARDIAL	8	1.0	1.0
-17.70632	1.70408	-12.90323	LAX_RV_EPICARDIAL	8	1.0	1.0
-19.51020	1.70408	-10.74542	LAX_RV_EPICARDIAL	8	1.0	1.0
-21.31408	1.70408	-8.58760	LAX_RV_EPICARDIAL	8	1.0	1.0
-23.11796	1.70408	-6.42978	LAX_RV_EPICARDIAL	8	1.0	1.0
-24.64293	3.06253	-4.03880	LAX_RV_EPICARDIAL	8	1.0	1.0
-26.72573	1.70409	-2.11415	LAX_RV_EPICARDIAL	8	1.0	1.0
-28.80852	0.34564	-0.18949	LAX_RV_EPICARDIAL	8	1.0	1.0
-30.61240	0.34564	1.96833	LAX_RV_EPICARDIAL	8	1.0	1.0
-32.69520	-1.01281	3.89298	LAX_RV_EPICARDIAL	8	1.0	1.0
-34.15496	-3.72970	4.50557	LAX_RV_EPICARDIAL	8	1.0	1.0
-35.61473	-6.44660	5.11815	LAX_RV_EPICARDIAL	8	1.0	1.0
13.76740	45.17442	-32.41477	MITRAL_VALVE	8	1.0	1.0
-2.48563	27.51459	-20.34115	MITRAL_VALVE	8	1.0	1.0
-9.63595	23.43925	-13.48828	AORTA_VALVE	8	1.0	1.0
-14.44267	4.42097	-15.67364	AORTA_VALVE	8	1.0	1.0
-69.57923	11.09475	-63.92302	LAX_RV_FREEWALL	7	1.0	1
-70.75750	9.49346	-66.35926	LAX_RV_FREEWALL	7	1.0	1
-70.53599	7.89217	-68.66077	LAX_RV_FREEWALL	7	1.0	1
-70.31447	6.29088	-70.96228	LAX_RV_FREEWALL	7	1.0	1
-68.69318	4.68959	-73.12906	LAX_RV_FREEWALL	7	1.0	1
-67.07189	3.08829	-75.29585	LAX_RV_FREEWALL	7	1.0	1
-64.05081	1.48700	-77.32791	LAX_RV_FREEWALL	7	1.0	1
-62.42952	-0.11429	-79.49470	LAX_RV_FREEWALL	7	1.0	1
-62.20800	-1.71558	-81.79621	LAX_RV_FREEWALL	7	1.0	1
-59.18693	-3.31687	-83.82827	LAX_RV_FREEWALL	7	1.0	1
-57.56563	-4.91817	-85.99506	LAX_RV_FREEWALL	7	1.0	1
-55.94434	-6.51946	-88.16184	LAX_RV_FREEWALL	7	1.0	1
-52.92326	-8.12075	-90.19391	LAX_RV_FREEWALL	7	1.0	1
-49.90219	-9.72204	-92.22597	LAX_RV_FREEWALL	7	1.0	1
-48.28089	-11.32333	-94.39275	LAX_RV_FREEWALL	7	1.0	1
-45.37057	-12.12398	-95.27406	LAX_RV_FREEWALL	7	1.0	1
-42.34950	-13.72527	-97.30612	LAX_RV_FREEWALL	7	1.0	1
-39.43918	-14.52592	-98.18743	LAX_RV_FREEWALL	7	1.0	1
-36.52886	-15.32656	-99.06873	LAX_RV_FREEWALL	7	1.0	1
-33.61854	-16.12721	-99.95004	LAX_RV_FREEWALL	7	1.0	1
-30.70822	-16.92786	-100.83135	LAX_RV_FREEWALL	7	1.0	1
-27.79790	-17.72850	-101.71265	LAX_RV_FREEWALL	7	1.0	1
-24.88758	-18.52915	-102.59396	LAX_RV_FREEWALL	7	1.0	1
-22.08802	-18.52915	-102.32451	LAX_RV_FREEWALL	7	1.0	1
-19.17770	-19.32980	-103.20581	LAX_RV_FREEWALL	7	1.0	1
-16.26738	-20.13044	-104.08712	LAX_RV_FREEWALL	7	1.0	1
-13.46782	-20.13044	-103.81767	LAX_RV_FREEWALL	7	1.0	1
-10.55750	-20.93109	-104.69898	LAX_RV_FREEWALL	7	1.0	1
-7.75794	-20.93109	-104.42953	LAX_RV_FREEWALL	7	1.0	1
-4.84762	-21.73174	-105.31083	LAX_RV_FREEWALL	7	1.0	1
-2.04806	-21.73174	-105.04139	LAX_RV_FREEWALL	7	1.0	1
0.86226	-22.53238	-105.92269	LAX_RV_FREEWALL	7	1.0	1
3.66182	-22.53239	-105.65324	LAX_RV_FREEWALL	7	1.0	1
6.57214	-23.33303	-106.53455	LAX_RV_FREEWALL	7	1.0	1
9.48246	-24.13368	-107.41585	LAX_RV_FREEWALL	7	1.0	1
12.28202	-24.13368	-107.14641	LAX_RV_FREEWALL	7	1.0	1
15.08159	-24.13368	-106.87696	LAX_RV_FREEWALL	7	1.0	1
17.88115	-24.13368	-106.60751	LAX_RV_FREEWALL	7	1.0	1
20.56996	-23.33304	-105.18730	LAX_RV_FREEWALL	7	1.0	1
23.25876	-22.53239	-103.76710	LAX_RV_FREEWALL	7	1.0	1
-64.42313	14.29733	-58.78110	LAX_RV_EPICARDIAL	7	1.0	1
-66.89043	11.89540	-62.50282	LAX_RV_EPICARDIAL	7	1.0	1
-69.68999	11.89540	-62.77227	LAX_RV_EPICARDIAL	7	1.0	1
-72.37879	11.09475	-64.19247	LAX_RV_EPICARDIAL	7	1.0	1
-73.55706	9.49346	-66.62871	LAX_RV_EPICARDIAL	7	1.0	1
-73.33555	7.89217	-68.93022	LAX_RV_EPICARDIAL	7	1.0	1
-71.71425	6.29088	-71.09700	LAX_RV_EPICARDIAL	7	1.0	1
-71.49274	4.68959	-73.39851	LAX_RV_EPICARDIAL	7	1.0	1
-69.87145	3.08829	-75.56530	LAX_RV_EPICARDIAL	7	1.0	1
-68.25015	1.48700	-77.73209	LAX_RV_EPICARDIAL	7	1.0	1
-68.02864	-0.11429	-80.03360	LAX_RV_EPICARDIAL	7	1.0	1
-66.40735	-1.71558	-82.20038	LAX_RV_EPICARDIAL	7	1.0	1
-64.78605	-3.31687	-84.36717	LAX_RV_EPICARDIAL	7	1.0	1
-64.56454	-4.91816	-86.66868	LAX_RV_EPICARDIAL	7	1.0	1
-62.94324	-6.51945	-88.83547	LAX_RV_EPICARDIAL	7	1.0	1
-59.92217	-8.12075	-90.86753	LAX_RV_EPICARDIAL	7	1.0	1
-56.90109	-9.72204	-92.89959	LAX_RV_EPICARDIAL	7	1.0	1
-53.88002	-11.32333	-94.93165	LAX_RV_EPICARDIAL	7	1.0	1
-52.25872	-12.92462	-97.09844	LAX_RV_EPICARDIAL	7	1.0	1
-49.23765	-14.52591	-99.13050	LAX_RV_EPICARDIAL	7	1.0	1
-46.32733	-15.32656	-100.01181	LAX_RV_EPICARDIAL	7	1.0	1
-43.41701	-16.12721	-100.89311	LAX_RV_EPICARDIAL	7	1.0	1
-40.50669	-16.92785	-101.77442	LAX_RV_EPICARDIAL	7	1.0	1
-37.59637	-17.72850	-102.65572	LAX_RV_EPICARDIAL	7	1.0	1
-34.68605	-18.52915	-103.53703	LAX_RV_EPICARDIAL	7	1.0	1
-31.77573	-19.32979	-104.41834	LAX_RV_EPICARDIAL	7	1.0	1
-28.86541	-20.13044	-105.29964	LAX_RV_EPICARDIAL	7	1.0	1
-26.06585	-20.13044	-105.03019	LAX_RV_EPICARDIAL	7	1.0	1
-23.15553	-20.93109	-105.91150	LAX_RV_EPICARDIAL	7	1.0	1
-20.35597	-20.93109	-105.64205	LAX_RV_EPICARDIAL	7	1.0	1
-17.44565	-21.73173	-106.52336	LAX_RV_EPICARDIAL	7	1.0	1
-14.53533	-22.53238	-107.40466	LAX_RV_EPICARDIAL	7	1.0	1
-11.62501	-23.33303	-108.28597	LAX_RV_EPICARDIAL	7	1.0	1
-8.82545	-23.33303	-108.01652	LAX_RV_EPICARDIAL	7	1.0	1
-5.91513	-24.13367	-108.89783	LAX_RV_EPICARDIAL	7	1.0	1
-3.11557	-24.13367	-108.62838	LAX_RV_EPICARDIAL	7	1.0	1
-0.31601	-24.13368	-108.35893	LAX_RV_EPICARDIAL	7	1.0	1
2.48356	-24.13368	-108.08948	LAX_RV_EPICARDIAL	7	1.0	1
5.39387	-24.93432	-108.97078	LAX_RV_EPICARDIAL	7	1.0	1
8.19344	-24.93432	-108.70133	LAX_RV_EPICARDIAL	7	1.0	1
11.10376	-25.73497	-109.58264	LAX_RV_EPICARDIAL	7	1.0	1
13.90332	-25.73497	-109.31319	LAX_RV_EPICARDIAL	7	1.0	1
16.70288	-25.73497	-109.04374	LAX_RV_EPICARDIAL	7	1.0	1
19.39169	-24.93433	-107.62354	LAX_RV_EPICARDIAL	7	1.0	1
22.19125	-24.93433	-107.35409	LAX_RV_EPICARDIAL	7	1.0	1
24.88006	-24.13368	-105.93388	LAX_RV_EPICARDIAL	7	1.0	1
24.54779	-21.73175	-102.48162	LAX_RV_EPICARDIAL	7	1.0	1
-28.25033	15.89861	-52.97675	LAX_RV_SEPTUM	7	1.0	1
23.03725	-20.93110	-101.46559	LAX_RV_SEPTUM	7	1.0	1
20.12693	-20.13045	-100.58428	LAX_RV_SEPTUM	7	1.0	1
17.10585	-18.52916	-98.55222	LAX_RV_SEPTUM	7	1.0	1
14.08478	-16.92787	-96.52016	LAX_RV_SEPTUM	7	1.0	1
11.06370	-15.32658	-94.48809	LAX_RV_SEPTUM	7	1.0	1
8.04263	-13.72529	-92.45603	LAX_RV_SEPTUM	7	1.0	1
5.02155	-12.12399	-90.42397	LAX_RV_SEPTUM	7	1.0	1
2.00048	-10.52270	-88.39191	LAX_RV_SEPTUM	7	1.0	1
-1.02060	-8.92141	-86.35985	LAX_RV_SEPTUM	7	1.0	1
-2.64189	-7.32012	-84.19306	LAX_RV_SEPTUM	7	1.0	1
-5.66297	-5.71883	-82.16100	LAX_RV_SEPTUM	7	1.0	1
-7.28426	-4.11753	-79.99421	LAX_RV_SEPTUM	7	1.0	1
-8.90556	-2.51624	-77.82743	LAX_RV_SEPTUM	7	1.0	1
-10.52685	-0.91495	-75.66064	LAX_RV_SEPTUM	7	1.0	1
-12.14815	0.68634	-73.49386	LAX_RV_SEPTUM	7	1.0	1
-13.76944	2.28763	-71.32707	LAX_RV_SEPTUM	7	1.0	1
-15.39074	3.88892	-69.16028	LAX_RV_SEPTUM	7	1.0	1
-17.01203	5.49022	-66.99350	LAX_RV_SEPTUM	7	1.0	1
-18.63332	7.09151	-64.82671	LAX_RV_SEPTUM	7	1.0	1
-21.65440	8.69280	-62.79465	LAX_RV_SEPTUM	7	1.0	1
-23.27569	10.29409	-60.62786	LAX_RV_SEPTUM	7	1.0	1
-24.89699	11.89538	-58.46108	LAX_RV_SEPTUM	7	1.0	1
-26.51828	13.49667	-56.29429	LAX_RV_SEPTUM	7	1.0	1
-26.73980	15.09797	-53.99278	LAX_RV_SEPTUM	7	1.0	1
16.01953	39.91797	-13.87345	LAX_LV_EPICARDIAL	7	1.0	1
13.33073	39.11732	-15.29365	LAX_LV_EPICARDIAL	7	1.0	1
-20.11321	27.90829	-34.77234	LAX_LV_EPICARDIAL	7	1.0	1
-22.69126	26.30700	-37.34330	LAX_LV_EPICARDIAL	7	1.0	1
-23.86953	24.70571	-39.77954	LAX_LV_EPICARDIAL	7	1.0	1
-26.44758	23.10442	-42.35050	LAX_LV_EPICARDIAL	7	1.0	1
-26.22607	21.50313	-44.65201	LAX_LV_EPICARDIAL	7	1.0	1
-27.40433	19.90184	-47.08825	LAX_LV_EPICARDIAL	7	1.0	1
-27.18282	18.30055	-49.38976	LAX_LV_EPICARDIAL	7	1.0	1
27.34735	-21.73175	-102.21217	LAX_LV_EPICARDIAL	7	1.0	1
30.14691	-21.73175	-101.94272	LAX_LV_EPICARDIAL	7	1.0	1
32.94647	-21.73175	-101.67327	LAX_LV_EPICARDIAL	7	1.0	1
35.74604	-21.73175	-101.40382	LAX_LV_EPICARDIAL	7	1.0	1
38.54560	-21.73175	-101.13437	LAX_LV_EPICARDIAL	7	1.0	1
41.12365	-20.13046	-98.56341	LAX_LV_EPICARDIAL	7	1.0	1
43.81245	-19.32981	-97.14321	LAX_LV_EPICARDIAL	7	1.0	1
44.99072	-17.72852	-94.70697	LAX_LV_EPICARDIAL	7	1.0	1
47.56877	-16.12723	-92.13601	LAX_LV_EPICARDIAL	7	1.0	1
48.74704	-14.52594	-89.69977	LAX_LV_EPICARDIAL	7	1.0	1
49.92531	-12.92465	-87.26354	LAX_LV_EPICARDIAL	7	1.0	1
51.10358	-11.32336	-84.82730	LAX_LV_EPICARDIAL	7	1.0	1
52.28184	-9.72207	-82.39107	LAX_LV_EPICARDIAL	7	1.0	1
53.46011	-8.12078	-79.95483	LAX_LV_EPICARDIAL	7	1.0	1
53.23860	-6.51949	-77.65332	LAX_LV_EPICARDIAL	7	1.0	1
54.41687	-4.91820	-75.21708	LAX_LV_EPICARDIAL	7	1.0	1
55.59514	-3.31691	-72.78085	LAX_LV_EPICARDIAL	7	1.0	1
55.37362	-1.71561	-70.47934	LAX_LV_EPICARDIAL	7	1.0	1
56.55189	-0.11432	-68.04310	LAX_LV_EPICARDIAL	7	1.0	1
56.33038	1.48697	-65.74159	LAX_LV_EPICARDIAL	7	1.0	1
56.10886	3.08826	-63.44008	LAX_LV_EPICARDIAL	7	1.0	1
55.88735	4.68955	-61.13857	LAX_LV_EPICARDIAL	7	1.0	1
54.26606	6.29084	-58.97178	LAX_LV_EPICARDIAL	7	1.0	1
54.04454	7.89213	-56.67027	LAX_LV_EPICARDIAL	7	1.0	1
53.82303	9.49342	-54.36876	LAX_LV_EPICARDIAL	7	1.0	1
53.60152	11.09472	-52.06725	LAX_LV_EPICARDIAL	7	1.0	1
53.38001	12.69601	-49.76574	LAX_LV_EPICARDIAL	7	1.0	1
51.75871	14.29730	-47.59895	LAX_LV_EPICARDIAL	7	1.0	1
51.53720	15.89859	-45.29744	LAX_LV_EPICARDIAL	7	1.0	1
51.31568	17.49988	-42.99593	LAX_LV_EPICARDIAL	7	1.0	1
51.09417	19.10117	-40.69442	LAX_LV_EPICARDIAL	7	1.0	1
49.47288	20.70246	-38.52763	LAX_LV_EPICARDIAL	7	1.0	1
47.85158	22.30376	-36.36085	LAX_LV_EPICARDIAL	7	1.0	1
47.63007	23.90505	-34.05934	LAX_LV_EPICARDIAL	7	1.0	1
46.00878	25.50634	-31.89255	LAX_LV_EPICARDIAL	7	1.0	1
44.38748	27.10763	-29.72576	LAX_LV_EPICARDIAL	7	1.0	1
42.76619	28.70892	-27.55898	LAX_LV_EPICARDIAL	7	1.0	1
41.14489	30.31021	-25.39219	LAX_LV_EPICARDIAL	7	1.0	1
38.12382	31.91151	-23.36013	LAX_LV_EPICARDIAL	7	1.0	1
36.50252	33.51280	-21.19334	LAX_LV_EPICARDIAL	7	1.0	1
34.88123	35.11409	-19.02656	LAX_LV_EPICARDIAL	7	1.0	1
31.86015	36.71538	-16.99450	LAX_LV_EPICARDIAL	7	1.0	1
28.83908	38.31667	-14.96243	LAX_LV_EPICARDIAL	7	1.0	1
25.92876	39.11732	-14.08113	LAX_LV_EPICARDIAL	7	1.0	1
23.01844	39.91797	-13.19982	LAX_LV_EPICARDIAL	7	1.0	1
20.21888	39.91797	-13.46927	LAX_LV_EPICARDIAL	7	1.0	1
17.41931	39.91797	-13.73872	LAX_LV_EPICARDIAL	7	1.0	1
-20.11321	27.90829	-34.77234	LAX_LV_ENDOCARDIAL	7	1.0	1
-19.89170	26.30700	-37.07385	LAX_LV_ENDOCARDIAL	7	1.0	1
-21.06997	24.70571	-39.51009	LAX_LV_ENDOCARDIAL	7	1.0	1
-20.84845	23.10442	-41.81160	LAX_LV_ENDOCARDIAL	7	1.0	1
-20.62694	21.50313	-44.11311	LAX_LV_ENDOCARDIAL	7	1.0	1
-20.40543	19.90184	-46.41462	LAX_LV_ENDOCARDIAL	7	1.0	1
-20.18392	18.30055	-48.71613	LAX_LV_ENDOCARDIAL	7	1.0	1
-19.96240	16.69926	-51.01764	LAX_LV_ENDOCARDIAL	7	1.0	1
-18.34111	15.09796	-53.18443	LAX_LV_ENDOCARDIAL	7	1.0	1
-16.71981	13.49667	-55.35122	LAX_LV_ENDOCARDIAL	7	1.0	1
-15.09852	11.89538	-57.51800	LAX_LV_ENDOCARDIAL	7	1.0	1
-12.07744	10.29409	-59.55007	LAX_LV_ENDOCARDIAL	7	1.0	1
-9.05637	8.69280	-61.58213	LAX_LV_ENDOCARDIAL	7	1.0	1
-7.43507	7.09150	-63.74891	LAX_LV_ENDOCARDIAL	7	1.0	1
-4.41400	5.49021	-65.78097	LAX_LV_ENDOCARDIAL	7	1.0	1
-2.79270	3.88892	-67.94776	LAX_LV_ENDOCARDIAL	7	1.0	1
-1.17141	2.28763	-70.11455	LAX_LV_ENDOCARDIAL	7	1.0	1
0.44988	0.68634	-72.28133	LAX_LV_ENDOCARDIAL	7	1.0	1
2.07118	-0.91495	-74.44812	LAX_LV_ENDOCARDIAL	7	1.0	1
3.69247	-2.51625	-76.61491	LAX_LV_ENDOCARDIAL	7	1.0	1
5.31377	-4.11754	-78.78169	LAX_LV_ENDOCARDIAL	7	1.0	1
6.93506	-5.71883	-80.94848	LAX_LV_ENDOCARDIAL	7	1.0	1
9.95614	-7.32012	-82.98054	LAX_LV_ENDOCARDIAL	7	1.0	1
11.57743	-8.92141	-85.14733	LAX_LV_ENDOCARDIAL	7	1.0	1
14.59851	-10.52270	-87.17939	LAX_LV_ENDOCARDIAL	7	1.0	1
16.21980	-12.12400	-89.34617	LAX_LV_ENDOCARDIAL	7	1.0	1
19.24088	-13.72529	-91.37824	LAX_LV_ENDOCARDIAL	7	1.0	1
22.26195	-15.32658	-93.41030	LAX_LV_ENDOCARDIAL	7	1.0	1
25.28303	-16.92787	-95.44236	LAX_LV_ENDOCARDIAL	7	1.0	1
28.19335	-17.72852	-96.32367	LAX_LV_ENDOCARDIAL	7	1.0	1
31.21442	-19.32981	-98.35573	LAX_LV_ENDOCARDIAL	7	1.0	1
34.01399	-19.32981	-98.08628	LAX_LV_ENDOCARDIAL	7	1.0	1
36.81355	-19.32981	-97.81683	LAX_LV_ENDOCARDIAL	7	1.0	1
39.50235	-18.52917	-96.39662	LAX_LV_ENDOCARDIAL	7	1.0	1
42.08040	-16.92788	-93.82566	LAX_LV_ENDOCARDIAL	7	1.0	1
43.25867	-15.32659	-91.38943	LAX_LV_ENDOCARDIAL	7	1.0	1
43.03716	-13.72529	-89.08792	LAX_LV_ENDOCARDIAL	7	1.0	1
44.21543	-12.12400	-86.65168	LAX_LV_ENDOCARDIAL	7	1.0	1
45.39369	-10.52271	-84.21545	LAX_LV_ENDOCARDIAL	7	1.0	1
45.17218	-8.92142	-81.91393	LAX_LV_ENDOCARDIAL	7	1.0	1
46.35045	-7.32013	-79.47770	LAX_LV_ENDOCARDIAL	7	1.0	1
47.52872	-5.71884	-77.04146	LAX_LV_ENDOCARDIAL	7	1.0	1
47.30720	-4.11755	-74.73995	LAX_LV_ENDOCARDIAL	7	1.0	1
48.48547	-2.51626	-72.30372	LAX_LV_ENDOCARDIAL	7	1.0	1
49.66374	-0.91497	-69.86748	LAX_LV_ENDOCARDIAL	7	1.0	1
49.44223	0.68632	-67.56597	LAX_LV_ENDOCARDIAL	7	1.0	1
49.22072	2.28762	-65.26446	LAX_LV_ENDOCARDIAL	7	1.0	1
48.99920	3.88891	-62.96295	LAX_LV_ENDOCARDIAL	7	1.0	1
48.77769	5.49020	-60.66144	LAX_LV_ENDOCARDIAL	7	1.0	1
48.55618	7.09149	-58.35993	LAX_LV_ENDOCARDIAL	7	1.0	1
48.33466	8.69278	-56.05842	LAX_LV_ENDOCARDIAL	7	1.0	1
48.11315	10.29407	-53.75690	LAX_LV_ENDOCARDIAL	7	1.0	1
47.89164	11.89536	-51.45539	LAX_LV_ENDOCARDIAL	7	1.0	1
46.27034	13.49665	-49.28861	LAX_LV_ENDOCARDIAL	7	1.0	1
46.04883	15.09795	-46.98710	LAX_LV_ENDOCARDIAL	7	1.0	1
45.82732	16.69924	-44.68559	LAX_LV_ENDOCARDIAL	7	1.0	1
44.20602	18.30053	-42.51880	LAX_LV_ENDOCARDIAL	7	1.0	1
43.98451	19.90182	-40.21729	LAX_LV_ENDOCARDIAL	7	1.0	1
42.36321	21.50311	-38.05050	LAX_LV_ENDOCARDIAL	7	1.0	1
40.74192	23.10440	-35.88372	LAX_LV_ENDOCARDIAL	7	1.0	1
39.12063	24.70569	-33.71693	LAX_LV_ENDOCARDIAL	7	1.0	1
37.49933	26.30699	-31.55014	LAX_LV_ENDOCARDIAL	7	1.0	1
34.47826	27.90828	-29.51808	LAX_LV_ENDOCARDIAL	7	1.0	1
32.85696	29.50957	-27.35130	LAX_LV_ENDOCARDIAL	7	1.0	1
31.23567	31.11086	-25.18451	LAX_LV_ENDOCARDIAL	7	1.0	1
28.21459	32.71215	-23.15245	LAX_LV_ENDOCARDIAL	7	1.0	1
26.70405	33.51280	-22.13642	LAX_LV_ENDOCARDIAL	7	1.0	1
23.79374	34.31345	-21.25511	LAX_LV_ENDOCARDIAL	7	1.0	1
20.77266	35.91474	-19.22305	LAX_LV_ENDOCARDIAL	7	1.0	1
17.86234	36.71538	-18.34174	LAX_LV_ENDOCARDIAL	7	1.0	1
15.06278	36.71539	-18.61119	LAX_LV_ENDOCARDIAL	7	1.0	1
12.26322	36.71539	-18.88064	LAX_LV_ENDOCARDIAL	7	1.0	1
-64.42313	14.29733	-58.78110	LAX_RV_EPICARDIAL	7	1.0	1
-66.89043	11.89540	-62.50282	LAX_RV_EPICARDIAL	7	1.0	1
-69.68999	11.89540	-62.77227	LAX_RV_EPICARDIAL	7	1.0	1
-72.37879	11.09475	-64.19247	LAX_RV_EPICARDIAL	7	1.0	1
-73.55706	9.49346	-66.62871	LAX_RV_EPICARDIAL	7	1.0	1
-73.33555	7.89217	-68.93022	LAX_RV_EPICARDIAL	7	1.0	1
-71.71425	6.29088	-71.09700	LAX_RV_EPICARDIAL	7	1.0	1
-71.49274	4.68959	-73.39851	LAX_RV_EPICARDIAL	7	1.0	1
-69.87145	3.08829	-75.56530	LAX_RV_EPICARDIAL	7	1.0	1
-68.25015	1.48700	-77.73209	LAX_RV_EPICARDIAL	7	1.0	1
-68.02864	-0.11429	-80.03360	LAX_RV_EPICARDIAL	7	1.0	1
-66.40735	-1.71558	-82.20038	LAX_RV_EPICARDIAL	7	1.0	1
-64.78605	-3.31687	-84.36717	LAX_RV_EPICARDIAL	7	1.0	1
-64.56454	-4.91816	-86.66868	LAX_RV_EPICARDIAL	7	1.0	1
-62.94324	-6.51945	-88.83547	LAX_RV_EPICARDIAL	7	1.0	1
-59.92217	-8.12075	-90.86753	LAX_RV_EPICARDIAL	7	1.0	1
-56.90109	-9.72204	-92.89959	LAX_RV_EPICARDIAL	7	1.0	1
-53.88002	-11.32333	-94.93165	LAX_RV_EPICARDIAL	7	1.0	1
-52.25872	-12.92462	-97.09844	LAX_RV_EPICARDIAL	7	1.0	1
-49.23765	-14.52591	-99.13050	LAX_RV_EPICARDIAL	7	1.0	1
-46.32733	-15.32656	-100.01181	LAX_RV_EPICARDIAL	7	1.0	1
-43.41701	-16.12721	-100.89311	LAX_RV_EPICARDIAL	7	1.0	1
-40.50669	-16.92785	-101.77442	LAX_RV_EPICARDIAL	7	1.0	1
-37.59637	-17.72850	-102.65572	LAX_RV_EPICARDIAL	7	1.0	1
-34.68605	-18.52915	-103.53703	LAX_RV_EPICARDIAL	7	1.0	1
-31.77573	-19.32979	-104.41834	LAX_RV_EPICARDIAL	7	1.0	1
-28.86541	-20.13044	-105.29964	LAX_RV_EPICARDIAL	7	1.0	1
-26.06585	-20.13044	-105.03019	LAX_RV_EPICARDIAL	7	1.0	1
-23.15553	-20.93109	-105.91150	LAX_RV_EPICARDIAL	7	1.0	1
-20.35597	-20.93109	-105.64205	LAX_RV_EPICARDIAL	7	1.0	1
-17.44565	-21.73173	-106.52336	LAX_RV_EPICARDIAL	7	1.0	1
-14.53533	-22.53238	-107.40466	LAX_RV_EPICARDIAL	7	1.0	1
-11.62501	-23.33303	-108.28597	LAX_RV_EPICARDIAL	7	1.0	1
-8.82545	-23.33303	-108.01652	LAX_RV_EPICARDIAL	7	1.0	1
-5.91513	-24.13367	-108.89783	LAX_RV_EPICARDIAL	7	1.0	1
-3.11557	-24.13367	-108.62838	LAX_RV_EPICARDIAL	7	1.0	1
-0.31601	-24.13368	-108.35893	LAX_RV_EPICARDIAL	7	1.0	1
2.48356	-24.13368	-108.08948	LAX_RV_EPICARDIAL	7	1.0	1
5.39387	-24.93432	-108.97078	LAX_RV_EPICARDIAL	7	1.0	1
8.19344	-24.93432	-108.70133	LAX_RV_EPICARDIAL	7	1.0	1
11.10376	-25.73497	-109.58264	LAX_RV_EPICARDIAL	7	1.0	1
13.90332	-25.73497	-109.31319	LAX_RV_EPICARDIAL	7	1.0	1
16.70288	-25.73497	-109.04374	LAX_RV_EPICARDIAL	7	1.0	1
19.39169	-24.93433	-107.62354	LAX_RV_EPICARDIAL	7	1.0	1
22.19125	-24.93433	-107.35409	LAX_RV_EPICARDIAL	7	1.0	1
24.88006	-24.13368	-105.93388	LAX_RV_EPICARDIAL	7	1.0	1
24.54779	-21.73175	-102.48162	LAX_RV_EPICARDIAL	7	1.0	1
9.24214	38.31668	-16.84858	MITRAL_VALVE	7	1.0	1
-17.64592	30.31023	-31.05063	MITRAL_VALVE	7	1.0	1
-67.00118	12.69604	-61.35206	TRICUSPID_VALVE	7	1.0	1
-28.36109	16.69926	-51.82599	TRICUSPID_VALVE	7	1.0	1
38.54560	-21.73175	-101.13437	APEX_POINT	7	1.0	1
-11.72735	-15.80729	3.00588	LAX_RV_FREEWALL	11	1.0	1
-11.34903	-15.79741	0.21895	LAX_RV_FREEWALL	11	1.0	1
-10.88531	-17.19117	-2.56135	LAX_RV_FREEWALL	11	1.0	1
-10.42158	-18.58493	-5.34165	LAX_RV_FREEWALL	11	1.0	1
-10.04327	-18.57505	-8.12858	LAX_RV_FREEWALL	11	1.0	1
-9.57954	-19.96881	-10.90888	LAX_RV_FREEWALL	11	1.0	1
-9.11581	-21.36257	-13.68918	LAX_RV_FREEWALL	11	1.0	1
-8.65208	-22.75633	-16.46949	LAX_RV_FREEWALL	11	1.0	1
-8.27377	-22.74645	-19.25641	LAX_RV_FREEWALL	11	1.0	1
-7.81004	-24.14021	-22.03672	LAX_RV_FREEWALL	11	1.0	1
-7.43173	-24.13033	-24.82364	LAX_RV_FREEWALL	11	1.0	1
-7.05342	-24.12045	-27.61056	LAX_RV_FREEWALL	11	1.0	1
-6.67510	-24.11057	-30.39748	LAX_RV_FREEWALL	11	1.0	1
-6.29679	-24.10070	-33.18441	LAX_RV_FREEWALL	11	1.0	1
-5.91848	-24.09082	-35.97133	LAX_RV_FREEWALL	11	1.0	1
-5.54017	-24.08094	-38.75825	LAX_RV_FREEWALL	11	1.0	1
-5.07644	-25.47470	-41.53856	LAX_RV_FREEWALL	11	1.0	1
-4.69813	-25.46482	-44.32548	LAX_RV_FREEWALL	11	1.0	1
-4.23440	-26.85858	-47.10578	LAX_RV_FREEWALL	11	1.0	1
-3.85609	-26.84870	-49.89271	LAX_RV_FREEWALL	11	1.0	1
-3.47778	-26.83882	-52.67963	LAX_RV_FREEWALL	11	1.0	1
-3.01405	-28.23258	-55.45993	LAX_RV_FREEWALL	11	1.0	1
-2.72115	-26.81906	-58.25348	LAX_RV_FREEWALL	11	1.0	1
-2.34284	-26.80918	-61.04040	LAX_RV_FREEWALL	11	1.0	1
-1.87911	-28.20294	-63.82070	LAX_RV_FREEWALL	11	1.0	1
-1.50080	-28.19307	-66.60763	LAX_RV_FREEWALL	11	1.0	1
-1.12249	-28.18319	-69.39455	LAX_RV_FREEWALL	11	1.0	1
-0.74417	-28.17331	-72.18147	LAX_RV_FREEWALL	11	1.0	1
-0.45128	-26.75979	-74.97502	LAX_RV_FREEWALL	11	1.0	1
-0.07297	-26.74991	-77.76194	LAX_RV_FREEWALL	11	1.0	1
0.30535	-26.74003	-80.54886	LAX_RV_FREEWALL	11	1.0	1
0.68366	-26.73015	-83.33579	LAX_RV_FREEWALL	11	1.0	1
1.06197	-26.72028	-86.12271	LAX_RV_FREEWALL	11	1.0	1
1.44028	-26.71040	-88.90963	LAX_RV_FREEWALL	11	1.0	1
1.90401	-28.10416	-91.68994	LAX_RV_FREEWALL	11	1.0	1
2.28232	-28.09428	-94.47686	LAX_RV_FREEWALL	11	1.0	1
2.66064	-28.08440	-97.26378	LAX_RV_FREEWALL	11	1.0	1
2.95353	-26.67088	-100.05732	LAX_RV_FREEWALL	11	1.0	1
3.33184	-26.66100	-102.84425	LAX_RV_FREEWALL	11	1.0	1
3.62474	-25.24749	-105.63779	LAX_RV_FREEWALL	11	1.0	1
3.83222	-22.43033	-108.43795	LAX_RV_FREEWALL	11	1.0	1
3.66139	-19.62305	-108.45119	LAX_RV_FREEWALL	11	1.0	1
3.49056	-16.81578	-108.46443	LAX_RV_FREEWALL	11	1.0	1
3.13057	-14.01344	-107.08421	LAX_RV_FREEWALL	11	1.0	1
2.95974	-11.20616	-107.09745	LAX_RV_FREEWALL	11	1.0	1
2.59975	-8.40382	-105.71722	LAX_RV_FREEWALL	11	1.0	1
2.05061	-5.60642	-102.94354	LAX_RV_FREEWALL	11	1.0	1
1.50146	-2.80903	-100.16985	LAX_RV_FREEWALL	11	1.0	1
0.95232	-0.01163	-97.39617	LAX_RV_FREEWALL	11	1.0	1
0.59233	2.79071	-96.01595	LAX_RV_FREEWALL	11	1.0	1
0.12860	4.18447	-93.23564	LAX_RV_FREEWALL	11	1.0	1
-0.33513	5.57823	-90.45534	LAX_RV_FREEWALL	11	1.0	1
-0.35345	2.76601	-89.04864	LAX_RV_FREEWALL	11	1.0	1
-0.37178	-0.04620	-87.64194	LAX_RV_SEPTUM	11	1.0	1
-0.39010	-2.85842	-86.23524	LAX_RV_SEPTUM	11	1.0	1
-0.40842	-5.67064	-84.82854	LAX_RV_SEPTUM	11	1.0	1
-0.42675	-8.48285	-83.42184	LAX_RV_SEPTUM	11	1.0	1
-0.63423	-11.30001	-80.62168	LAX_RV_SEPTUM	11	1.0	1
-0.92713	-12.71353	-77.82813	LAX_RV_SEPTUM	11	1.0	1
-1.22002	-14.12704	-75.03459	LAX_RV_SEPTUM	11	1.0	1
-1.51292	-15.54056	-72.24105	LAX_RV_SEPTUM	11	1.0	1
-1.89123	-15.55044	-69.45412	LAX_RV_SEPTUM	11	1.0	1
-2.18413	-16.96396	-66.66058	LAX_RV_SEPTUM	11	1.0	1
-2.56244	-16.97384	-63.87366	LAX_RV_SEPTUM	11	1.0	1
-2.94075	-16.98371	-61.08674	LAX_RV_SEPTUM	11	1.0	1
-3.31906	-16.99359	-58.29981	LAX_RV_SEPTUM	11	1.0	1
-3.69737	-17.00347	-55.51289	LAX_RV_SEPTUM	11	1.0	1
-4.07569	-17.01335	-52.72597	LAX_RV_SEPTUM	11	1.0	1
-4.45400	-17.02323	-49.93904	LAX_RV_SEPTUM	11	1.0	1
-4.91773	-15.62947	-47.15874	LAX_RV_SEPTUM	11	1.0	1
-5.38146	-14.23571	-44.37844	LAX_RV_SEPTUM	11	1.0	1
-5.75977	-14.24559	-41.59151	LAX_RV_SEPTUM	11	1.0	1
-6.22350	-12.85183	-38.81121	LAX_RV_SEPTUM	11	1.0	1
-6.68722	-11.45807	-36.03091	LAX_RV_SEPTUM	11	1.0	1
-7.15095	-10.06431	-33.25060	LAX_RV_SEPTUM	11	1.0	1
-7.61468	-8.67055	-30.47030	LAX_RV_SEPTUM	11	1.0	1
-8.07841	-7.27679	-27.68999	LAX_RV_SEPTUM	11	1.0	1
-8.45672	-7.28667	-24.90307	LAX_RV_SEPTUM	11	1.0	1
-8.92045	-5.89291	-22.12277	LAX_RV_SEPTUM	11	1.0	1
-9.38418	-4.49915	-19.34246	LAX_RV_SEPTUM	11	1.0	1
-9.84790	-3.10539	-16.56216	LAX_RV_SEPTUM	11	1.0	1
-10.31163	-1.71163	-13.78186	LAX_RV_SEPTUM	11	1.0	1
-11.83109	-17.21587	4.40596	LAX_RV_EPICARDIAL	11	1.0	1
-11.36736	-18.60963	1.62565	LAX_RV_EPICARDIAL	11	1.0	1
-10.90363	-20.00339	-1.15465	LAX_RV_EPICARDIAL	11	1.0	1
-10.43990	-21.39715	-3.93495	LAX_RV_EPICARDIAL	11	1.0	1
-9.97617	-22.79091	-6.71526	LAX_RV_EPICARDIAL	11	1.0	1
-9.59786	-22.78103	-9.50218	LAX_RV_EPICARDIAL	11	1.0	1
-9.13413	-24.17479	-12.28248	LAX_RV_EPICARDIAL	11	1.0	1
-8.67041	-25.56855	-15.06279	LAX_RV_EPICARDIAL	11	1.0	1
-8.20668	-26.96231	-17.84309	LAX_RV_EPICARDIAL	11	1.0	1
-7.82837	-26.95243	-20.63002	LAX_RV_EPICARDIAL	11	1.0	1
-7.45005	-26.94255	-23.41694	LAX_RV_EPICARDIAL	11	1.0	1
-7.07174	-26.93267	-26.20386	LAX_RV_EPICARDIAL	11	1.0	1
-6.69343	-26.92279	-28.99078	LAX_RV_EPICARDIAL	11	1.0	1
-6.31512	-26.91291	-31.77771	LAX_RV_EPICARDIAL	11	1.0	1
-5.93680	-26.90303	-34.56463	LAX_RV_EPICARDIAL	11	1.0	1
-5.55849	-26.89315	-37.35155	LAX_RV_EPICARDIAL	11	1.0	1
-5.18018	-26.88328	-40.13848	LAX_RV_EPICARDIAL	11	1.0	1
-4.71645	-28.27704	-42.91878	LAX_RV_EPICARDIAL	11	1.0	1
-4.33814	-28.26716	-45.70570	LAX_RV_EPICARDIAL	11	1.0	1
-3.95983	-28.25728	-48.49263	LAX_RV_EPICARDIAL	11	1.0	1
-3.49610	-29.65104	-51.27293	LAX_RV_EPICARDIAL	11	1.0	1
-3.11779	-29.64116	-54.05985	LAX_RV_EPICARDIAL	11	1.0	1
-2.65406	-31.03492	-56.84016	LAX_RV_EPICARDIAL	11	1.0	1
-2.27575	-31.02504	-59.62708	LAX_RV_EPICARDIAL	11	1.0	1
-1.89744	-31.01516	-62.41400	LAX_RV_EPICARDIAL	11	1.0	1
-1.51912	-31.00528	-65.20093	LAX_RV_EPICARDIAL	11	1.0	1
-1.14081	-30.99540	-67.98785	LAX_RV_EPICARDIAL	11	1.0	1
-0.76250	-30.98552	-70.77477	LAX_RV_EPICARDIAL	11	1.0	1
-0.38419	-30.97565	-73.56170	LAX_RV_EPICARDIAL	11	1.0	1
-0.09129	-29.56213	-76.35524	LAX_RV_EPICARDIAL	11	1.0	1
0.28702	-29.55225	-79.14216	LAX_RV_EPICARDIAL	11	1.0	1
0.66533	-29.54237	-81.92909	LAX_RV_EPICARDIAL	11	1.0	1
1.04365	-29.53249	-84.71601	LAX_RV_EPICARDIAL	11	1.0	1
1.42196	-29.52261	-87.50293	LAX_RV_EPICARDIAL	11	1.0	1
1.80027	-29.51273	-90.28985	LAX_RV_EPICARDIAL	11	1.0	1
2.26400	-30.90649	-93.07016	LAX_RV_EPICARDIAL	11	1.0	1
2.64231	-30.89662	-95.85708	LAX_RV_EPICARDIAL	11	1.0	1
2.93521	-29.48310	-98.65062	LAX_RV_EPICARDIAL	11	1.0	1
3.31352	-29.47322	-101.43755	LAX_RV_EPICARDIAL	11	1.0	1
3.60642	-28.05970	-104.23109	LAX_RV_EPICARDIAL	11	1.0	1
3.98473	-28.04982	-107.01801	LAX_RV_EPICARDIAL	11	1.0	1
4.27762	-26.63631	-109.81156	LAX_RV_EPICARDIAL	11	1.0	1
4.48510	-23.81915	-112.61172	LAX_RV_EPICARDIAL	11	1.0	1
4.31427	-21.01187	-112.62496	LAX_RV_EPICARDIAL	11	1.0	1
4.14344	-18.20460	-112.63819	LAX_RV_EPICARDIAL	11	1.0	1
3.78345	-15.40226	-111.25797	LAX_RV_EPICARDIAL	11	1.0	1
3.61262	-12.59498	-111.27121	LAX_RV_EPICARDIAL	11	1.0	1
3.25263	-9.79264	-109.89099	LAX_RV_EPICARDIAL	11	1.0	1
2.89265	-6.99030	-108.51076	LAX_RV_EPICARDIAL	11	1.0	1
2.53266	-4.18797	-107.13054	LAX_RV_EPICARDIAL	11	1.0	1
1.98351	-1.39057	-104.35686	LAX_RV_EPICARDIAL	11	1.0	1
1.62353	1.41177	-102.97663	LAX_RV_EPICARDIAL	11	1.0	1
1.07438	4.20917	-100.20295	LAX_RV_EPICARDIAL	11	1.0	1
0.61065	5.60293	-97.42265	LAX_RV_EPICARDIAL	11	1.0	1
0.06151	8.40033	-94.64896	LAX_RV_EPICARDIAL	11	1.0	1
-0.48763	11.19772	-91.87528	LAX_RV_EPICARDIAL	11	1.0	1
-0.86595	11.18785	-89.08835	LAX_RV_EPICARDIAL	11	1.0	1
-0.69511	8.38057	-89.07512	LAX_RV_EPICARDIAL	11	1.0	1
-0.33513	5.57823	-90.45534	LAX_RV_EPICARDIAL	11	1.0	1
-11.04993	1.08083	-9.61471	PULMONARY_VALVE	11	1.0	1
-12.08733	-13.00495	4.38610	PULMONARY_VALVE	11	1.0	1
