x	y	z	contour type	frameID	weight	time frame
-36.04595	-22.05874	-28.10286	SAX_RV_FREEWALL	2	1.0	19
-37.74252	-20.95398	-30.50886	SAX_RV_FREEWALL	2	1.0	19
-39.97021	-20.95398	-32.22571	SAX_RV_FREEWALL	2	1.0	19
-42.19789	-20.95398	-33.94256	SAX_RV_FREEWALL	2	1.0	19
-44.42558	-20.95398	-35.65940	SAX_RV_FREEWALL	2	1.0	19
-46.65327	-20.95399	-37.37625	SAX_RV_FREEWALL	2	1.0	19
-48.88096	-20.95399	-39.09309	SAX_RV_FREEWALL	2	1.0	19
-51.10865	-20.95399	-40.80994	SAX_RV_FREEWALL	2	1.0	19
-53.33634	-20.95399	-42.52678	SAX_RV_FREEWALL	2	1.0	19
-55.03290	-19.84923	-44.93279	SAX_RV_FREEWALL	2	1.0	19
-57.26059	-19.84923	-46.64963	SAX_RV_FREEWALL	2	1.0	19
-58.95716	-18.74446	-49.05563	SAX_RV_FREEWALL	2	1.0	19
-61.18485	-18.74446	-50.77248	SAX_RV_FREEWALL	2	1.0	19
-62.35029	-16.53493	-53.86764	SAX_RV_FREEWALL	2	1.0	19
-64.04686	-15.43016	-56.27364	SAX_RV_FREEWALL	2	1.0	19
-65.74343	-14.32540	-58.67964	SAX_RV_FREEWALL	2	1.0	19
-67.44000	-13.22063	-61.08565	SAX_RV_FREEWALL	2	1.0	19
-68.60544	-11.01110	-64.18080	SAX_RV_FREEWALL	2	1.0	19
-68.65705	-8.80156	-66.41754	SAX_RV_FREEWALL	2	1.0	19
-68.70865	-6.59203	-68.65428	SAX_RV_FREEWALL	2	1.0	19
-67.64641	-4.38249	-70.03259	SAX_RV_FREEWALL	2	1.0	19
-66.58416	-2.17295	-71.41090	SAX_RV_FREEWALL	2	1.0	19
-65.52192	0.03658	-72.78922	SAX_RV_FREEWALL	2	1.0	19
-64.45968	2.24612	-74.16753	SAX_RV_FREEWALL	2	1.0	19
-62.28359	4.45566	-74.68742	SAX_RV_FREEWALL	2	1.0	19
-60.10751	6.66520	-75.20731	SAX_RV_FREEWALL	2	1.0	19
-57.93142	8.87473	-75.72720	SAX_RV_FREEWALL	2	1.0	19
-54.64149	11.08427	-75.38867	SAX_RV_FREEWALL	2	1.0	19
-52.46541	13.29381	-75.90856	SAX_RV_FREEWALL	2	1.0	19
-49.17548	15.50335	-75.57003	SAX_RV_FREEWALL	2	1.0	19
-45.88555	17.71289	-75.23150	SAX_RV_FREEWALL	2	1.0	19
-43.12674	18.81766	-74.20381	SAX_RV_FREEWALL	2	1.0	19
-40.36793	19.92243	-73.17612	SAX_RV_FREEWALL	2	1.0	19
-37.60912	21.02720	-72.14843	SAX_RV_FREEWALL	2	1.0	19
-34.85031	22.13197	-71.12074	SAX_RV_FREEWALL	2	1.0	19
-32.09150	23.23674	-70.09305	SAX_RV_FREEWALL	2	1.0	19
-29.86381	23.23674	-68.37621	SAX_RV_FREEWALL	2	1.0	19
-28.16724	22.13198	-65.97020	SAX_RV_FREEWALL	2	1.0	19
-26.47068	21.02721	-63.56420	SAX_RV_FREEWALL	2	1.0	19
13.02990	-1.06811	-11.15204	SAX_RV_FREEWALL	2	1.0	19
13.08150	-3.27764	-8.91530	SAX_RV_FREEWALL	2	1.0	19
12.55038	-4.38241	-8.22615	SAX_RV_FREEWALL	2	1.0	19
11.48814	-6.59195	-6.84783	SAX_RV_FREEWALL	2	1.0	19
10.42589	-8.80148	-5.46952	SAX_RV_FREEWALL	2	1.0	19
7.13596	-11.01102	-5.80805	SAX_RV_FREEWALL	2	1.0	19
3.84603	-13.22056	-6.14659	SAX_RV_FREEWALL	2	1.0	19
1.08722	-14.32533	-7.17427	SAX_RV_FREEWALL	2	1.0	19
-2.20271	-16.53487	-7.51281	SAX_RV_FREEWALL	2	1.0	19
-4.96152	-17.63964	-8.54050	SAX_RV_FREEWALL	2	1.0	19
-7.18920	-17.63964	-10.25734	SAX_RV_FREEWALL	2	1.0	19
-9.94801	-18.74441	-11.28503	SAX_RV_FREEWALL	2	1.0	19
-12.70682	-19.84918	-12.31272	SAX_RV_FREEWALL	2	1.0	19
-14.93451	-19.84919	-14.02956	SAX_RV_FREEWALL	2	1.0	19
-17.16220	-19.84919	-15.74641	SAX_RV_FREEWALL	2	1.0	19
-19.92101	-20.95396	-16.77410	SAX_RV_FREEWALL	2	1.0	19
-22.14870	-20.95396	-18.49094	SAX_RV_FREEWALL	2	1.0	19
-24.90751	-22.05873	-19.51863	SAX_RV_FREEWALL	2	1.0	19
-27.13520	-22.05873	-21.23548	SAX_RV_FREEWALL	2	1.0	19
-29.36288	-22.05874	-22.95232	SAX_RV_FREEWALL	2	1.0	19
-31.59057	-22.05874	-24.66917	SAX_RV_FREEWALL	2	1.0	19
-33.81826	-22.05874	-26.38602	SAX_RV_FREEWALL	2	1.0	19
-48.24663	-24.26829	-35.30878	SAX_RV_EPICARDIAL	2	1.0	19
-49.94320	-23.16352	-37.71478	SAX_RV_EPICARDIAL	2	1.0	19
-52.17089	-23.16353	-39.43162	SAX_RV_EPICARDIAL	2	1.0	19
-54.39858	-23.16353	-41.14847	SAX_RV_EPICARDIAL	2	1.0	19
-56.62627	-23.16353	-42.86532	SAX_RV_EPICARDIAL	2	1.0	19
-58.32283	-22.05876	-45.27132	SAX_RV_EPICARDIAL	2	1.0	19
-60.55052	-22.05877	-46.98816	SAX_RV_EPICARDIAL	2	1.0	19
-62.24709	-20.95400	-49.39417	SAX_RV_EPICARDIAL	2	1.0	19
-64.47478	-20.95400	-51.11101	SAX_RV_EPICARDIAL	2	1.0	19
-65.64022	-18.74447	-54.20617	SAX_RV_EPICARDIAL	2	1.0	19
-67.33679	-17.63970	-56.61217	SAX_RV_EPICARDIAL	2	1.0	19
-68.50224	-15.43017	-59.70733	SAX_RV_EPICARDIAL	2	1.0	19
-70.19881	-14.32540	-62.11333	SAX_RV_EPICARDIAL	2	1.0	19
-71.36425	-12.11587	-65.20849	SAX_RV_EPICARDIAL	2	1.0	19
-71.41586	-9.90633	-67.44523	SAX_RV_EPICARDIAL	2	1.0	19
-70.35361	-7.69680	-68.82354	SAX_RV_EPICARDIAL	2	1.0	19
-70.40522	-5.48726	-71.06028	SAX_RV_EPICARDIAL	2	1.0	19
-69.34297	-3.27772	-72.43859	SAX_RV_EPICARDIAL	2	1.0	19
-68.28073	-1.06819	-73.81691	SAX_RV_EPICARDIAL	2	1.0	19
-66.10465	1.14135	-74.33680	SAX_RV_EPICARDIAL	2	1.0	19
-65.04240	3.35089	-75.71511	SAX_RV_EPICARDIAL	2	1.0	19
-62.86632	5.56042	-76.23500	SAX_RV_EPICARDIAL	2	1.0	19
-61.80408	7.76996	-77.61331	SAX_RV_EPICARDIAL	2	1.0	19
-59.62799	9.97950	-78.13320	SAX_RV_EPICARDIAL	2	1.0	19
-56.33806	12.18904	-77.79467	SAX_RV_EPICARDIAL	2	1.0	19
-54.16197	14.39858	-78.31456	SAX_RV_EPICARDIAL	2	1.0	19
-50.87204	16.60811	-77.97603	SAX_RV_EPICARDIAL	2	1.0	19
-47.58211	18.81765	-77.63750	SAX_RV_EPICARDIAL	2	1.0	19
-44.29218	21.02719	-77.29897	SAX_RV_EPICARDIAL	2	1.0	19
-41.53337	22.13196	-76.27128	SAX_RV_EPICARDIAL	2	1.0	19
-38.77456	23.23673	-75.24359	SAX_RV_EPICARDIAL	2	1.0	19
-36.01575	24.34150	-74.21590	SAX_RV_EPICARDIAL	2	1.0	19
-33.25694	25.44627	-73.18821	SAX_RV_EPICARDIAL	2	1.0	19
-31.02926	25.44628	-71.47137	SAX_RV_EPICARDIAL	2	1.0	19
-28.80157	25.44628	-69.75452	SAX_RV_EPICARDIAL	2	1.0	19
-26.57388	25.44628	-68.03767	SAX_RV_EPICARDIAL	2	1.0	19
-24.34619	25.44628	-66.32083	SAX_RV_EPICARDIAL	2	1.0	19
-25.35683	21.02721	-62.70578	SAX_RV_EPICARDIAL	2	1.0	19
13.66422	-4.38241	-7.36772	SAX_RV_EPICARDIAL	2	1.0	19
13.71582	-6.59194	-5.13099	SAX_RV_EPICARDIAL	2	1.0	19
13.76743	-8.80148	-2.89425	SAX_RV_EPICARDIAL	2	1.0	19
11.59134	-11.01102	-2.37436	SAX_RV_EPICARDIAL	2	1.0	19
8.30141	-13.22056	-2.71289	SAX_RV_EPICARDIAL	2	1.0	19
5.01148	-15.43010	-3.05143	SAX_RV_EPICARDIAL	2	1.0	19
2.25267	-16.53487	-4.07912	SAX_RV_EPICARDIAL	2	1.0	19
-0.50614	-17.63964	-5.10680	SAX_RV_EPICARDIAL	2	1.0	19
-3.26495	-18.74441	-6.13449	SAX_RV_EPICARDIAL	2	1.0	19
-6.02376	-19.84918	-7.16218	SAX_RV_EPICARDIAL	2	1.0	19
-8.78257	-20.95395	-8.18987	SAX_RV_EPICARDIAL	2	1.0	19
-11.01026	-20.95395	-9.90672	SAX_RV_EPICARDIAL	2	1.0	19
-13.76906	-22.05872	-10.93441	SAX_RV_EPICARDIAL	2	1.0	19
-15.99675	-22.05872	-12.65125	SAX_RV_EPICARDIAL	2	1.0	19
-18.22444	-22.05872	-14.36810	SAX_RV_EPICARDIAL	2	1.0	19
-20.98325	-23.16350	-15.39579	SAX_RV_EPICARDIAL	2	1.0	19
-23.21094	-23.16350	-17.11263	SAX_RV_EPICARDIAL	2	1.0	19
-25.96975	-24.26827	-18.14032	SAX_RV_EPICARDIAL	2	1.0	19
-28.19744	-24.26827	-19.85717	SAX_RV_EPICARDIAL	2	1.0	19
-30.42513	-24.26827	-21.57401	SAX_RV_EPICARDIAL	2	1.0	19
-32.65281	-24.26827	-23.29086	SAX_RV_EPICARDIAL	2	1.0	19
-34.88050	-24.26828	-25.00770	SAX_RV_EPICARDIAL	2	1.0	19
-37.10819	-24.26828	-26.72455	SAX_RV_EPICARDIAL	2	1.0	19
-39.33588	-24.26828	-28.44139	SAX_RV_EPICARDIAL	2	1.0	19
-41.56357	-24.26828	-30.15824	SAX_RV_EPICARDIAL	2	1.0	19
-43.79126	-24.26829	-31.87508	SAX_RV_EPICARDIAL	2	1.0	19
-46.01894	-24.26829	-33.59193	SAX_RV_EPICARDIAL	2	1.0	19
-24.77411	19.92244	-61.15820	SAX_RV_SEPTUM	2	1.0	19
-24.72251	17.71291	-58.92146	SAX_RV_SEPTUM	2	1.0	19
-24.67090	15.50337	-56.68473	SAX_RV_SEPTUM	2	1.0	19
-25.73314	13.29384	-55.30641	SAX_RV_SEPTUM	2	1.0	19
-25.68154	11.08430	-53.06968	SAX_RV_SEPTUM	2	1.0	19
-25.62994	8.87476	-50.83294	SAX_RV_SEPTUM	2	1.0	19
-24.46449	6.66523	-47.73778	SAX_RV_SEPTUM	2	1.0	19
-24.41289	4.45570	-45.50105	SAX_RV_SEPTUM	2	1.0	19
-23.24744	2.24616	-42.40589	SAX_RV_SEPTUM	2	1.0	19
-23.19584	0.03663	-40.16915	SAX_RV_SEPTUM	2	1.0	19
-22.03040	-2.17291	-37.07399	SAX_RV_SEPTUM	2	1.0	19
-20.86495	-4.38244	-33.97883	SAX_RV_SEPTUM	2	1.0	19
-19.16838	-5.48721	-31.57283	SAX_RV_SEPTUM	2	1.0	19
-17.47181	-6.59198	-29.16683	SAX_RV_SEPTUM	2	1.0	19
-15.77525	-7.69674	-26.76083	SAX_RV_SEPTUM	2	1.0	19
-13.54756	-7.69674	-25.04398	SAX_RV_SEPTUM	2	1.0	19
-11.31987	-7.69674	-23.32713	SAX_RV_SEPTUM	2	1.0	19
-8.56106	-6.59197	-22.29944	SAX_RV_SEPTUM	2	1.0	19
-6.33337	-6.59196	-20.58260	SAX_RV_SEPTUM	2	1.0	19
-3.57456	-5.48719	-19.55491	SAX_RV_SEPTUM	2	1.0	19
-0.81575	-4.38242	-18.52722	SAX_RV_SEPTUM	2	1.0	19
1.94306	-3.27765	-17.49953	SAX_RV_SEPTUM	2	1.0	19
4.70187	-2.17288	-16.47184	SAX_RV_SEPTUM	2	1.0	19
7.46067	-1.06811	-15.44415	SAX_RV_SEPTUM	2	1.0	19
10.21948	0.03666	-14.41647	SAX_RV_SEPTUM	2	1.0	19
12.97829	1.14143	-13.38878	SAX_RV_SEPTUM	2	1.0	19
-22.64962	24.34152	-63.91483	SAX_LV_EPICARDIAL	2	1.0	19
-20.47354	26.55105	-64.43472	SAX_LV_EPICARDIAL	2	1.0	19
-19.41130	28.76059	-65.81303	SAX_LV_EPICARDIAL	2	1.0	19
-18.34905	30.97013	-67.19134	SAX_LV_EPICARDIAL	2	1.0	19
-16.17297	33.17966	-67.71123	SAX_LV_EPICARDIAL	2	1.0	19
-13.99688	35.38920	-68.23113	SAX_LV_EPICARDIAL	2	1.0	19
-11.82080	37.59874	-68.75102	SAX_LV_EPICARDIAL	2	1.0	19
-8.53087	39.80828	-68.41248	SAX_LV_EPICARDIAL	2	1.0	19
-5.24094	42.01782	-68.07395	SAX_LV_EPICARDIAL	2	1.0	19
-1.95100	44.22736	-67.73542	SAX_LV_EPICARDIAL	2	1.0	19
0.80780	45.33213	-66.70773	SAX_LV_EPICARDIAL	2	1.0	19
3.56661	46.43690	-65.68004	SAX_LV_EPICARDIAL	2	1.0	19
6.32542	47.54167	-64.65235	SAX_LV_EPICARDIAL	2	1.0	19
9.08423	48.64644	-63.62466	SAX_LV_EPICARDIAL	2	1.0	19
11.84304	49.75121	-62.59697	SAX_LV_EPICARDIAL	2	1.0	19
14.07073	49.75121	-60.88013	SAX_LV_EPICARDIAL	2	1.0	19
16.82954	50.85598	-59.85244	SAX_LV_EPICARDIAL	2	1.0	19
19.05723	50.85598	-58.13559	SAX_LV_EPICARDIAL	2	1.0	19
21.28492	50.85599	-56.41875	SAX_LV_EPICARDIAL	2	1.0	19
23.51261	50.85599	-54.70190	SAX_LV_EPICARDIAL	2	1.0	19
25.20917	49.75122	-52.29590	SAX_LV_EPICARDIAL	2	1.0	19
27.43686	49.75122	-50.57906	SAX_LV_EPICARDIAL	2	1.0	19
29.13343	48.64646	-48.17305	SAX_LV_EPICARDIAL	2	1.0	19
30.83000	47.54169	-45.76705	SAX_LV_EPICARDIAL	2	1.0	19
32.52656	46.43693	-43.36105	SAX_LV_EPICARDIAL	2	1.0	19
34.22313	45.33216	-40.95505	SAX_LV_EPICARDIAL	2	1.0	19
35.38858	43.12263	-37.85989	SAX_LV_EPICARDIAL	2	1.0	19
36.55402	40.91309	-34.76473	SAX_LV_EPICARDIAL	2	1.0	19
38.25059	39.80833	-32.35873	SAX_LV_EPICARDIAL	2	1.0	19
38.30219	37.59879	-30.12199	SAX_LV_EPICARDIAL	2	1.0	19
38.35380	35.38925	-27.88525	SAX_LV_EPICARDIAL	2	1.0	19
39.51924	33.17972	-24.79009	SAX_LV_EPICARDIAL	2	1.0	19
39.57085	30.97018	-22.55336	SAX_LV_EPICARDIAL	2	1.0	19
38.50860	28.76065	-21.17504	SAX_LV_EPICARDIAL	2	1.0	19
38.56021	26.55111	-18.93831	SAX_LV_EPICARDIAL	2	1.0	19
37.49796	24.34158	-17.55999	SAX_LV_EPICARDIAL	2	1.0	19
36.43572	22.13204	-16.18168	SAX_LV_EPICARDIAL	2	1.0	19
35.37348	19.92250	-14.80337	SAX_LV_EPICARDIAL	2	1.0	19
33.19739	17.71297	-14.28348	SAX_LV_EPICARDIAL	2	1.0	19
32.13515	15.50343	-12.90516	SAX_LV_EPICARDIAL	2	1.0	19
29.95907	13.29389	-12.38527	SAX_LV_EPICARDIAL	2	1.0	19
27.78298	11.08435	-11.86538	SAX_LV_EPICARDIAL	2	1.0	19
24.49305	8.87481	-12.20391	SAX_LV_EPICARDIAL	2	1.0	19
22.31696	6.66528	-11.68402	SAX_LV_EPICARDIAL	2	1.0	19
19.55815	5.56051	-12.71171	SAX_LV_EPICARDIAL	2	1.0	19
-12.64012	1.14140	-33.13250	SAX_LV_ENDOCARDIAL	2	1.0	19
-14.33669	2.24617	-35.53850	SAX_LV_ENDOCARDIAL	2	1.0	19
-16.03326	3.35094	-37.94451	SAX_LV_ENDOCARDIAL	2	1.0	19
-17.19870	5.56047	-41.03967	SAX_LV_ENDOCARDIAL	2	1.0	19
-18.36415	7.77000	-44.13482	SAX_LV_ENDOCARDIAL	2	1.0	19
-18.41575	9.97954	-46.37156	SAX_LV_ENDOCARDIAL	2	1.0	19
-18.46736	12.18908	-48.60830	SAX_LV_ENDOCARDIAL	2	1.0	19
-17.40511	14.39861	-49.98661	SAX_LV_ENDOCARDIAL	2	1.0	19
-17.45672	16.60815	-52.22335	SAX_LV_ENDOCARDIAL	2	1.0	19
-17.50832	18.81768	-54.46008	SAX_LV_ENDOCARDIAL	2	1.0	19
-16.44608	21.02722	-55.83840	SAX_LV_ENDOCARDIAL	2	1.0	19
-15.38384	23.23676	-57.21671	SAX_LV_ENDOCARDIAL	2	1.0	19
-14.32159	25.44629	-58.59502	SAX_LV_ENDOCARDIAL	2	1.0	19
-13.25935	27.65583	-59.97334	SAX_LV_ENDOCARDIAL	2	1.0	19
-11.08327	29.86537	-60.49323	SAX_LV_ENDOCARDIAL	2	1.0	19
-8.90718	32.07490	-61.01312	SAX_LV_ENDOCARDIAL	2	1.0	19
-6.73109	34.28444	-61.53301	SAX_LV_ENDOCARDIAL	2	1.0	19
-3.44116	36.49398	-61.19448	SAX_LV_ENDOCARDIAL	2	1.0	19
-0.15123	38.70352	-60.85594	SAX_LV_ENDOCARDIAL	2	1.0	19
2.60758	39.80829	-59.82826	SAX_LV_ENDOCARDIAL	2	1.0	19
5.36639	40.91306	-58.80057	SAX_LV_ENDOCARDIAL	2	1.0	19
8.12520	42.01783	-57.77288	SAX_LV_ENDOCARDIAL	2	1.0	19
10.88401	43.12260	-56.74519	SAX_LV_ENDOCARDIAL	2	1.0	19
13.11169	43.12260	-55.02834	SAX_LV_ENDOCARDIAL	2	1.0	19
15.87050	44.22737	-54.00065	SAX_LV_ENDOCARDIAL	2	1.0	19
18.09819	44.22738	-52.28381	SAX_LV_ENDOCARDIAL	2	1.0	19
20.32588	44.22738	-50.56696	SAX_LV_ENDOCARDIAL	2	1.0	19
22.02245	43.12261	-48.16096	SAX_LV_ENDOCARDIAL	2	1.0	19
24.25014	43.12261	-46.44411	SAX_LV_ENDOCARDIAL	2	1.0	19
25.94670	42.01785	-44.03811	SAX_LV_ENDOCARDIAL	2	1.0	19
27.64327	40.91308	-41.63211	SAX_LV_ENDOCARDIAL	2	1.0	19
28.80872	38.70355	-38.53695	SAX_LV_ENDOCARDIAL	2	1.0	19
29.97416	36.49401	-35.44179	SAX_LV_ENDOCARDIAL	2	1.0	19
31.13961	34.28448	-32.34663	SAX_LV_ENDOCARDIAL	2	1.0	19
32.30506	32.07495	-29.25147	SAX_LV_ENDOCARDIAL	2	1.0	19
33.47050	29.86541	-26.15631	SAX_LV_ENDOCARDIAL	2	1.0	19
33.52211	27.65588	-23.91958	SAX_LV_ENDOCARDIAL	2	1.0	19
32.45986	25.44634	-22.54127	SAX_LV_ENDOCARDIAL	2	1.0	19
31.39762	23.23680	-21.16295	SAX_LV_ENDOCARDIAL	2	1.0	19
30.33538	21.02727	-19.78464	SAX_LV_ENDOCARDIAL	2	1.0	19
28.15929	18.81773	-19.26475	SAX_LV_ENDOCARDIAL	2	1.0	19
25.98321	16.60819	-18.74486	SAX_LV_ENDOCARDIAL	2	1.0	19
23.80712	14.39865	-18.22497	SAX_LV_ENDOCARDIAL	2	1.0	19
20.51719	12.18911	-18.56350	SAX_LV_ENDOCARDIAL	2	1.0	19
17.75838	11.08434	-19.59119	SAX_LV_ENDOCARDIAL	2	1.0	19
14.99957	9.97957	-20.61888	SAX_LV_ENDOCARDIAL	2	1.0	19
12.24076	8.87480	-21.64657	SAX_LV_ENDOCARDIAL	2	1.0	19
9.48195	7.77003	-22.67425	SAX_LV_ENDOCARDIAL	2	1.0	19
6.72314	6.66526	-23.70194	SAX_LV_ENDOCARDIAL	2	1.0	19
3.96434	5.56049	-24.72963	SAX_LV_ENDOCARDIAL	2	1.0	19
1.20553	4.45572	-25.75732	SAX_LV_ENDOCARDIAL	2	1.0	19
-1.55328	3.35095	-26.78501	SAX_LV_ENDOCARDIAL	2	1.0	19
-4.31209	2.24618	-27.81270	SAX_LV_ENDOCARDIAL	2	1.0	19
-6.53978	2.24618	-29.52954	SAX_LV_ENDOCARDIAL	2	1.0	19
-9.29859	1.14141	-30.55723	SAX_LV_ENDOCARDIAL	2	1.0	19
-11.52628	1.14140	-32.27408	SAX_LV_ENDOCARDIAL	2	1.0	19
13.02990	-1.06811	-11.15204	RV_INSERT	2	1.0	19
-26.47068	21.02721	-63.56420	RV_INSERT	2	1.0	19
-46.59551	-28.59119	-58.18352	SAX_RV_FREEWALL	3	1.0	19
-48.29207	-27.48642	-60.58952	SAX_RV_FREEWALL	3	1.0	19
-50.51976	-27.48643	-62.30637	SAX_RV_FREEWALL	3	1.0	19
-52.21633	-26.38166	-64.71237	SAX_RV_FREEWALL	3	1.0	19
-53.91290	-25.27689	-67.11837	SAX_RV_FREEWALL	3	1.0	19
-55.07834	-23.06736	-70.21353	SAX_RV_FREEWALL	3	1.0	19
-56.77491	-21.96259	-72.61954	SAX_RV_FREEWALL	3	1.0	19
-57.94036	-19.75306	-75.71469	SAX_RV_FREEWALL	3	1.0	19
-59.10580	-17.54353	-78.80985	SAX_RV_FREEWALL	3	1.0	19
-60.27125	-15.33399	-81.90501	SAX_RV_FREEWALL	3	1.0	19
-59.20901	-13.12445	-83.28333	SAX_RV_FREEWALL	3	1.0	19
-58.14677	-10.91492	-84.66164	SAX_RV_FREEWALL	3	1.0	19
-55.97068	-8.70538	-85.18153	SAX_RV_FREEWALL	3	1.0	19
-53.79459	-6.49584	-85.70142	SAX_RV_FREEWALL	3	1.0	19
-50.50466	-4.28630	-85.36289	SAX_RV_FREEWALL	3	1.0	19
-47.21473	-2.07677	-85.02436	SAX_RV_FREEWALL	3	1.0	19
-43.92480	0.13277	-84.68582	SAX_RV_FREEWALL	3	1.0	19
-40.63487	2.34231	-84.34729	SAX_RV_FREEWALL	3	1.0	19
-37.34494	4.55185	-84.00876	SAX_RV_FREEWALL	3	1.0	19
-34.05501	6.76139	-83.67023	SAX_RV_FREEWALL	3	1.0	19
-30.76508	8.97093	-83.33170	SAX_RV_FREEWALL	3	1.0	19
-27.47515	11.18047	-82.99316	SAX_RV_FREEWALL	3	1.0	19
-24.71634	12.28524	-81.96547	SAX_RV_FREEWALL	3	1.0	19
-21.95753	13.39001	-80.93779	SAX_RV_FREEWALL	3	1.0	19
-19.19872	14.49478	-79.91010	SAX_RV_FREEWALL	3	1.0	19
-16.97104	14.49478	-78.19325	SAX_RV_FREEWALL	3	1.0	19
5.49716	-17.54346	-29.02133	SAX_RV_FREEWALL	3	1.0	19
2.73835	-18.64823	-30.04902	SAX_RV_FREEWALL	3	1.0	19
0.51066	-18.64823	-31.76587	SAX_RV_FREEWALL	3	1.0	19
-2.24815	-19.75300	-32.79355	SAX_RV_FREEWALL	3	1.0	19
-5.00696	-20.85777	-33.82124	SAX_RV_FREEWALL	3	1.0	19
-8.29689	-23.06731	-34.15978	SAX_RV_FREEWALL	3	1.0	19
-11.05570	-24.17208	-35.18746	SAX_RV_FREEWALL	3	1.0	19
-13.81450	-25.27685	-36.21515	SAX_RV_FREEWALL	3	1.0	19
-16.57331	-26.38163	-37.24284	SAX_RV_FREEWALL	3	1.0	19
-19.33212	-27.48640	-38.27053	SAX_RV_FREEWALL	3	1.0	19
-21.55981	-27.48640	-39.98738	SAX_RV_FREEWALL	3	1.0	19
-24.31862	-28.59117	-41.01507	SAX_RV_FREEWALL	3	1.0	19
-26.54631	-28.59117	-42.73191	SAX_RV_FREEWALL	3	1.0	19
-28.77400	-28.59117	-44.44876	SAX_RV_FREEWALL	3	1.0	19
-31.00169	-28.59117	-46.16560	SAX_RV_FREEWALL	3	1.0	19
-33.22938	-28.59118	-47.88245	SAX_RV_FREEWALL	3	1.0	19
-35.45706	-28.59118	-49.59929	SAX_RV_FREEWALL	3	1.0	19
-37.68475	-28.59118	-51.31614	SAX_RV_FREEWALL	3	1.0	19
-39.91244	-28.59118	-53.03298	SAX_RV_FREEWALL	3	1.0	19
-42.14013	-28.59119	-54.74983	SAX_RV_FREEWALL	3	1.0	19
-44.36782	-28.59119	-56.46668	SAX_RV_FREEWALL	3	1.0	19
-37.58155	-33.01025	-46.84267	SAX_RV_EPICARDIAL	3	1.0	19
-39.27811	-31.90549	-49.24867	SAX_RV_EPICARDIAL	3	1.0	19
-41.50580	-31.90549	-50.96551	SAX_RV_EPICARDIAL	3	1.0	19
-43.73349	-31.90549	-52.68236	SAX_RV_EPICARDIAL	3	1.0	19
-45.96118	-31.90549	-54.39921	SAX_RV_EPICARDIAL	3	1.0	19
-47.65775	-30.80073	-56.80521	SAX_RV_EPICARDIAL	3	1.0	19
-49.88544	-30.80073	-58.52205	SAX_RV_EPICARDIAL	3	1.0	19
-51.58200	-29.69596	-60.92806	SAX_RV_EPICARDIAL	3	1.0	19
-53.27857	-28.59120	-63.33406	SAX_RV_EPICARDIAL	3	1.0	19
-54.97514	-27.48643	-65.74006	SAX_RV_EPICARDIAL	3	1.0	19
-56.67171	-26.38166	-68.14606	SAX_RV_EPICARDIAL	3	1.0	19
-57.83715	-24.17213	-71.24122	SAX_RV_EPICARDIAL	3	1.0	19
-59.53372	-23.06736	-73.64722	SAX_RV_EPICARDIAL	3	1.0	19
-60.69917	-20.85783	-76.74238	SAX_RV_EPICARDIAL	3	1.0	19
-61.86461	-18.64830	-79.83754	SAX_RV_EPICARDIAL	3	1.0	19
-61.91622	-16.43876	-82.07428	SAX_RV_EPICARDIAL	3	1.0	19
-61.96782	-14.22922	-84.31102	SAX_RV_EPICARDIAL	3	1.0	19
-60.90558	-12.01969	-85.68933	SAX_RV_EPICARDIAL	3	1.0	19
-59.84333	-9.81015	-87.06764	SAX_RV_EPICARDIAL	3	1.0	19
-57.66725	-7.60061	-87.58753	SAX_RV_EPICARDIAL	3	1.0	19
-55.49116	-5.39108	-88.10742	SAX_RV_EPICARDIAL	3	1.0	19
-52.20123	-3.18154	-87.76889	SAX_RV_EPICARDIAL	3	1.0	19
-48.91130	-0.97200	-87.43036	SAX_RV_EPICARDIAL	3	1.0	19
-46.73522	1.23754	-87.95025	SAX_RV_EPICARDIAL	3	1.0	19
-43.97641	2.34231	-86.92256	SAX_RV_EPICARDIAL	3	1.0	19
-41.80032	4.55185	-87.44245	SAX_RV_EPICARDIAL	3	1.0	19
-38.51039	6.76139	-87.10392	SAX_RV_EPICARDIAL	3	1.0	19
-35.22046	8.97092	-86.76539	SAX_RV_EPICARDIAL	3	1.0	19
-31.93053	11.18046	-86.42685	SAX_RV_EPICARDIAL	3	1.0	19
-29.17172	12.28523	-85.39917	SAX_RV_EPICARDIAL	3	1.0	19
-25.88179	14.49477	-85.06063	SAX_RV_EPICARDIAL	3	1.0	19
-23.12298	15.59954	-84.03294	SAX_RV_EPICARDIAL	3	1.0	19
-20.36417	16.70431	-83.00526	SAX_RV_EPICARDIAL	3	1.0	19
-17.60536	17.80908	-81.97757	SAX_RV_EPICARDIAL	3	1.0	19
-15.37767	17.80909	-80.26072	SAX_RV_EPICARDIAL	3	1.0	19
-12.61886	18.91386	-79.23303	SAX_RV_EPICARDIAL	3	1.0	19
-13.09838	15.59955	-76.30714	SAX_RV_EPICARDIAL	3	1.0	19
9.90094	-15.33392	-27.82438	SAX_RV_EPICARDIAL	3	1.0	19
9.95254	-17.54346	-25.58764	SAX_RV_EPICARDIAL	3	1.0	19
7.19373	-18.64823	-26.61533	SAX_RV_EPICARDIAL	3	1.0	19
4.43492	-19.75300	-27.64302	SAX_RV_EPICARDIAL	3	1.0	19
1.67611	-20.85777	-28.67071	SAX_RV_EPICARDIAL	3	1.0	19
-1.08270	-21.96254	-29.69840	SAX_RV_EPICARDIAL	3	1.0	19
-3.84151	-23.06731	-30.72608	SAX_RV_EPICARDIAL	3	1.0	19
-7.13144	-25.27685	-31.06462	SAX_RV_EPICARDIAL	3	1.0	19
-10.42137	-27.48639	-31.40315	SAX_RV_EPICARDIAL	3	1.0	19
-13.18018	-28.59116	-32.43084	SAX_RV_EPICARDIAL	3	1.0	19
-15.93899	-29.69593	-33.45853	SAX_RV_EPICARDIAL	3	1.0	19
-18.69780	-30.80070	-34.48622	SAX_RV_EPICARDIAL	3	1.0	19
-20.92549	-30.80070	-36.20306	SAX_RV_EPICARDIAL	3	1.0	19
-23.68430	-31.90547	-37.23075	SAX_RV_EPICARDIAL	3	1.0	19
-25.91198	-31.90547	-38.94760	SAX_RV_EPICARDIAL	3	1.0	19
-28.13967	-31.90548	-40.66444	SAX_RV_EPICARDIAL	3	1.0	19
-30.36736	-31.90548	-42.38129	SAX_RV_EPICARDIAL	3	1.0	19
-32.59505	-31.90548	-44.09813	SAX_RV_EPICARDIAL	3	1.0	19
-35.35386	-33.01025	-45.12582	SAX_RV_EPICARDIAL	3	1.0	19
-14.74335	14.49478	-76.47641	SAX_RV_SEPTUM	3	1.0	19
-14.69174	12.28525	-74.23967	SAX_RV_SEPTUM	3	1.0	19
-14.64014	10.07571	-72.00293	SAX_RV_SEPTUM	3	1.0	19
-14.58854	7.86618	-69.76620	SAX_RV_SEPTUM	3	1.0	19
-14.53694	5.65664	-67.52946	SAX_RV_SEPTUM	3	1.0	19
-14.48534	3.44711	-65.29272	SAX_RV_SEPTUM	3	1.0	19
-14.43373	1.23757	-63.05599	SAX_RV_SEPTUM	3	1.0	19
-14.38213	-0.97196	-60.81925	SAX_RV_SEPTUM	3	1.0	19
-14.33053	-3.18150	-58.58252	SAX_RV_SEPTUM	3	1.0	19
-13.16508	-5.39103	-55.48736	SAX_RV_SEPTUM	3	1.0	19
-11.99964	-7.60057	-52.39220	SAX_RV_SEPTUM	3	1.0	19
-10.83419	-9.81010	-49.29704	SAX_RV_SEPTUM	3	1.0	19
-9.66874	-12.01964	-46.20188	SAX_RV_SEPTUM	3	1.0	19
-7.44105	-12.01964	-44.48503	SAX_RV_SEPTUM	3	1.0	19
-5.74449	-13.12440	-42.07903	SAX_RV_SEPTUM	3	1.0	19
-4.04792	-14.22917	-39.67303	SAX_RV_SEPTUM	3	1.0	19
-1.82023	-14.22917	-37.95618	SAX_RV_SEPTUM	3	1.0	19
-0.12366	-15.33393	-35.55018	SAX_RV_SEPTUM	3	1.0	19
2.10403	-15.33393	-33.83334	SAX_RV_SEPTUM	3	1.0	19
4.33171	-15.33393	-32.11649	SAX_RV_SEPTUM	3	1.0	19
6.55940	-15.33392	-30.39964	SAX_RV_SEPTUM	3	1.0	19
8.78709	-15.33392	-28.68280	SAX_RV_SEPTUM	3	1.0	19
8.25597	-16.43869	-27.99364	SAX_RV_SEPTUM	3	1.0	19
-10.92230	17.80909	-76.82703	SAX_LV_EPICARDIAL	3	1.0	19
-9.86005	20.01863	-78.20534	SAX_LV_EPICARDIAL	3	1.0	19
-7.68397	22.22816	-78.72523	SAX_LV_EPICARDIAL	3	1.0	19
-5.50788	24.43770	-79.24512	SAX_LV_EPICARDIAL	3	1.0	19
-3.33180	26.64724	-79.76502	SAX_LV_EPICARDIAL	3	1.0	19
-0.04187	28.85678	-79.42648	SAX_LV_EPICARDIAL	3	1.0	19
3.24806	31.06632	-79.08795	SAX_LV_EPICARDIAL	3	1.0	19
6.53800	33.27586	-78.74942	SAX_LV_EPICARDIAL	3	1.0	19
9.29680	34.38063	-77.72173	SAX_LV_EPICARDIAL	3	1.0	19
12.05561	35.48540	-76.69404	SAX_LV_EPICARDIAL	3	1.0	19
15.34554	37.69494	-76.35551	SAX_LV_EPICARDIAL	3	1.0	19
18.10435	38.79971	-75.32782	SAX_LV_EPICARDIAL	3	1.0	19
20.86316	39.90448	-74.30013	SAX_LV_EPICARDIAL	3	1.0	19
23.09085	39.90448	-72.58329	SAX_LV_EPICARDIAL	3	1.0	19
25.84966	41.00925	-71.55560	SAX_LV_EPICARDIAL	3	1.0	19
28.07735	41.00925	-69.83875	SAX_LV_EPICARDIAL	3	1.0	19
30.30504	41.00925	-68.12191	SAX_LV_EPICARDIAL	3	1.0	19
32.53273	41.00926	-66.40506	SAX_LV_EPICARDIAL	3	1.0	19
34.76041	41.00926	-64.68821	SAX_LV_EPICARDIAL	3	1.0	19
36.98810	41.00926	-62.97137	SAX_LV_EPICARDIAL	3	1.0	19
38.68467	39.90449	-60.56537	SAX_LV_EPICARDIAL	3	1.0	19
40.91236	39.90450	-58.84852	SAX_LV_EPICARDIAL	3	1.0	19
42.60893	38.79973	-56.44252	SAX_LV_EPICARDIAL	3	1.0	19
44.30549	37.69497	-54.03652	SAX_LV_EPICARDIAL	3	1.0	19
46.00206	36.59020	-51.63051	SAX_LV_EPICARDIAL	3	1.0	19
47.16751	34.38066	-48.53535	SAX_LV_EPICARDIAL	3	1.0	19
48.33295	32.17113	-45.44020	SAX_LV_EPICARDIAL	3	1.0	19
49.49840	29.96160	-42.34504	SAX_LV_EPICARDIAL	3	1.0	19
49.55000	27.75206	-40.10830	SAX_LV_EPICARDIAL	3	1.0	19
50.71545	25.54253	-37.01314	SAX_LV_EPICARDIAL	3	1.0	19
50.76705	23.33299	-34.77640	SAX_LV_EPICARDIAL	3	1.0	19
50.81865	21.12346	-32.53967	SAX_LV_EPICARDIAL	3	1.0	19
49.75641	18.91392	-31.16136	SAX_LV_EPICARDIAL	3	1.0	19
49.80802	16.70438	-28.92462	SAX_LV_EPICARDIAL	3	1.0	19
48.74577	14.49485	-27.54631	SAX_LV_EPICARDIAL	3	1.0	19
47.68353	12.28531	-26.16799	SAX_LV_EPICARDIAL	3	1.0	19
46.62129	10.07577	-24.78968	SAX_LV_EPICARDIAL	3	1.0	19
45.55905	7.86624	-23.41137	SAX_LV_EPICARDIAL	3	1.0	19
44.49681	5.65670	-22.03305	SAX_LV_EPICARDIAL	3	1.0	19
42.32072	3.44716	-21.51316	SAX_LV_EPICARDIAL	3	1.0	19
40.14463	1.23763	-20.99327	SAX_LV_EPICARDIAL	3	1.0	19
39.08239	-0.97191	-19.61496	SAX_LV_EPICARDIAL	3	1.0	19
35.79246	-3.18145	-19.95349	SAX_LV_EPICARDIAL	3	1.0	19
33.61638	-5.39099	-19.43360	SAX_LV_EPICARDIAL	3	1.0	19
30.32645	-7.60053	-19.77213	SAX_LV_EPICARDIAL	3	1.0	19
27.03651	-9.81007	-20.11066	SAX_LV_EPICARDIAL	3	1.0	19
24.27771	-10.91484	-21.13835	SAX_LV_EPICARDIAL	3	1.0	19
21.51890	-12.01961	-22.16604	SAX_LV_EPICARDIAL	3	1.0	19
18.76009	-13.12438	-23.19373	SAX_LV_EPICARDIAL	3	1.0	19
16.00128	-14.22915	-24.22142	SAX_LV_EPICARDIAL	3	1.0	19
13.77359	-14.22915	-25.93826	SAX_LV_EPICARDIAL	3	1.0	19
12.50494	-7.60054	-33.50690	SAX_LV_ENDOCARDIAL	3	1.0	19
10.80837	-6.49578	-35.91290	SAX_LV_ENDOCARDIAL	3	1.0	19
8.58068	-6.49578	-37.62974	SAX_LV_ENDOCARDIAL	3	1.0	19
6.88411	-5.39101	-40.03575	SAX_LV_ENDOCARDIAL	3	1.0	19
4.65643	-5.39102	-41.75259	SAX_LV_ENDOCARDIAL	3	1.0	19
2.95986	-4.28625	-44.15859	SAX_LV_ENDOCARDIAL	3	1.0	19
0.73217	-4.28625	-45.87544	SAX_LV_ENDOCARDIAL	3	1.0	19
-0.43328	-2.07672	-48.97060	SAX_LV_ENDOCARDIAL	3	1.0	19
-2.12984	-0.97195	-51.37660	SAX_LV_ENDOCARDIAL	3	1.0	19
-3.29529	1.23758	-54.47176	SAX_LV_ENDOCARDIAL	3	1.0	19
-4.46074	3.44712	-57.56692	SAX_LV_ENDOCARDIAL	3	1.0	19
-5.62618	5.65665	-60.66208	SAX_LV_ENDOCARDIAL	3	1.0	19
-5.67779	7.86619	-62.89881	SAX_LV_ENDOCARDIAL	3	1.0	19
-5.72939	10.07572	-65.13555	SAX_LV_ENDOCARDIAL	3	1.0	19
-5.78099	12.28526	-67.37229	SAX_LV_ENDOCARDIAL	3	1.0	19
-4.71875	14.49479	-68.75060	SAX_LV_ENDOCARDIAL	3	1.0	19
-3.65651	16.70433	-70.12891	SAX_LV_ENDOCARDIAL	3	1.0	19
-2.59427	18.91387	-71.50723	SAX_LV_ENDOCARDIAL	3	1.0	19
-0.41818	21.12340	-72.02712	SAX_LV_ENDOCARDIAL	3	1.0	19
1.75791	23.33294	-72.54701	SAX_LV_ENDOCARDIAL	3	1.0	19
5.04784	25.54248	-72.20848	SAX_LV_ENDOCARDIAL	3	1.0	19
7.22392	27.75202	-72.72837	SAX_LV_ENDOCARDIAL	3	1.0	19
9.98273	28.85679	-71.70068	SAX_LV_ENDOCARDIAL	3	1.0	19
13.27266	31.06633	-71.36215	SAX_LV_ENDOCARDIAL	3	1.0	19
16.03147	32.17110	-70.33446	SAX_LV_ENDOCARDIAL	3	1.0	19
18.79028	33.27587	-69.30677	SAX_LV_ENDOCARDIAL	3	1.0	19
21.01797	33.27587	-67.58992	SAX_LV_ENDOCARDIAL	3	1.0	19
23.77678	34.38064	-66.56223	SAX_LV_ENDOCARDIAL	3	1.0	19
26.00447	34.38064	-64.84539	SAX_LV_ENDOCARDIAL	3	1.0	19
28.23216	34.38065	-63.12854	SAX_LV_ENDOCARDIAL	3	1.0	19
30.45984	34.38065	-61.41170	SAX_LV_ENDOCARDIAL	3	1.0	19
32.68753	34.38065	-59.69485	SAX_LV_ENDOCARDIAL	3	1.0	19
34.91522	34.38065	-57.97801	SAX_LV_ENDOCARDIAL	3	1.0	19
36.61179	33.27589	-55.57200	SAX_LV_ENDOCARDIAL	3	1.0	19
38.30836	32.17112	-53.16600	SAX_LV_ENDOCARDIAL	3	1.0	19
40.00492	31.06635	-50.76000	SAX_LV_ENDOCARDIAL	3	1.0	19
41.17037	28.85682	-47.66484	SAX_LV_ENDOCARDIAL	3	1.0	19
42.86694	27.75205	-45.25884	SAX_LV_ENDOCARDIAL	3	1.0	19
44.03238	25.54252	-42.16368	SAX_LV_ENDOCARDIAL	3	1.0	19
44.08399	23.33298	-39.92694	SAX_LV_ENDOCARDIAL	3	1.0	19
44.13559	21.12345	-37.69021	SAX_LV_ENDOCARDIAL	3	1.0	19
44.18719	18.91391	-35.45347	SAX_LV_ENDOCARDIAL	3	1.0	19
44.23879	16.70438	-33.21673	SAX_LV_ENDOCARDIAL	3	1.0	19
43.17655	14.49484	-31.83842	SAX_LV_ENDOCARDIAL	3	1.0	19
43.22815	12.28531	-29.60168	SAX_LV_ENDOCARDIAL	3	1.0	19
42.16591	10.07577	-28.22337	SAX_LV_ENDOCARDIAL	3	1.0	19
39.98983	7.86623	-27.70348	SAX_LV_ENDOCARDIAL	3	1.0	19
38.92758	5.65669	-26.32517	SAX_LV_ENDOCARDIAL	3	1.0	19
36.75150	3.44716	-25.80528	SAX_LV_ENDOCARDIAL	3	1.0	19
34.57541	1.23762	-25.28538	SAX_LV_ENDOCARDIAL	3	1.0	19
32.39933	-0.97192	-24.76549	SAX_LV_ENDOCARDIAL	3	1.0	19
29.10940	-3.18146	-25.10403	SAX_LV_ENDOCARDIAL	3	1.0	19
26.35059	-4.28623	-26.13171	SAX_LV_ENDOCARDIAL	3	1.0	19
23.59178	-5.39100	-27.15940	SAX_LV_ENDOCARDIAL	3	1.0	19
20.83297	-6.49577	-28.18709	SAX_LV_ENDOCARDIAL	3	1.0	19
18.60528	-6.49577	-29.90394	SAX_LV_ENDOCARDIAL	3	1.0	19
16.37759	-6.49577	-31.62078	SAX_LV_ENDOCARDIAL	3	1.0	19
13.61878	-7.60054	-32.64847	SAX_LV_ENDOCARDIAL	3	1.0	19
8.25597	-16.43869	-27.99364	RV_INSERT	3	1.0	19
-14.74335	14.49478	-76.47641	RV_INSERT	3	1.0	19
-38.84504	-31.80882	-77.45481	SAX_RV_FREEWALL	4	1.0	19
-40.54160	-30.70405	-79.86081	SAX_RV_FREEWALL	4	1.0	19
-42.23817	-29.59928	-82.26681	SAX_RV_FREEWALL	4	1.0	19
-43.93474	-28.49452	-84.67282	SAX_RV_FREEWALL	4	1.0	19
-45.10019	-26.28498	-87.76798	SAX_RV_FREEWALL	4	1.0	19
-46.26563	-24.07545	-90.86314	SAX_RV_FREEWALL	4	1.0	19
-46.31723	-21.86591	-93.09987	SAX_RV_FREEWALL	4	1.0	19
-45.25499	-19.65638	-94.47818	SAX_RV_FREEWALL	4	1.0	19
-43.07891	-17.44684	-94.99808	SAX_RV_FREEWALL	4	1.0	19
-39.78898	-15.23730	-94.65954	SAX_RV_FREEWALL	4	1.0	19
-36.49905	-13.02776	-94.32101	SAX_RV_FREEWALL	4	1.0	19
-33.20912	-10.81822	-93.98248	SAX_RV_FREEWALL	4	1.0	19
-30.45031	-9.71345	-92.95479	SAX_RV_FREEWALL	4	1.0	19
-27.16038	-7.50391	-92.61626	SAX_RV_FREEWALL	4	1.0	19
-24.40157	-6.39914	-91.58857	SAX_RV_FREEWALL	4	1.0	19
-21.11164	-4.18961	-91.25004	SAX_RV_FREEWALL	4	1.0	19
-17.82171	-1.98007	-90.91150	SAX_RV_FREEWALL	4	1.0	19
-14.53178	0.22947	-90.57297	SAX_RV_FREEWALL	4	1.0	19
-11.77297	1.33424	-89.54528	SAX_RV_FREEWALL	4	1.0	19
-8.48304	3.54378	-89.20675	SAX_RV_FREEWALL	4	1.0	19
-5.72423	4.64855	-88.17906	SAX_RV_FREEWALL	4	1.0	19
1.09855	-25.18017	-53.26180	SAX_RV_FREEWALL	4	1.0	19
-1.66026	-26.28494	-54.28949	SAX_RV_FREEWALL	4	1.0	19
-3.88795	-26.28494	-56.00633	SAX_RV_FREEWALL	4	1.0	19
-6.64676	-27.38971	-57.03402	SAX_RV_FREEWALL	4	1.0	19
-8.87445	-27.38972	-58.75087	SAX_RV_FREEWALL	4	1.0	19
-11.63326	-28.49449	-59.77856	SAX_RV_FREEWALL	4	1.0	19
-14.39207	-29.59926	-60.80624	SAX_RV_FREEWALL	4	1.0	19
-17.15088	-30.70403	-61.83393	SAX_RV_FREEWALL	4	1.0	19
-19.37856	-30.70403	-63.55078	SAX_RV_FREEWALL	4	1.0	19
-22.13737	-31.80880	-64.57847	SAX_RV_FREEWALL	4	1.0	19
-24.36506	-31.80880	-66.29531	SAX_RV_FREEWALL	4	1.0	19
-26.59275	-31.80880	-68.01216	SAX_RV_FREEWALL	4	1.0	19
-28.82044	-31.80881	-69.72900	SAX_RV_FREEWALL	4	1.0	19
-31.04813	-31.80881	-71.44585	SAX_RV_FREEWALL	4	1.0	19
-33.27581	-31.80881	-73.16270	SAX_RV_FREEWALL	4	1.0	19
-35.50350	-31.80881	-74.87954	SAX_RV_FREEWALL	4	1.0	19
-37.73119	-31.80882	-76.59639	SAX_RV_FREEWALL	4	1.0	19
-37.09687	-35.12312	-72.81207	SAX_RV_EPICARDIAL	4	1.0	19
-38.79343	-34.01835	-75.21807	SAX_RV_EPICARDIAL	4	1.0	19
-41.02112	-34.01835	-76.93492	SAX_RV_EPICARDIAL	4	1.0	19
-42.71769	-32.91359	-79.34092	SAX_RV_EPICARDIAL	4	1.0	19
-44.41426	-31.80882	-81.74692	SAX_RV_EPICARDIAL	4	1.0	19
-46.11082	-30.70406	-84.15293	SAX_RV_EPICARDIAL	4	1.0	19
-47.27627	-28.49452	-87.24809	SAX_RV_EPICARDIAL	4	1.0	19
-48.97284	-27.38976	-89.65409	SAX_RV_EPICARDIAL	4	1.0	19
-49.02444	-25.18022	-91.89082	SAX_RV_EPICARDIAL	4	1.0	19
-49.07604	-22.97069	-94.12756	SAX_RV_EPICARDIAL	4	1.0	19
-49.12765	-20.76115	-96.36430	SAX_RV_EPICARDIAL	4	1.0	19
-48.06540	-18.55161	-97.74261	SAX_RV_EPICARDIAL	4	1.0	19
-45.88932	-16.34208	-98.26250	SAX_RV_EPICARDIAL	4	1.0	19
-42.59939	-14.13254	-97.92397	SAX_RV_EPICARDIAL	4	1.0	19
-39.84058	-13.02777	-96.89628	SAX_RV_EPICARDIAL	4	1.0	19
-36.55065	-10.81823	-96.55775	SAX_RV_EPICARDIAL	4	1.0	19
-33.26072	-8.60869	-96.21922	SAX_RV_EPICARDIAL	4	1.0	19
-29.97079	-6.39915	-95.88068	SAX_RV_EPICARDIAL	4	1.0	19
-26.68086	-4.18961	-95.54215	SAX_RV_EPICARDIAL	4	1.0	19
-23.92205	-3.08484	-94.51446	SAX_RV_EPICARDIAL	4	1.0	19
-20.63212	-0.87530	-94.17593	SAX_RV_EPICARDIAL	4	1.0	19
-17.87331	0.22947	-93.14824	SAX_RV_EPICARDIAL	4	1.0	19
-14.58338	2.43901	-92.80971	SAX_RV_EPICARDIAL	4	1.0	19
-11.82457	3.54378	-91.78202	SAX_RV_EPICARDIAL	4	1.0	19
-9.06576	4.64855	-90.75433	SAX_RV_EPICARDIAL	4	1.0	19
-5.77583	6.85809	-90.41580	SAX_RV_EPICARDIAL	4	1.0	19
-3.01702	7.96286	-89.38811	SAX_RV_EPICARDIAL	4	1.0	19
-0.78933	7.96286	-87.67126	SAX_RV_EPICARDIAL	4	1.0	19
-0.73773	5.75332	-85.43453	SAX_RV_EPICARDIAL	4	1.0	19
7.73001	-22.97063	-50.34800	SAX_RV_EPICARDIAL	4	1.0	19
7.19889	-24.07540	-49.65884	SAX_RV_EPICARDIAL	4	1.0	19
3.90896	-26.28494	-49.99737	SAX_RV_EPICARDIAL	4	1.0	19
1.15015	-27.38971	-51.02506	SAX_RV_EPICARDIAL	4	1.0	19
-1.60866	-28.49448	-52.05275	SAX_RV_EPICARDIAL	4	1.0	19
-3.83635	-28.49448	-53.76960	SAX_RV_EPICARDIAL	4	1.0	19
-6.59516	-29.59925	-54.79728	SAX_RV_EPICARDIAL	4	1.0	19
-8.82284	-29.59925	-56.51413	SAX_RV_EPICARDIAL	4	1.0	19
-11.58165	-30.70402	-57.54182	SAX_RV_EPICARDIAL	4	1.0	19
-14.34046	-31.80879	-58.56951	SAX_RV_EPICARDIAL	4	1.0	19
-17.09927	-32.91356	-59.59720	SAX_RV_EPICARDIAL	4	1.0	19
-19.85808	-34.01833	-60.62489	SAX_RV_EPICARDIAL	4	1.0	19
-22.08577	-34.01834	-62.34173	SAX_RV_EPICARDIAL	4	1.0	19
-24.84458	-35.12311	-63.36942	SAX_RV_EPICARDIAL	4	1.0	19
-27.07227	-35.12311	-65.08627	SAX_RV_EPICARDIAL	4	1.0	19
-29.29996	-35.12311	-66.80311	SAX_RV_EPICARDIAL	4	1.0	19
-31.52765	-35.12311	-68.51996	SAX_RV_EPICARDIAL	4	1.0	19
-33.75533	-35.12312	-70.23680	SAX_RV_EPICARDIAL	4	1.0	19
-35.98302	-35.12312	-71.95365	SAX_RV_EPICARDIAL	4	1.0	19
-3.49654	4.64855	-86.46222	SAX_RV_SEPTUM	4	1.0	19
-2.91381	3.54379	-84.91464	SAX_RV_SEPTUM	4	1.0	19
-3.97606	1.33425	-83.53632	SAX_RV_SEPTUM	4	1.0	19
-5.03830	-0.87529	-82.15801	SAX_RV_SEPTUM	4	1.0	19
-4.98670	-3.08482	-79.92127	SAX_RV_SEPTUM	4	1.0	19
-4.93509	-5.29436	-77.68454	SAX_RV_SEPTUM	4	1.0	19
-4.88349	-7.50389	-75.44780	SAX_RV_SEPTUM	4	1.0	19
-4.83189	-9.71343	-73.21107	SAX_RV_SEPTUM	4	1.0	19
-4.78029	-11.92296	-70.97433	SAX_RV_SEPTUM	4	1.0	19
-3.61484	-14.13250	-67.87917	SAX_RV_SEPTUM	4	1.0	19
-2.44939	-16.34203	-64.78401	SAX_RV_SEPTUM	4	1.0	19
-0.75283	-17.44680	-62.37801	SAX_RV_SEPTUM	4	1.0	19
0.41262	-19.65633	-59.28285	SAX_RV_SEPTUM	4	1.0	19
2.10919	-20.76110	-56.87685	SAX_RV_SEPTUM	4	1.0	19
3.80576	-21.86586	-54.47084	SAX_RV_SEPTUM	4	1.0	19
6.03344	-21.86586	-52.75400	SAX_RV_SEPTUM	4	1.0	19
3.85736	-24.07540	-52.23411	SAX_RV_SEPTUM	4	1.0	19
1.43836	7.96286	-85.95442	SAX_LV_EPICARDIAL	4	1.0	19
3.61444	10.17240	-86.47431	SAX_LV_EPICARDIAL	4	1.0	19
4.67669	12.38194	-87.85262	SAX_LV_EPICARDIAL	4	1.0	19
7.96662	14.59148	-87.51409	SAX_LV_EPICARDIAL	4	1.0	19
10.14270	16.80101	-88.03398	SAX_LV_EPICARDIAL	4	1.0	19
13.43263	19.01055	-87.69545	SAX_LV_EPICARDIAL	4	1.0	19
16.72256	21.22009	-87.35692	SAX_LV_EPICARDIAL	4	1.0	19
20.01249	23.42963	-87.01838	SAX_LV_EPICARDIAL	4	1.0	19
23.30242	25.63917	-86.67985	SAX_LV_EPICARDIAL	4	1.0	19
26.06123	26.74394	-85.65216	SAX_LV_EPICARDIAL	4	1.0	19
28.28892	26.74394	-83.93532	SAX_LV_EPICARDIAL	4	1.0	19
30.51661	26.74394	-82.21847	SAX_LV_EPICARDIAL	4	1.0	19
33.27542	27.84871	-81.19078	SAX_LV_EPICARDIAL	4	1.0	19
35.50311	27.84872	-79.47394	SAX_LV_EPICARDIAL	4	1.0	19
37.73080	27.84872	-77.75709	SAX_LV_EPICARDIAL	4	1.0	19
39.95848	27.84872	-76.04025	SAX_LV_EPICARDIAL	4	1.0	19
41.65505	26.74395	-73.63424	SAX_LV_EPICARDIAL	4	1.0	19
43.88274	26.74396	-71.91740	SAX_LV_EPICARDIAL	4	1.0	19
45.57931	25.63919	-69.51140	SAX_LV_EPICARDIAL	4	1.0	19
47.80700	25.63919	-67.79455	SAX_LV_EPICARDIAL	4	1.0	19
49.50356	24.53443	-65.38855	SAX_LV_EPICARDIAL	4	1.0	19
51.20013	23.42966	-62.98255	SAX_LV_EPICARDIAL	4	1.0	19
52.36558	21.22013	-59.88739	SAX_LV_EPICARDIAL	4	1.0	19
54.06215	20.11536	-57.48138	SAX_LV_EPICARDIAL	4	1.0	19
54.11375	17.90582	-55.24465	SAX_LV_EPICARDIAL	4	1.0	19
54.16535	15.69629	-53.00791	SAX_LV_EPICARDIAL	4	1.0	19
55.33080	13.48675	-49.91275	SAX_LV_EPICARDIAL	4	1.0	19
54.26855	11.27722	-48.53444	SAX_LV_EPICARDIAL	4	1.0	19
54.32016	9.06768	-46.29770	SAX_LV_EPICARDIAL	4	1.0	19
54.37176	6.85815	-44.06097	SAX_LV_EPICARDIAL	4	1.0	19
53.30952	4.64861	-42.68265	SAX_LV_EPICARDIAL	4	1.0	19
52.24728	2.43907	-41.30434	SAX_LV_EPICARDIAL	4	1.0	19
50.07119	0.22954	-40.78445	SAX_LV_EPICARDIAL	4	1.0	19
49.00895	-1.98000	-39.40614	SAX_LV_EPICARDIAL	4	1.0	19
47.94671	-4.18954	-38.02782	SAX_LV_EPICARDIAL	4	1.0	19
45.77062	-6.39907	-37.50793	SAX_LV_EPICARDIAL	4	1.0	19
44.70838	-8.60861	-36.12962	SAX_LV_EPICARDIAL	4	1.0	19
42.53229	-10.81815	-35.60973	SAX_LV_EPICARDIAL	4	1.0	19
39.24236	-13.02769	-35.94826	SAX_LV_EPICARDIAL	4	1.0	19
35.95243	-15.23723	-36.28679	SAX_LV_EPICARDIAL	4	1.0	19
33.19362	-16.34200	-37.31448	SAX_LV_EPICARDIAL	4	1.0	19
29.90369	-18.55154	-37.65301	SAX_LV_EPICARDIAL	4	1.0	19
27.14488	-19.65631	-38.68070	SAX_LV_EPICARDIAL	4	1.0	19
24.38607	-20.76108	-39.70839	SAX_LV_EPICARDIAL	4	1.0	19
22.15838	-20.76108	-41.42524	SAX_LV_EPICARDIAL	4	1.0	19
19.39957	-21.86585	-42.45293	SAX_LV_EPICARDIAL	4	1.0	19
17.17189	-21.86585	-44.16977	SAX_LV_EPICARDIAL	4	1.0	19
14.94420	-21.86585	-45.88662	SAX_LV_EPICARDIAL	4	1.0	19
12.71651	-21.86586	-47.60346	SAX_LV_EPICARDIAL	4	1.0	19
10.48882	-21.86586	-49.32031	SAX_LV_EPICARDIAL	4	1.0	19
17.01708	-15.23725	-50.87998	SAX_LV_ENDOCARDIAL	4	1.0	19
15.32051	-14.13248	-53.28598	SAX_LV_ENDOCARDIAL	4	1.0	19
13.09282	-14.13248	-55.00283	SAX_LV_ENDOCARDIAL	4	1.0	19
10.86514	-14.13248	-56.71967	SAX_LV_ENDOCARDIAL	4	1.0	19
9.16857	-13.02772	-59.12568	SAX_LV_ENDOCARDIAL	4	1.0	19
7.47200	-11.92295	-61.53168	SAX_LV_ENDOCARDIAL	4	1.0	19
5.77543	-10.81819	-63.93768	SAX_LV_ENDOCARDIAL	4	1.0	19
4.60999	-8.60865	-67.03284	SAX_LV_ENDOCARDIAL	4	1.0	19
3.44454	-6.39912	-70.12800	SAX_LV_ENDOCARDIAL	4	1.0	19
3.39294	-4.18958	-72.36474	SAX_LV_ENDOCARDIAL	4	1.0	19
3.34133	-1.98005	-74.60147	SAX_LV_ENDOCARDIAL	4	1.0	19
4.40358	0.22949	-75.97978	SAX_LV_ENDOCARDIAL	4	1.0	19
4.35197	2.43903	-78.21652	SAX_LV_ENDOCARDIAL	4	1.0	19
5.41422	4.64856	-79.59483	SAX_LV_ENDOCARDIAL	4	1.0	19
7.59030	6.85810	-80.11472	SAX_LV_ENDOCARDIAL	4	1.0	19
8.65254	9.06764	-81.49304	SAX_LV_ENDOCARDIAL	4	1.0	19
10.82863	11.27717	-82.01293	SAX_LV_ENDOCARDIAL	4	1.0	19
13.00472	13.48671	-82.53282	SAX_LV_ENDOCARDIAL	4	1.0	19
15.18080	15.69625	-83.05271	SAX_LV_ENDOCARDIAL	4	1.0	19
18.47073	17.90579	-82.71418	SAX_LV_ENDOCARDIAL	4	1.0	19
21.22954	19.01056	-81.68649	SAX_LV_ENDOCARDIAL	4	1.0	19
23.45723	19.01056	-79.96964	SAX_LV_ENDOCARDIAL	4	1.0	19
26.21604	20.11533	-78.94195	SAX_LV_ENDOCARDIAL	4	1.0	19
28.44373	20.11533	-77.22511	SAX_LV_ENDOCARDIAL	4	1.0	19
31.20254	21.22010	-76.19742	SAX_LV_ENDOCARDIAL	4	1.0	19
33.43023	21.22011	-74.48057	SAX_LV_ENDOCARDIAL	4	1.0	19
35.65791	21.22011	-72.76373	SAX_LV_ENDOCARDIAL	4	1.0	19
37.88560	21.22011	-71.04688	SAX_LV_ENDOCARDIAL	4	1.0	19
40.11329	21.22011	-69.33004	SAX_LV_ENDOCARDIAL	4	1.0	19
41.80986	20.11535	-66.92404	SAX_LV_ENDOCARDIAL	4	1.0	19
44.03755	20.11535	-65.20719	SAX_LV_ENDOCARDIAL	4	1.0	19
45.73411	19.01058	-62.80119	SAX_LV_ENDOCARDIAL	4	1.0	19
46.89956	16.80105	-59.70603	SAX_LV_ENDOCARDIAL	4	1.0	19
48.59613	15.69628	-57.30003	SAX_LV_ENDOCARDIAL	4	1.0	19
49.76158	13.48675	-54.20487	SAX_LV_ENDOCARDIAL	4	1.0	19
49.81318	11.27721	-51.96813	SAX_LV_ENDOCARDIAL	4	1.0	19
48.75094	9.06768	-50.58982	SAX_LV_ENDOCARDIAL	4	1.0	19
48.80254	6.85814	-48.35308	SAX_LV_ENDOCARDIAL	4	1.0	19
47.74030	4.64860	-46.97477	SAX_LV_ENDOCARDIAL	4	1.0	19
46.67805	2.43907	-45.59645	SAX_LV_ENDOCARDIAL	4	1.0	19
45.61581	0.22953	-44.21814	SAX_LV_ENDOCARDIAL	4	1.0	19
43.43973	-1.98001	-43.69825	SAX_LV_ENDOCARDIAL	4	1.0	19
41.26364	-4.18954	-43.17836	SAX_LV_ENDOCARDIAL	4	1.0	19
39.08755	-6.39908	-42.65847	SAX_LV_ENDOCARDIAL	4	1.0	19
36.91147	-8.60862	-42.13858	SAX_LV_ENDOCARDIAL	4	1.0	19
33.62154	-10.81816	-42.47711	SAX_LV_ENDOCARDIAL	4	1.0	19
30.86273	-11.92293	-43.50480	SAX_LV_ENDOCARDIAL	4	1.0	19
28.10392	-13.02770	-44.53249	SAX_LV_ENDOCARDIAL	4	1.0	19
25.34511	-14.13247	-45.56018	SAX_LV_ENDOCARDIAL	4	1.0	19
23.11742	-14.13247	-47.27702	SAX_LV_ENDOCARDIAL	4	1.0	19
20.35861	-15.23724	-48.30471	SAX_LV_ENDOCARDIAL	4	1.0	19
18.13092	-15.23724	-50.02156	SAX_LV_ENDOCARDIAL	4	1.0	19
3.85736	-24.07540	-52.23411	RV_INSERT	4	1.0	19
-3.49654	4.64855	-86.46222	RV_INSERT	4	1.0	19
-22.28702	-30.60736	-94.33269	SAX_RV_FREEWALL	5	1.0	19
-23.98358	-29.50260	-96.73869	SAX_RV_FREEWALL	5	1.0	19
-25.14903	-27.29306	-99.83385	SAX_RV_FREEWALL	5	1.0	19
-22.97295	-25.08353	-100.35374	SAX_RV_FREEWALL	5	1.0	19
-19.68301	-22.87399	-100.01521	SAX_RV_FREEWALL	5	1.0	19
-17.50693	-20.66445	-100.53510	SAX_RV_FREEWALL	5	1.0	19
-14.21700	-18.45491	-100.19657	SAX_RV_FREEWALL	5	1.0	19
-10.92707	-16.24537	-99.85803	SAX_RV_FREEWALL	5	1.0	19
-7.63714	-14.03583	-99.51950	SAX_RV_FREEWALL	5	1.0	19
-4.34721	-11.82629	-99.18097	SAX_RV_FREEWALL	5	1.0	19
-1.05728	-9.61676	-98.84244	SAX_RV_FREEWALL	5	1.0	19
2.23265	-7.40722	-98.50391	SAX_RV_FREEWALL	5	1.0	19
4.99146	-6.30245	-97.47622	SAX_RV_FREEWALL	5	1.0	19
7.75027	-5.19768	-96.44853	SAX_RV_FREEWALL	5	1.0	19
9.97796	-5.19767	-94.73168	SAX_RV_FREEWALL	5	1.0	19
9.32854	-25.08349	-75.45948	SAX_RV_FREEWALL	5	1.0	19
7.10085	-25.08350	-77.17632	SAX_RV_FREEWALL	5	1.0	19
4.87316	-25.08350	-78.89317	SAX_RV_FREEWALL	5	1.0	19
2.11435	-26.18827	-79.92086	SAX_RV_FREEWALL	5	1.0	19
-0.11334	-26.18827	-81.63770	SAX_RV_FREEWALL	5	1.0	19
-2.87215	-27.29304	-82.66539	SAX_RV_FREEWALL	5	1.0	19
-5.63096	-28.39781	-83.69308	SAX_RV_FREEWALL	5	1.0	19
-7.85864	-28.39781	-85.40993	SAX_RV_FREEWALL	5	1.0	19
-10.61745	-29.50258	-86.43762	SAX_RV_FREEWALL	5	1.0	19
-13.37626	-30.60735	-87.46531	SAX_RV_FREEWALL	5	1.0	19
-15.60395	-30.60736	-89.18215	SAX_RV_FREEWALL	5	1.0	19
-17.83164	-30.60736	-90.89900	SAX_RV_FREEWALL	5	1.0	19
-20.05933	-30.60736	-92.61584	SAX_RV_FREEWALL	5	1.0	19
-23.88038	-33.92167	-92.26522	SAX_RV_EPICARDIAL	5	1.0	19
-25.57695	-32.81690	-94.67122	SAX_RV_EPICARDIAL	5	1.0	19
-27.27352	-31.71214	-97.07722	SAX_RV_EPICARDIAL	5	1.0	19
-27.85624	-30.60737	-98.62480	SAX_RV_EPICARDIAL	5	1.0	19
-26.79400	-28.39783	-100.00312	SAX_RV_EPICARDIAL	5	1.0	19
-25.73175	-26.18830	-101.38143	SAX_RV_EPICARDIAL	5	1.0	19
-23.55567	-23.97876	-101.90132	SAX_RV_EPICARDIAL	5	1.0	19
-21.37958	-21.76922	-102.42121	SAX_RV_EPICARDIAL	5	1.0	19
-18.08965	-19.55968	-102.08268	SAX_RV_EPICARDIAL	5	1.0	19
-15.91357	-17.35014	-102.60257	SAX_RV_EPICARDIAL	5	1.0	19
-12.62364	-15.14061	-102.26404	SAX_RV_EPICARDIAL	5	1.0	19
-9.33371	-12.93107	-101.92550	SAX_RV_EPICARDIAL	5	1.0	19
-6.04378	-10.72153	-101.58697	SAX_RV_EPICARDIAL	5	1.0	19
-2.75384	-8.51199	-101.24844	SAX_RV_EPICARDIAL	5	1.0	19
0.00496	-7.40722	-100.22075	SAX_RV_EPICARDIAL	5	1.0	19
3.29489	-5.19768	-99.88222	SAX_RV_EPICARDIAL	5	1.0	19
6.05370	-4.09291	-98.85453	SAX_RV_EPICARDIAL	5	1.0	19
8.81251	-2.98814	-97.82684	SAX_RV_EPICARDIAL	5	1.0	19
11.57132	-1.88337	-96.79915	SAX_RV_EPICARDIAL	5	1.0	19
13.79901	-1.88337	-95.08231	SAX_RV_EPICARDIAL	5	1.0	19
14.38173	-2.98813	-93.53473	SAX_RV_EPICARDIAL	5	1.0	19
12.20565	-5.19767	-93.01484	SAX_RV_EPICARDIAL	5	1.0	19
14.31503	-23.97872	-72.71494	SAX_RV_EPICARDIAL	5	1.0	19
13.25279	-26.18826	-71.33663	SAX_RV_EPICARDIAL	5	1.0	19
10.49398	-27.29303	-72.36432	SAX_RV_EPICARDIAL	5	1.0	19
8.26630	-27.29303	-74.08117	SAX_RV_EPICARDIAL	5	1.0	19
6.03861	-27.29303	-75.79801	SAX_RV_EPICARDIAL	5	1.0	19
3.27980	-28.39780	-76.82570	SAX_RV_EPICARDIAL	5	1.0	19
1.05211	-28.39780	-78.54255	SAX_RV_EPICARDIAL	5	1.0	19
-1.70670	-29.50258	-79.57023	SAX_RV_EPICARDIAL	5	1.0	19
-3.93439	-29.50258	-81.28708	SAX_RV_EPICARDIAL	5	1.0	19
-6.69320	-30.60735	-82.31477	SAX_RV_EPICARDIAL	5	1.0	19
-9.45201	-31.71212	-83.34246	SAX_RV_EPICARDIAL	5	1.0	19
-12.21082	-32.81689	-84.37015	SAX_RV_EPICARDIAL	5	1.0	19
-14.43851	-32.81689	-86.08699	SAX_RV_EPICARDIAL	5	1.0	19
-16.66619	-32.81689	-87.80384	SAX_RV_EPICARDIAL	5	1.0	19
-19.42500	-33.92166	-88.83153	SAX_RV_EPICARDIAL	5	1.0	19
-21.65269	-33.92167	-90.54837	SAX_RV_EPICARDIAL	5	1.0	19
12.20565	-5.19767	-93.01484	SAX_RV_SEPTUM	5	1.0	19
11.14341	-7.40721	-91.63652	SAX_RV_SEPTUM	5	1.0	19
10.08116	-9.61674	-90.25821	SAX_RV_SEPTUM	5	1.0	19
10.13277	-11.82628	-88.02147	SAX_RV_SEPTUM	5	1.0	19
9.07053	-14.03582	-86.64316	SAX_RV_SEPTUM	5	1.0	19
9.12213	-16.24535	-84.40642	SAX_RV_SEPTUM	5	1.0	19
10.28757	-18.45489	-81.31126	SAX_RV_SEPTUM	5	1.0	19
11.45302	-20.66442	-78.21611	SAX_RV_SEPTUM	5	1.0	19
12.61847	-22.87395	-75.12095	SAX_RV_SEPTUM	5	1.0	19
11.55623	-25.08349	-73.74263	SAX_RV_SEPTUM	5	1.0	19
18.23929	-25.08348	-68.59210	SAX_LV_EPICARDIAL	5	1.0	19
16.54272	-23.97872	-70.99810	SAX_LV_EPICARDIAL	5	1.0	19
17.14054	-1.88336	-92.50704	SAX_LV_EPICARDIAL	5	1.0	19
19.31663	0.32617	-93.02693	SAX_LV_EPICARDIAL	5	1.0	19
21.49272	2.53571	-93.54682	SAX_LV_EPICARDIAL	5	1.0	19
24.78265	4.74525	-93.20829	SAX_LV_EPICARDIAL	5	1.0	19
27.54146	5.85002	-92.18060	SAX_LV_EPICARDIAL	5	1.0	19
30.30027	6.95479	-91.15291	SAX_LV_EPICARDIAL	5	1.0	19
33.05907	8.05956	-90.12522	SAX_LV_EPICARDIAL	5	1.0	19
35.81788	9.16433	-89.09753	SAX_LV_EPICARDIAL	5	1.0	19
38.04557	9.16434	-87.38069	SAX_LV_EPICARDIAL	5	1.0	19
40.27326	9.16434	-85.66384	SAX_LV_EPICARDIAL	5	1.0	19
42.50095	9.16434	-83.94699	SAX_LV_EPICARDIAL	5	1.0	19
44.72864	9.16434	-82.23015	SAX_LV_EPICARDIAL	5	1.0	19
46.95633	9.16434	-80.51330	SAX_LV_EPICARDIAL	5	1.0	19
48.65289	8.05958	-78.10730	SAX_LV_EPICARDIAL	5	1.0	19
50.34946	6.95481	-75.70130	SAX_LV_EPICARDIAL	5	1.0	19
52.57715	6.95481	-73.98445	SAX_LV_EPICARDIAL	5	1.0	19
53.74260	4.74528	-70.88929	SAX_LV_EPICARDIAL	5	1.0	19
54.90804	2.53575	-67.79414	SAX_LV_EPICARDIAL	5	1.0	19
54.95965	0.32621	-65.55740	SAX_LV_EPICARDIAL	5	1.0	19
55.01125	-1.88333	-63.32066	SAX_LV_EPICARDIAL	5	1.0	19
55.06285	-4.09286	-61.08393	SAX_LV_EPICARDIAL	5	1.0	19
54.00061	-6.30240	-59.70561	SAX_LV_EPICARDIAL	5	1.0	19
52.93837	-8.51193	-58.32730	SAX_LV_EPICARDIAL	5	1.0	19
51.87612	-10.72147	-56.94899	SAX_LV_EPICARDIAL	5	1.0	19
50.81388	-12.93101	-55.57067	SAX_LV_EPICARDIAL	5	1.0	19
48.63780	-15.14054	-55.05078	SAX_LV_EPICARDIAL	5	1.0	19
46.46171	-17.35008	-54.53089	SAX_LV_EPICARDIAL	5	1.0	19
44.28562	-19.55962	-54.01100	SAX_LV_EPICARDIAL	5	1.0	19
41.52681	-20.66439	-55.03869	SAX_LV_EPICARDIAL	5	1.0	19
38.23688	-22.87393	-55.37722	SAX_LV_EPICARDIAL	5	1.0	19
35.47808	-23.97870	-56.40491	SAX_LV_EPICARDIAL	5	1.0	19
33.25039	-23.97870	-58.12176	SAX_LV_EPICARDIAL	5	1.0	19
30.49158	-25.08347	-59.14945	SAX_LV_EPICARDIAL	5	1.0	19
28.26389	-25.08347	-60.86629	SAX_LV_EPICARDIAL	5	1.0	19
26.03620	-25.08348	-62.58314	SAX_LV_EPICARDIAL	5	1.0	19
23.80851	-25.08348	-64.29998	SAX_LV_EPICARDIAL	5	1.0	19
21.58082	-25.08348	-66.01683	SAX_LV_EPICARDIAL	5	1.0	19
19.35313	-25.08348	-67.73367	SAX_LV_EPICARDIAL	5	1.0	19
24.23643	-19.55964	-69.46261	SAX_LV_ENDOCARDIAL	5	1.0	19
22.53986	-18.45487	-71.86861	SAX_LV_ENDOCARDIAL	5	1.0	19
20.84329	-17.35011	-74.27462	SAX_LV_ENDOCARDIAL	5	1.0	19
19.14673	-16.24534	-76.68062	SAX_LV_ENDOCARDIAL	5	1.0	19
17.45016	-15.14058	-79.08662	SAX_LV_ENDOCARDIAL	5	1.0	19
17.39856	-12.93104	-81.32336	SAX_LV_ENDOCARDIAL	5	1.0	19
17.34695	-10.72150	-83.56009	SAX_LV_ENDOCARDIAL	5	1.0	19
17.29535	-8.51197	-85.79683	SAX_LV_ENDOCARDIAL	5	1.0	19
18.35759	-6.30243	-87.17514	SAX_LV_ENDOCARDIAL	5	1.0	19
20.53368	-4.09289	-87.69503	SAX_LV_ENDOCARDIAL	5	1.0	19
22.70977	-1.88336	-88.21492	SAX_LV_ENDOCARDIAL	5	1.0	19
25.99970	0.32618	-87.87639	SAX_LV_ENDOCARDIAL	5	1.0	19
29.28963	2.53572	-87.53786	SAX_LV_ENDOCARDIAL	5	1.0	19
31.51731	2.53572	-85.82101	SAX_LV_ENDOCARDIAL	5	1.0	19
34.27612	3.64049	-84.79333	SAX_LV_ENDOCARDIAL	5	1.0	19
36.50381	3.64050	-83.07648	SAX_LV_ENDOCARDIAL	5	1.0	19
38.73150	3.64050	-81.35963	SAX_LV_ENDOCARDIAL	5	1.0	19
40.95919	3.64050	-79.64279	SAX_LV_ENDOCARDIAL	5	1.0	19
43.18688	3.64050	-77.92594	SAX_LV_ENDOCARDIAL	5	1.0	19
45.41457	3.64050	-76.20910	SAX_LV_ENDOCARDIAL	5	1.0	19
47.11113	2.53574	-73.80309	SAX_LV_ENDOCARDIAL	5	1.0	19
48.27658	0.32620	-70.70794	SAX_LV_ENDOCARDIAL	5	1.0	19
48.85930	-0.77856	-69.16036	SAX_LV_ENDOCARDIAL	5	1.0	19
48.91091	-2.98810	-66.92362	SAX_LV_ENDOCARDIAL	5	1.0	19
48.96251	-5.19763	-64.68688	SAX_LV_ENDOCARDIAL	5	1.0	19
47.90027	-7.40717	-63.30857	SAX_LV_ENDOCARDIAL	5	1.0	19
46.83802	-9.61671	-61.93026	SAX_LV_ENDOCARDIAL	5	1.0	19
44.66194	-11.82625	-61.41037	SAX_LV_ENDOCARDIAL	5	1.0	19
42.48585	-14.03578	-60.89048	SAX_LV_ENDOCARDIAL	5	1.0	19
39.19592	-16.24532	-61.22901	SAX_LV_ENDOCARDIAL	5	1.0	19
36.43711	-17.35009	-62.25670	SAX_LV_ENDOCARDIAL	5	1.0	19
33.67830	-18.45486	-63.28439	SAX_LV_ENDOCARDIAL	5	1.0	19
30.91949	-19.55963	-64.31207	SAX_LV_ENDOCARDIAL	5	1.0	19
28.69181	-19.55964	-66.02892	SAX_LV_ENDOCARDIAL	5	1.0	19
26.46412	-19.55964	-67.74577	SAX_LV_ENDOCARDIAL	5	1.0	19
9.97796	-5.19767	-94.73168	RV_INSERT	5	1.0	19
11.55623	-25.08349	-73.74263	RV_INSERT	5	1.0	19
7.58653	-27.19736	-103.14623	SAX_RV_FREEWALL	6	1.0	19
6.42108	-24.98783	-106.24139	SAX_RV_FREEWALL	6	1.0	19
6.36948	-22.77829	-108.47812	SAX_RV_FREEWALL	6	1.0	19
8.54557	-20.56875	-108.99802	SAX_RV_FREEWALL	6	1.0	19
11.30438	-19.46398	-107.97033	SAX_RV_FREEWALL	6	1.0	19
14.06319	-18.35921	-106.94264	SAX_RV_FREEWALL	6	1.0	19
16.82200	-17.25444	-105.91495	SAX_RV_FREEWALL	6	1.0	19
19.58080	-16.14967	-104.88726	SAX_RV_FREEWALL	6	1.0	19
18.14225	-26.09258	-96.10958	SAX_RV_FREEWALL	6	1.0	19
15.38344	-27.19735	-97.13727	SAX_RV_FREEWALL	6	1.0	19
13.15575	-27.19736	-98.85412	SAX_RV_FREEWALL	6	1.0	19
10.92806	-27.19736	-100.57096	SAX_RV_FREEWALL	6	1.0	19
8.70037	-27.19736	-102.28781	SAX_RV_FREEWALL	6	1.0	19
5.41044	-29.40690	-102.62634	SAX_RV_EPICARDIAL	6	1.0	19
3.71388	-28.30213	-105.03234	SAX_RV_EPICARDIAL	6	1.0	19
3.66227	-26.09260	-107.26908	SAX_RV_EPICARDIAL	6	1.0	19
3.61067	-23.88306	-109.50581	SAX_RV_EPICARDIAL	6	1.0	19
4.67291	-21.67353	-110.88413	SAX_RV_EPICARDIAL	6	1.0	19
7.96284	-19.46399	-110.54559	SAX_RV_EPICARDIAL	6	1.0	19
11.25277	-17.25445	-110.20706	SAX_RV_EPICARDIAL	6	1.0	19
14.01158	-16.14968	-109.17937	SAX_RV_EPICARDIAL	6	1.0	19
16.23927	-16.14968	-107.46253	SAX_RV_EPICARDIAL	6	1.0	19
18.99808	-15.04490	-106.43484	SAX_RV_EPICARDIAL	6	1.0	19
21.48378	-26.09258	-93.53431	SAX_RV_EPICARDIAL	6	1.0	19
20.42154	-28.30212	-92.15600	SAX_RV_EPICARDIAL	6	1.0	19
18.19385	-28.30212	-93.87284	SAX_RV_EPICARDIAL	6	1.0	19
15.43504	-29.40689	-94.90053	SAX_RV_EPICARDIAL	6	1.0	19
13.20735	-29.40689	-96.61738	SAX_RV_EPICARDIAL	6	1.0	19
10.97966	-29.40689	-98.33422	SAX_RV_EPICARDIAL	6	1.0	19
8.75198	-29.40690	-100.05107	SAX_RV_EPICARDIAL	6	1.0	19
6.52429	-29.40690	-101.76792	SAX_RV_EPICARDIAL	6	1.0	19
22.33961	-15.04490	-103.85957	SAX_RV_SEPTUM	6	1.0	19
21.80849	-16.14967	-103.17041	SAX_RV_SEPTUM	6	1.0	19
20.74625	-18.35921	-101.79210	SAX_RV_SEPTUM	6	1.0	19
20.79785	-20.56874	-99.55536	SAX_RV_SEPTUM	6	1.0	19
20.84946	-22.77828	-97.31863	SAX_RV_SEPTUM	6	1.0	19
20.90106	-24.98781	-95.08189	SAX_RV_SEPTUM	6	1.0	19
28.27005	-30.51164	-83.91030	SAX_LV_EPICARDIAL	6	1.0	19
26.57348	-29.40688	-86.31631	SAX_LV_EPICARDIAL	6	1.0	19
24.87692	-28.30211	-88.72231	SAX_LV_EPICARDIAL	6	1.0	19
23.18035	-27.19735	-91.12831	SAX_LV_EPICARDIAL	6	1.0	19
27.27451	-11.73059	-103.35177	SAX_LV_EPICARDIAL	6	1.0	19
30.56444	-9.52105	-103.01324	SAX_LV_EPICARDIAL	6	1.0	19
33.32325	-8.41628	-101.98555	SAX_LV_EPICARDIAL	6	1.0	19
36.08206	-7.31151	-100.95786	SAX_LV_EPICARDIAL	6	1.0	19
38.30975	-7.31151	-99.24102	SAX_LV_EPICARDIAL	6	1.0	19
41.06856	-6.20674	-98.21333	SAX_LV_EPICARDIAL	6	1.0	19
43.29624	-6.20674	-96.49648	SAX_LV_EPICARDIAL	6	1.0	19
45.52393	-6.20674	-94.77964	SAX_LV_EPICARDIAL	6	1.0	19
47.22050	-7.31150	-92.37363	SAX_LV_EPICARDIAL	6	1.0	19
48.91707	-8.41627	-89.96763	SAX_LV_EPICARDIAL	6	1.0	19
50.61364	-9.52103	-87.56163	SAX_LV_EPICARDIAL	6	1.0	19
50.66524	-11.73057	-85.32489	SAX_LV_EPICARDIAL	6	1.0	19
50.71684	-13.94011	-83.08816	SAX_LV_EPICARDIAL	6	1.0	19
49.65460	-16.14964	-81.70984	SAX_LV_EPICARDIAL	6	1.0	19
49.70620	-18.35918	-79.47311	SAX_LV_EPICARDIAL	6	1.0	19
48.64396	-20.56871	-78.09479	SAX_LV_EPICARDIAL	6	1.0	19
46.46787	-22.77825	-77.57490	SAX_LV_EPICARDIAL	6	1.0	19
44.29179	-24.98779	-77.05501	SAX_LV_EPICARDIAL	6	1.0	19
42.11570	-27.19733	-76.53512	SAX_LV_EPICARDIAL	6	1.0	19
39.35689	-28.30210	-77.56281	SAX_LV_EPICARDIAL	6	1.0	19
36.59808	-29.40687	-78.59050	SAX_LV_EPICARDIAL	6	1.0	19
33.83927	-30.51164	-79.61819	SAX_LV_EPICARDIAL	6	1.0	19
31.61158	-30.51164	-81.33503	SAX_LV_EPICARDIAL	6	1.0	19
29.38390	-30.51164	-83.05188	SAX_LV_EPICARDIAL	6	1.0	19
32.62222	-26.09257	-84.95008	SAX_LV_ENDOCARDIAL	6	1.0	19
30.92566	-24.98780	-87.35609	SAX_LV_ENDOCARDIAL	6	1.0	19
28.69797	-24.98781	-89.07293	SAX_LV_ENDOCARDIAL	6	1.0	19
27.53252	-22.77827	-92.16809	SAX_LV_ENDOCARDIAL	6	1.0	19
27.48092	-20.56874	-94.40483	SAX_LV_ENDOCARDIAL	6	1.0	19
27.42932	-18.35920	-96.64156	SAX_LV_ENDOCARDIAL	6	1.0	19
27.37771	-16.14966	-98.87830	SAX_LV_ENDOCARDIAL	6	1.0	19
29.55380	-13.94013	-99.39819	SAX_LV_ENDOCARDIAL	6	1.0	19
32.84373	-11.73059	-99.05966	SAX_LV_ENDOCARDIAL	6	1.0	19
35.60254	-10.62582	-98.03197	SAX_LV_ENDOCARDIAL	6	1.0	19
38.36135	-9.52105	-97.00428	SAX_LV_ENDOCARDIAL	6	1.0	19
40.58904	-9.52104	-95.28743	SAX_LV_ENDOCARDIAL	6	1.0	19
42.28560	-10.62581	-92.88143	SAX_LV_ENDOCARDIAL	6	1.0	19
43.98217	-11.73058	-90.47543	SAX_LV_ENDOCARDIAL	6	1.0	19
44.56490	-12.83534	-88.92785	SAX_LV_ENDOCARDIAL	6	1.0	19
45.73034	-15.04488	-85.83269	SAX_LV_ENDOCARDIAL	6	1.0	19
44.66810	-17.25441	-84.45438	SAX_LV_ENDOCARDIAL	6	1.0	19
43.60586	-19.46395	-83.07606	SAX_LV_ENDOCARDIAL	6	1.0	19
42.54362	-21.67349	-81.69775	SAX_LV_ENDOCARDIAL	6	1.0	19
40.36753	-23.88303	-81.17786	SAX_LV_ENDOCARDIAL	6	1.0	19
37.60872	-24.98780	-82.20555	SAX_LV_ENDOCARDIAL	6	1.0	19
35.38103	-24.98780	-83.92240	SAX_LV_ENDOCARDIAL	6	1.0	19
22.33961	-15.04490	-103.85957	RV_INSERT	6	1.0	19
18.14225	-26.09258	-96.10958	RV_INSERT	6	1.0	19
7.51616	20.31889	-18.51833	LAX_LV_ENDOCARDIAL	9	1.0	19
9.31895	18.15055	-19.90971	LAX_LV_ENDOCARDIAL	9	1.0	19
11.06669	15.94707	-19.89637	LAX_LV_ENDOCARDIAL	9	1.0	19
12.86948	13.77873	-21.28776	LAX_LV_ENDOCARDIAL	9	1.0	19
14.67228	11.61040	-22.67914	LAX_LV_ENDOCARDIAL	9	1.0	19
16.42002	9.40691	-22.66580	LAX_LV_ENDOCARDIAL	9	1.0	19
18.22281	7.23857	-24.05718	LAX_LV_ENDOCARDIAL	9	1.0	19
19.97056	5.03509	-24.04384	LAX_LV_ENDOCARDIAL	9	1.0	19
21.71831	2.83160	-24.03049	LAX_LV_ENDOCARDIAL	9	1.0	19
23.46605	0.62811	-24.01715	LAX_LV_ENDOCARDIAL	9	1.0	19
25.26884	-1.54022	-25.40853	LAX_LV_ENDOCARDIAL	9	1.0	19
27.07163	-3.70856	-26.79992	LAX_LV_ENDOCARDIAL	9	1.0	19
28.92947	-5.84174	-29.59604	LAX_LV_ENDOCARDIAL	9	1.0	19
30.78731	-7.97492	-32.39216	LAX_LV_ENDOCARDIAL	9	1.0	19
31.77127	-9.00636	-35.19495	LAX_LV_ENDOCARDIAL	9	1.0	19
32.75523	-10.03780	-37.99774	LAX_LV_ENDOCARDIAL	9	1.0	19
32.86532	-9.96750	-40.80721	LAX_LV_ENDOCARDIAL	9	1.0	19
33.84928	-10.99894	-43.61000	LAX_LV_ENDOCARDIAL	9	1.0	19
34.83324	-12.03038	-46.41279	LAX_LV_ENDOCARDIAL	9	1.0	19
35.81721	-13.06182	-49.21559	LAX_LV_ENDOCARDIAL	9	1.0	19
36.80117	-14.09326	-52.01838	LAX_LV_ENDOCARDIAL	9	1.0	19
37.78513	-15.12470	-54.82117	LAX_LV_ENDOCARDIAL	9	1.0	19
37.89522	-15.05439	-57.63064	LAX_LV_ENDOCARDIAL	9	1.0	19
38.87918	-16.08583	-60.43343	LAX_LV_ENDOCARDIAL	9	1.0	19
39.86315	-17.11727	-63.23622	LAX_LV_ENDOCARDIAL	9	1.0	19
39.97324	-17.04697	-66.04569	LAX_LV_ENDOCARDIAL	9	1.0	19
40.95720	-18.07841	-68.84848	LAX_LV_ENDOCARDIAL	9	1.0	19
41.94116	-19.10985	-71.65127	LAX_LV_ENDOCARDIAL	9	1.0	19
42.05125	-19.03954	-74.46074	LAX_LV_ENDOCARDIAL	9	1.0	19
42.16134	-18.96924	-77.27020	LAX_LV_ENDOCARDIAL	9	1.0	19
43.14530	-20.00068	-80.07299	LAX_LV_ENDOCARDIAL	9	1.0	19
43.25539	-19.93038	-82.88246	LAX_LV_ENDOCARDIAL	9	1.0	19
43.36548	-19.86007	-85.69193	LAX_LV_ENDOCARDIAL	9	1.0	19
42.60169	-18.68803	-88.50806	LAX_LV_ENDOCARDIAL	9	1.0	19
42.71178	-18.61772	-91.31753	LAX_LV_ENDOCARDIAL	9	1.0	19
41.94800	-17.44567	-94.13367	LAX_LV_ENDOCARDIAL	9	1.0	19
42.05809	-17.37537	-96.94313	LAX_LV_ENDOCARDIAL	9	1.0	19
40.42043	-15.10158	-99.76594	LAX_LV_ENDOCARDIAL	9	1.0	19
38.67268	-12.89809	-99.77929	LAX_LV_ENDOCARDIAL	9	1.0	19
36.92494	-10.69461	-99.79264	LAX_LV_ENDOCARDIAL	9	1.0	19
35.12215	-8.52627	-98.40125	LAX_LV_ENDOCARDIAL	9	1.0	19
33.31936	-6.35794	-97.00986	LAX_LV_ENDOCARDIAL	9	1.0	19
31.51656	-4.18960	-95.61847	LAX_LV_ENDOCARDIAL	9	1.0	19
29.71377	-2.02127	-94.22709	LAX_LV_ENDOCARDIAL	9	1.0	19
27.91098	0.14707	-92.83570	LAX_LV_ENDOCARDIAL	9	1.0	19
26.10819	2.31540	-91.44431	LAX_LV_ENDOCARDIAL	9	1.0	19
24.30540	4.48374	-90.05293	LAX_LV_ENDOCARDIAL	9	1.0	19
22.50261	6.65207	-88.66154	LAX_LV_ENDOCARDIAL	9	1.0	19
20.75486	8.85556	-88.67489	LAX_LV_ENDOCARDIAL	9	1.0	19
18.95207	11.02390	-87.28350	LAX_LV_ENDOCARDIAL	9	1.0	19
17.14928	13.19223	-85.89211	LAX_LV_ENDOCARDIAL	9	1.0	19
15.40153	15.39572	-85.90546	LAX_LV_ENDOCARDIAL	9	1.0	19
13.59874	17.56405	-84.51407	LAX_LV_ENDOCARDIAL	9	1.0	19
11.79595	19.73239	-83.12268	LAX_LV_ENDOCARDIAL	9	1.0	19
9.93812	21.86557	-80.32656	LAX_LV_ENDOCARDIAL	9	1.0	19
8.13532	24.03391	-78.93518	LAX_LV_ENDOCARDIAL	9	1.0	19
6.33253	26.20224	-77.54379	LAX_LV_ENDOCARDIAL	9	1.0	19
4.47470	28.33542	-74.74767	LAX_LV_ENDOCARDIAL	9	1.0	19
2.67191	30.50376	-73.35628	LAX_LV_ENDOCARDIAL	9	1.0	19
1.68794	31.53520	-70.55349	LAX_LV_ENDOCARDIAL	9	1.0	19
0.70398	32.56664	-67.75070	LAX_LV_ENDOCARDIAL	9	1.0	19
-0.27998	33.59808	-64.94791	LAX_LV_ENDOCARDIAL	9	1.0	19
-2.13782	35.73126	-62.15179	LAX_LV_ENDOCARDIAL	9	1.0	19
-3.12178	36.76270	-59.34900	LAX_LV_ENDOCARDIAL	9	1.0	19
-4.97961	38.89588	-56.55288	LAX_LV_ENDOCARDIAL	9	1.0	19
15.16084	10.26259	-12.83934	LAX_LV_EPICARDIAL	9	1.0	19
16.96363	8.09425	-14.23073	LAX_LV_EPICARDIAL	9	1.0	19
18.71137	5.89077	-14.21738	LAX_LV_EPICARDIAL	9	1.0	19
20.51417	3.72243	-15.60877	LAX_LV_EPICARDIAL	9	1.0	19
22.26191	1.51895	-15.59542	LAX_LV_EPICARDIAL	9	1.0	19
24.06470	-0.64939	-16.98681	LAX_LV_EPICARDIAL	9	1.0	19
25.86749	-2.81772	-18.37820	LAX_LV_EPICARDIAL	9	1.0	19
27.67029	-4.98606	-19.76958	LAX_LV_EPICARDIAL	9	1.0	19
29.47308	-7.15439	-21.16097	LAX_LV_EPICARDIAL	9	1.0	19
31.33091	-9.28758	-23.95709	LAX_LV_EPICARDIAL	9	1.0	19
33.18875	-11.42076	-26.75321	LAX_LV_EPICARDIAL	9	1.0	19
34.17271	-12.45220	-29.55600	LAX_LV_EPICARDIAL	9	1.0	19
35.15667	-13.48364	-32.35879	LAX_LV_EPICARDIAL	9	1.0	19
37.01451	-15.61682	-35.15491	LAX_LV_EPICARDIAL	9	1.0	19
37.99847	-16.64826	-37.95771	LAX_LV_EPICARDIAL	9	1.0	19
38.98243	-17.67970	-40.76050	LAX_LV_EPICARDIAL	9	1.0	19
39.09252	-17.60940	-43.56996	LAX_LV_EPICARDIAL	9	1.0	19
40.07648	-18.64084	-46.37276	LAX_LV_EPICARDIAL	9	1.0	19
41.06045	-19.67228	-49.17555	LAX_LV_EPICARDIAL	9	1.0	19
42.04441	-20.70372	-51.97834	LAX_LV_EPICARDIAL	9	1.0	19
43.02837	-21.73516	-54.78113	LAX_LV_EPICARDIAL	9	1.0	19
43.13846	-21.66485	-57.59060	LAX_LV_EPICARDIAL	9	1.0	19
44.12242	-22.69629	-60.39339	LAX_LV_EPICARDIAL	9	1.0	19
44.23251	-22.62599	-63.20286	LAX_LV_EPICARDIAL	9	1.0	19
45.21647	-23.65743	-66.00565	LAX_LV_EPICARDIAL	9	1.0	19
45.32656	-23.58713	-68.81511	LAX_LV_EPICARDIAL	9	1.0	19
46.31053	-24.61857	-71.61791	LAX_LV_EPICARDIAL	9	1.0	19
46.42062	-24.54826	-74.42737	LAX_LV_EPICARDIAL	9	1.0	19
46.53070	-24.47796	-77.23684	LAX_LV_EPICARDIAL	9	1.0	19
46.64079	-24.40765	-80.04630	LAX_LV_EPICARDIAL	9	1.0	19
46.75088	-24.33735	-82.85577	LAX_LV_EPICARDIAL	9	1.0	19
46.86097	-24.26705	-85.66523	LAX_LV_EPICARDIAL	9	1.0	19
46.09719	-23.09500	-88.48137	LAX_LV_EPICARDIAL	9	1.0	19
45.33340	-21.92295	-91.29751	LAX_LV_EPICARDIAL	9	1.0	19
45.44349	-21.85265	-94.10698	LAX_LV_EPICARDIAL	9	1.0	19
44.67971	-20.68060	-96.92311	LAX_LV_EPICARDIAL	9	1.0	19
43.91592	-19.50855	-99.73925	LAX_LV_EPICARDIAL	9	1.0	19
43.15214	-18.33651	-102.55539	LAX_LV_EPICARDIAL	9	1.0	19
41.45944	-16.09787	-103.97347	LAX_LV_EPICARDIAL	9	1.0	19
39.76674	-13.85923	-105.39155	LAX_LV_EPICARDIAL	9	1.0	19
38.01899	-11.65574	-105.40489	LAX_LV_EPICARDIAL	9	1.0	19
36.21620	-9.48741	-104.01351	LAX_LV_EPICARDIAL	9	1.0	19
34.46845	-7.28392	-104.02685	LAX_LV_EPICARDIAL	9	1.0	19
32.66566	-5.11558	-102.63546	LAX_LV_EPICARDIAL	9	1.0	19
30.86287	-2.94725	-101.24408	LAX_LV_EPICARDIAL	9	1.0	19
29.06008	-0.77892	-99.85269	LAX_LV_EPICARDIAL	9	1.0	19
27.25729	1.38942	-98.46130	LAX_LV_EPICARDIAL	9	1.0	19
25.50954	3.59291	-98.47465	LAX_LV_EPICARDIAL	9	1.0	19
23.70675	5.76124	-97.08326	LAX_LV_EPICARDIAL	9	1.0	19
21.95900	7.96473	-97.09661	LAX_LV_EPICARDIAL	9	1.0	19
20.15621	10.13306	-95.70522	LAX_LV_EPICARDIAL	9	1.0	19
18.40847	12.33655	-95.71857	LAX_LV_EPICARDIAL	9	1.0	19
16.60567	14.50489	-94.32718	LAX_LV_EPICARDIAL	9	1.0	19
14.80288	16.67322	-92.93579	LAX_LV_EPICARDIAL	9	1.0	19
13.00009	18.84156	-91.54441	LAX_LV_EPICARDIAL	9	1.0	19
11.19730	21.00989	-90.15302	LAX_LV_EPICARDIAL	9	1.0	19
9.39451	23.17823	-88.76163	LAX_LV_EPICARDIAL	9	1.0	19
7.59172	25.34656	-87.37025	LAX_LV_EPICARDIAL	9	1.0	19
5.78893	27.51490	-85.97886	LAX_LV_EPICARDIAL	9	1.0	19
3.98614	29.68323	-84.58747	LAX_LV_EPICARDIAL	9	1.0	19
2.18335	31.85157	-83.19609	LAX_LV_EPICARDIAL	9	1.0	19
0.32551	33.98475	-80.39997	LAX_LV_EPICARDIAL	9	1.0	19
-1.47728	36.15308	-79.00858	LAX_LV_EPICARDIAL	9	1.0	19
-3.33512	38.28627	-76.21246	LAX_LV_EPICARDIAL	9	1.0	19
-5.19295	40.41945	-73.41634	LAX_LV_EPICARDIAL	9	1.0	19
-6.17692	41.45089	-70.61355	LAX_LV_EPICARDIAL	9	1.0	19
-7.16088	42.48233	-67.81076	LAX_LV_EPICARDIAL	9	1.0	19
-8.14484	43.51377	-65.00796	LAX_LV_EPICARDIAL	9	1.0	19
-8.25493	43.44346	-62.19850	LAX_LV_EPICARDIAL	9	1.0	19
-7.49114	42.27142	-59.38236	LAX_LV_EPICARDIAL	9	1.0	19
-6.72736	41.09937	-56.56622	LAX_LV_EPICARDIAL	9	1.0	19
-4.97961	38.89588	-56.55288	LAX_LV_EPICARDIAL	9	1.0	19
7.40607	20.24858	-15.70886	LAX_LV_EPICARDIAL	9	1.0	19
9.09877	18.00994	-14.29078	LAX_LV_EPICARDIAL	9	1.0	19
10.84651	15.80646	-14.27744	LAX_LV_EPICARDIAL	9	1.0	19
12.53922	13.56782	-12.85936	LAX_LV_EPICARDIAL	9	1.0	19
14.28696	11.36433	-12.84601	LAX_LV_EPICARDIAL	9	1.0	19
5.71336	22.48722	-17.12694	MITRAL_VALVE	9	1.0	19
-3.39700	36.58694	-52.32533	MITRAL_VALVE	9	1.0	19
-30.41680	-11.88040	-3.36686	LAX_RV_FREEWALL	8	1.0	1.0
-29.17074	-14.59730	-5.99100	LAX_RV_FREEWALL	8	1.0	1.0
-27.36686	-14.59730	-8.14882	LAX_RV_FREEWALL	8	1.0	1.0
-25.84189	-15.95575	-10.53979	LAX_RV_FREEWALL	8	1.0	1.0
-24.31692	-17.31420	-12.93077	LAX_RV_FREEWALL	8	1.0	1.0
-22.79195	-18.67265	-15.32175	LAX_RV_FREEWALL	8	1.0	1.0
-21.26699	-20.03110	-17.71273	LAX_RV_FREEWALL	8	1.0	1.0
-19.74202	-21.38955	-20.10371	LAX_RV_FREEWALL	8	1.0	1.0
-18.21705	-22.74800	-22.49469	LAX_RV_FREEWALL	8	1.0	1.0
-16.69208	-24.10645	-24.88567	LAX_RV_FREEWALL	8	1.0	1.0
-14.88820	-24.10646	-27.04349	LAX_RV_FREEWALL	8	1.0	1.0
-13.08432	-24.10646	-29.20131	LAX_RV_FREEWALL	8	1.0	1.0
-11.28044	-24.10646	-31.35912	LAX_RV_FREEWALL	8	1.0	1.0
-9.47655	-24.10646	-33.51694	LAX_RV_FREEWALL	8	1.0	1.0
-7.67267	-24.10646	-35.67476	LAX_RV_FREEWALL	8	1.0	1.0
-5.58988	-22.74802	-37.59941	LAX_RV_FREEWALL	8	1.0	1.0
-3.78600	-22.74802	-39.75723	LAX_RV_FREEWALL	8	1.0	1.0
-2.26103	-24.10647	-42.14821	LAX_RV_FREEWALL	8	1.0	1.0
-0.45715	-24.10647	-44.30603	LAX_RV_FREEWALL	8	1.0	1.0
1.06782	-25.46492	-46.69701	LAX_RV_FREEWALL	8	1.0	1.0
2.87170	-25.46492	-48.85483	LAX_RV_FREEWALL	8	1.0	1.0
4.95450	-24.10648	-50.77948	LAX_RV_FREEWALL	8	1.0	1.0
6.75838	-24.10648	-52.93730	LAX_RV_FREEWALL	8	1.0	1.0
-11.54124	-7.80507	-24.24555	LAX_RV_FREEWALL	8	1.0	1.0
-13.62404	-9.16352	-22.32089	LAX_RV_FREEWALL	8	1.0	1.0
-15.42792	-9.16352	-20.16307	LAX_RV_FREEWALL	8	1.0	1.0
-17.23180	-9.16351	-18.00526	LAX_RV_FREEWALL	8	1.0	1.0
-19.03568	-9.16351	-15.84744	LAX_RV_FREEWALL	8	1.0	1.0
-20.56065	-7.80506	-13.45646	LAX_RV_FREEWALL	8	1.0	1.0
-22.36453	-7.80506	-11.29864	LAX_RV_FREEWALL	8	1.0	1.0
-23.88950	-6.44661	-8.90766	LAX_RV_FREEWALL	8	1.0	1.0
-25.69338	-6.44661	-6.74984	LAX_RV_FREEWALL	8	1.0	1.0
-27.77618	-7.80506	-4.82519	LAX_RV_FREEWALL	8	1.0	1.0
-29.85897	-9.16350	-2.90053	LAX_RV_FREEWALL	8	1.0	1.0
-32.49959	-13.23885	-1.44220	LAX_RV_EPICARDIAL	8	1.0	1.0
-31.25353	-15.95575	-4.06634	LAX_RV_EPICARDIAL	8	1.0	1.0
-29.72857	-17.31420	-6.45732	LAX_RV_EPICARDIAL	8	1.0	1.0
-28.20360	-18.67265	-8.84830	LAX_RV_EPICARDIAL	8	1.0	1.0
-26.67863	-20.03110	-11.23928	LAX_RV_EPICARDIAL	8	1.0	1.0
-25.15366	-21.38955	-13.63026	LAX_RV_EPICARDIAL	8	1.0	1.0
-23.62869	-22.74800	-16.02124	LAX_RV_EPICARDIAL	8	1.0	1.0
-22.10372	-24.10645	-18.41222	LAX_RV_EPICARDIAL	8	1.0	1.0
-20.57876	-25.46490	-20.80320	LAX_RV_EPICARDIAL	8	1.0	1.0
-19.05379	-26.82335	-23.19418	LAX_RV_EPICARDIAL	8	1.0	1.0
-17.24991	-26.82335	-25.35199	LAX_RV_EPICARDIAL	8	1.0	1.0
-15.72494	-28.18180	-27.74297	LAX_RV_EPICARDIAL	8	1.0	1.0
-13.64214	-26.82336	-29.66763	LAX_RV_EPICARDIAL	8	1.0	1.0
-11.83826	-26.82336	-31.82545	LAX_RV_EPICARDIAL	8	1.0	1.0
-10.03438	-26.82336	-33.98326	LAX_RV_EPICARDIAL	8	1.0	1.0
-8.23050	-26.82336	-36.14108	LAX_RV_EPICARDIAL	8	1.0	1.0
-6.42662	-26.82336	-38.29890	LAX_RV_EPICARDIAL	8	1.0	1.0
-4.62274	-26.82336	-40.45672	LAX_RV_EPICARDIAL	8	1.0	1.0
-2.81886	-26.82337	-42.61453	LAX_RV_EPICARDIAL	8	1.0	1.0
-1.01497	-26.82337	-44.77235	LAX_RV_EPICARDIAL	8	1.0	1.0
0.78891	-26.82337	-46.93017	LAX_RV_EPICARDIAL	8	1.0	1.0
2.59279	-26.82337	-49.08799	LAX_RV_EPICARDIAL	8	1.0	1.0
4.39667	-26.82337	-51.24580	LAX_RV_EPICARDIAL	8	1.0	1.0
6.47946	-25.46493	-53.17046	LAX_RV_EPICARDIAL	8	1.0	1.0
8.28334	-25.46493	-55.32828	LAX_RV_EPICARDIAL	8	1.0	1.0
10.08723	-25.46493	-57.48610	LAX_RV_EPICARDIAL	8	1.0	1.0
-13.41033	-3.72972	-20.30933	LAX_RV_EPICARDIAL	8	1.0	1.0
-15.49312	-5.08817	-18.38468	LAX_RV_EPICARDIAL	8	1.0	1.0
-17.29700	-5.08817	-16.22686	LAX_RV_EPICARDIAL	8	1.0	1.0
-19.10088	-5.08817	-14.06904	LAX_RV_EPICARDIAL	8	1.0	1.0
-20.62585	-3.72972	-11.67806	LAX_RV_EPICARDIAL	8	1.0	1.0
-22.42973	-3.72971	-9.52025	LAX_RV_EPICARDIAL	8	1.0	1.0
-24.51253	-5.08816	-7.59559	LAX_RV_EPICARDIAL	8	1.0	1.0
-26.31641	-5.08816	-5.43777	LAX_RV_EPICARDIAL	8	1.0	1.0
-28.39920	-6.44661	-3.51312	LAX_RV_EPICARDIAL	8	1.0	1.0
-30.48200	-7.80505	-1.58846	LAX_RV_EPICARDIAL	8	1.0	1.0
-31.94176	-10.52195	-0.97588	LAX_RV_EPICARDIAL	8	1.0	1.0
7.31620	-21.38958	-52.47097	LAX_RV_SEPTUM	8	1.0	1.0
5.79123	-20.03113	-50.08000	LAX_RV_SEPTUM	8	1.0	1.0
4.26627	-18.67268	-47.68902	LAX_RV_SEPTUM	8	1.0	1.0
2.46238	-18.67268	-45.53120	LAX_RV_SEPTUM	8	1.0	1.0
0.93742	-17.31423	-43.14022	LAX_RV_SEPTUM	8	1.0	1.0
-0.58755	-15.95578	-40.74924	LAX_RV_SEPTUM	8	1.0	1.0
-2.11252	-14.59733	-38.35826	LAX_RV_SEPTUM	8	1.0	1.0
-3.63749	-13.23887	-35.96728	LAX_RV_SEPTUM	8	1.0	1.0
-5.16246	-11.88042	-33.57630	LAX_RV_SEPTUM	8	1.0	1.0
-6.68743	-10.52197	-31.18532	LAX_RV_SEPTUM	8	1.0	1.0
-8.21240	-9.16352	-28.79434	LAX_RV_SEPTUM	8	1.0	1.0
-10.01628	-9.16352	-26.63653	LAX_RV_SEPTUM	8	1.0	1.0
-10.98342	-5.08817	-23.77922	LAX_LV_EPICARDIAL	8	1.0	1.0
8.84117	-22.74803	-54.86195	LAX_LV_EPICARDIAL	8	1.0	1.0
10.64505	-22.74803	-57.01977	LAX_LV_EPICARDIAL	8	1.0	1.0
12.17002	-24.10648	-59.41075	LAX_LV_EPICARDIAL	8	1.0	1.0
13.97390	-24.10648	-61.56857	LAX_LV_EPICARDIAL	8	1.0	1.0
15.77778	-24.10649	-63.72639	LAX_LV_EPICARDIAL	8	1.0	1.0
17.30275	-25.46494	-66.11737	LAX_LV_EPICARDIAL	8	1.0	1.0
19.10663	-25.46494	-68.27518	LAX_LV_EPICARDIAL	8	1.0	1.0
20.63160	-26.82339	-70.66616	LAX_LV_EPICARDIAL	8	1.0	1.0
22.43548	-26.82339	-72.82398	LAX_LV_EPICARDIAL	8	1.0	1.0
24.23936	-26.82339	-74.98180	LAX_LV_EPICARDIAL	8	1.0	1.0
25.76433	-28.18184	-77.37278	LAX_LV_EPICARDIAL	8	1.0	1.0
27.56821	-28.18184	-79.53059	LAX_LV_EPICARDIAL	8	1.0	1.0
29.37209	-28.18185	-81.68841	LAX_LV_EPICARDIAL	8	1.0	1.0
31.17598	-28.18185	-83.84623	LAX_LV_EPICARDIAL	8	1.0	1.0
32.97986	-28.18185	-86.00405	LAX_LV_EPICARDIAL	8	1.0	1.0
34.78374	-28.18185	-88.16186	LAX_LV_EPICARDIAL	8	1.0	1.0
36.86653	-26.82340	-90.08652	LAX_LV_EPICARDIAL	8	1.0	1.0
38.94933	-25.46496	-92.01118	LAX_LV_EPICARDIAL	8	1.0	1.0
41.03212	-24.10651	-93.93583	LAX_LV_EPICARDIAL	8	1.0	1.0
42.49189	-21.38961	-94.54842	LAX_LV_EPICARDIAL	8	1.0	1.0
44.85359	-18.67272	-96.23991	LAX_LV_EPICARDIAL	8	1.0	1.0
45.41142	-15.95582	-95.77359	LAX_LV_EPICARDIAL	8	1.0	1.0
46.87119	-13.23892	-96.38617	LAX_LV_EPICARDIAL	8	1.0	1.0
47.42901	-10.52203	-95.91985	LAX_LV_EPICARDIAL	8	1.0	1.0
47.08490	-7.80513	-94.37461	LAX_LV_EPICARDIAL	8	1.0	1.0
46.74078	-5.08823	-92.82938	LAX_LV_EPICARDIAL	8	1.0	1.0
46.39667	-2.37133	-91.28415	LAX_LV_EPICARDIAL	8	1.0	1.0
46.05255	0.34557	-89.73892	LAX_LV_EPICARDIAL	8	1.0	1.0
45.70844	3.06247	-88.19368	LAX_LV_EPICARDIAL	8	1.0	1.0
45.36432	5.77936	-86.64845	LAX_LV_EPICARDIAL	8	1.0	1.0
45.02021	8.49626	-85.10322	LAX_LV_EPICARDIAL	8	1.0	1.0
44.67609	11.21316	-83.55799	LAX_LV_EPICARDIAL	8	1.0	1.0
44.33198	13.93006	-82.01275	LAX_LV_EPICARDIAL	8	1.0	1.0
43.98786	16.64696	-80.46752	LAX_LV_EPICARDIAL	8	1.0	1.0
42.74181	19.36386	-77.84338	LAX_LV_EPICARDIAL	8	1.0	1.0
42.39769	22.08076	-76.29815	LAX_LV_EPICARDIAL	8	1.0	1.0
42.05358	24.79765	-74.75292	LAX_LV_EPICARDIAL	8	1.0	1.0
41.70946	27.51455	-73.20768	LAX_LV_EPICARDIAL	8	1.0	1.0
41.36535	30.23145	-71.66245	LAX_LV_EPICARDIAL	8	1.0	1.0
40.11929	32.94835	-69.03831	LAX_LV_EPICARDIAL	8	1.0	1.0
39.77517	35.66525	-67.49308	LAX_LV_EPICARDIAL	8	1.0	1.0
39.43106	38.38215	-65.94784	LAX_LV_EPICARDIAL	8	1.0	1.0
38.18500	41.09905	-63.32370	LAX_LV_EPICARDIAL	8	1.0	1.0
36.66004	42.45750	-60.93272	LAX_LV_EPICARDIAL	8	1.0	1.0
35.41398	45.17440	-58.30858	LAX_LV_EPICARDIAL	8	1.0	1.0
33.88901	46.53285	-55.91760	LAX_LV_EPICARDIAL	8	1.0	1.0
32.36404	47.89130	-53.52662	LAX_LV_EPICARDIAL	8	1.0	1.0
30.83907	49.24975	-51.13564	LAX_LV_EPICARDIAL	8	1.0	1.0
29.31411	50.60820	-48.74467	LAX_LV_EPICARDIAL	8	1.0	1.0
27.51022	50.60820	-46.58685	LAX_LV_EPICARDIAL	8	1.0	1.0
25.98526	51.96665	-44.19587	LAX_LV_EPICARDIAL	8	1.0	1.0
24.18138	51.96665	-42.03805	LAX_LV_EPICARDIAL	8	1.0	1.0
22.37749	51.96665	-39.88023	LAX_LV_EPICARDIAL	8	1.0	1.0
20.57361	51.96665	-37.72242	LAX_LV_EPICARDIAL	8	1.0	1.0
18.49082	50.60821	-35.79776	LAX_LV_EPICARDIAL	8	1.0	1.0
16.12911	47.89131	-34.10627	LAX_LV_EPICARDIAL	8	1.0	1.0
-4.78214	20.72235	-20.42806	LAX_LV_EPICARDIAL	8	1.0	1.0
-6.58602	20.72235	-18.27024	LAX_LV_EPICARDIAL	8	1.0	1.0
-9.86777	0.34562	-22.84657	LAX_LV_ENDOCARDIAL	8	1.0	1.0
-8.06389	0.34562	-25.00439	LAX_LV_ENDOCARDIAL	8	1.0	1.0
-5.98109	1.70407	-26.92905	LAX_LV_ENDOCARDIAL	8	1.0	1.0
-4.17721	1.70407	-29.08686	LAX_LV_ENDOCARDIAL	8	1.0	1.0
-2.09442	3.06251	-31.01152	LAX_LV_ENDOCARDIAL	8	1.0	1.0
-0.56945	1.70406	-33.40250	LAX_LV_ENDOCARDIAL	8	1.0	1.0
1.23443	1.70406	-35.56032	LAX_LV_ENDOCARDIAL	8	1.0	1.0
2.48049	-1.01284	-38.18446	LAX_LV_ENDOCARDIAL	8	1.0	1.0
4.00546	-2.37129	-40.57544	LAX_LV_ENDOCARDIAL	8	1.0	1.0
5.25151	-5.08819	-43.19958	LAX_LV_ENDOCARDIAL	8	1.0	1.0
6.77648	-6.44664	-45.59056	LAX_LV_ENDOCARDIAL	8	1.0	1.0
8.30145	-7.80509	-47.98154	LAX_LV_ENDOCARDIAL	8	1.0	1.0
9.54750	-10.52199	-50.60568	LAX_LV_ENDOCARDIAL	8	1.0	1.0
11.07247	-11.88044	-52.99666	LAX_LV_ENDOCARDIAL	8	1.0	1.0
12.59744	-13.23889	-55.38764	LAX_LV_ENDOCARDIAL	8	1.0	1.0
14.12241	-14.59734	-57.77862	LAX_LV_ENDOCARDIAL	8	1.0	1.0
15.64738	-15.95579	-60.16960	LAX_LV_ENDOCARDIAL	8	1.0	1.0
17.45126	-15.95579	-62.32741	LAX_LV_ENDOCARDIAL	8	1.0	1.0
18.97623	-17.31424	-64.71839	LAX_LV_ENDOCARDIAL	8	1.0	1.0
20.78011	-17.31425	-66.87621	LAX_LV_ENDOCARDIAL	8	1.0	1.0
22.30508	-18.67270	-69.26719	LAX_LV_ENDOCARDIAL	8	1.0	1.0
23.83005	-20.03115	-71.65817	LAX_LV_ENDOCARDIAL	8	1.0	1.0
25.63393	-20.03115	-73.81599	LAX_LV_ENDOCARDIAL	8	1.0	1.0
27.15890	-21.38960	-76.20697	LAX_LV_ENDOCARDIAL	8	1.0	1.0
28.96278	-21.38960	-78.36478	LAX_LV_ENDOCARDIAL	8	1.0	1.0
30.48775	-22.74805	-80.75576	LAX_LV_ENDOCARDIAL	8	1.0	1.0
32.29163	-22.74805	-82.91358	LAX_LV_ENDOCARDIAL	8	1.0	1.0
34.09551	-22.74805	-85.07140	LAX_LV_ENDOCARDIAL	8	1.0	1.0
35.89939	-22.74806	-87.22922	LAX_LV_ENDOCARDIAL	8	1.0	1.0
37.70327	-22.74806	-89.38703	LAX_LV_ENDOCARDIAL	8	1.0	1.0
39.78606	-21.38961	-91.31169	LAX_LV_ENDOCARDIAL	8	1.0	1.0
40.96692	-20.03116	-92.15744	LAX_LV_ENDOCARDIAL	8	1.0	1.0
43.32862	-17.31427	-93.84893	LAX_LV_ENDOCARDIAL	8	1.0	1.0
43.88645	-14.59737	-93.38261	LAX_LV_ENDOCARDIAL	8	1.0	1.0
43.54234	-11.88047	-91.83737	LAX_LV_ENDOCARDIAL	8	1.0	1.0
43.19822	-9.16357	-90.29214	LAX_LV_ENDOCARDIAL	8	1.0	1.0
42.85411	-6.44667	-88.74691	LAX_LV_ENDOCARDIAL	8	1.0	1.0
42.50999	-3.72978	-87.20168	LAX_LV_ENDOCARDIAL	8	1.0	1.0
42.16588	-1.01288	-85.65644	LAX_LV_ENDOCARDIAL	8	1.0	1.0
40.91982	1.70402	-83.03230	LAX_LV_ENDOCARDIAL	8	1.0	1.0
40.57570	4.42092	-81.48707	LAX_LV_ENDOCARDIAL	8	1.0	1.0
39.32965	7.13782	-78.86293	LAX_LV_ENDOCARDIAL	8	1.0	1.0
38.98553	9.85472	-77.31770	LAX_LV_ENDOCARDIAL	8	1.0	1.0
38.64142	12.57162	-75.77246	LAX_LV_ENDOCARDIAL	8	1.0	1.0
38.29730	15.28851	-74.22723	LAX_LV_ENDOCARDIAL	8	1.0	1.0
37.95319	18.00541	-72.68200	LAX_LV_ENDOCARDIAL	8	1.0	1.0
37.60907	20.72231	-71.13677	LAX_LV_ENDOCARDIAL	8	1.0	1.0
36.36302	23.43921	-68.51262	LAX_LV_ENDOCARDIAL	8	1.0	1.0
35.11696	26.15611	-65.88848	LAX_LV_ENDOCARDIAL	8	1.0	1.0
34.77285	28.87301	-64.34325	LAX_LV_ENDOCARDIAL	8	1.0	1.0
33.52679	31.58991	-61.71911	LAX_LV_ENDOCARDIAL	8	1.0	1.0
32.28074	34.30681	-59.09497	LAX_LV_ENDOCARDIAL	8	1.0	1.0
30.75577	35.66526	-56.70399	LAX_LV_ENDOCARDIAL	8	1.0	1.0
29.23080	37.02371	-54.31301	LAX_LV_ENDOCARDIAL	8	1.0	1.0
27.70583	38.38216	-51.92203	LAX_LV_ENDOCARDIAL	8	1.0	1.0
26.45978	41.09906	-49.29789	LAX_LV_ENDOCARDIAL	8	1.0	1.0
24.93481	42.45751	-46.90691	LAX_LV_ENDOCARDIAL	8	1.0	1.0
23.40984	43.81596	-44.51593	LAX_LV_ENDOCARDIAL	8	1.0	1.0
21.88487	45.17441	-42.12495	LAX_LV_ENDOCARDIAL	8	1.0	1.0
19.80208	43.81596	-40.20030	LAX_LV_ENDOCARDIAL	8	1.0	1.0
17.99820	43.81596	-38.04248	LAX_LV_ENDOCARDIAL	8	1.0	1.0
-4.78214	20.72235	-20.42806	LAX_LV_ENDOCARDIAL	8	1.0	1.0
-6.58602	20.72235	-18.27024	LAX_LV_ENDOCARDIAL	8	1.0	1.0
-32.49959	-13.23885	-1.44220	LAX_RV_EPICARDIAL	8	1.0	1.0
-31.25353	-15.95575	-4.06634	LAX_RV_EPICARDIAL	8	1.0	1.0
-29.72857	-17.31420	-6.45732	LAX_RV_EPICARDIAL	8	1.0	1.0
-28.20360	-18.67265	-8.84830	LAX_RV_EPICARDIAL	8	1.0	1.0
-26.67863	-20.03110	-11.23928	LAX_RV_EPICARDIAL	8	1.0	1.0
-25.15366	-21.38955	-13.63026	LAX_RV_EPICARDIAL	8	1.0	1.0
-23.62869	-22.74800	-16.02124	LAX_RV_EPICARDIAL	8	1.0	1.0
-22.10372	-24.10645	-18.41222	LAX_RV_EPICARDIAL	8	1.0	1.0
-20.57876	-25.46490	-20.80320	LAX_RV_EPICARDIAL	8	1.0	1.0
-19.05379	-26.82335	-23.19418	LAX_RV_EPICARDIAL	8	1.0	1.0
-17.24991	-26.82335	-25.35199	LAX_RV_EPICARDIAL	8	1.0	1.0
-15.72494	-28.18180	-27.74297	LAX_RV_EPICARDIAL	8	1.0	1.0
-13.64214	-26.82336	-29.66763	LAX_RV_EPICARDIAL	8	1.0	1.0
-11.83826	-26.82336	-31.82545	LAX_RV_EPICARDIAL	8	1.0	1.0
-10.03438	-26.82336	-33.98326	LAX_RV_EPICARDIAL	8	1.0	1.0
-8.23050	-26.82336	-36.14108	LAX_RV_EPICARDIAL	8	1.0	1.0
-6.42662	-26.82336	-38.29890	LAX_RV_EPICARDIAL	8	1.0	1.0
-4.62274	-26.82336	-40.45672	LAX_RV_EPICARDIAL	8	1.0	1.0
-2.81886	-26.82337	-42.61453	LAX_RV_EPICARDIAL	8	1.0	1.0
-1.01497	-26.82337	-44.77235	LAX_RV_EPICARDIAL	8	1.0	1.0
0.78891	-26.82337	-46.93017	LAX_RV_EPICARDIAL	8	1.0	1.0
2.59279	-26.82337	-49.08799	LAX_RV_EPICARDIAL	8	1.0	1.0
4.39667	-26.82337	-51.24580	LAX_RV_EPICARDIAL	8	1.0	1.0
6.47946	-25.46493	-53.17046	LAX_RV_EPICARDIAL	8	1.0	1.0
8.28334	-25.46493	-55.32828	LAX_RV_EPICARDIAL	8	1.0	1.0
10.08723	-25.46493	-57.48610	LAX_RV_EPICARDIAL	8	1.0	1.0
-13.41033	-3.72972	-20.30933	LAX_RV_EPICARDIAL	8	1.0	1.0
-15.49312	-5.08817	-18.38468	LAX_RV_EPICARDIAL	8	1.0	1.0
-17.29700	-5.08817	-16.22686	LAX_RV_EPICARDIAL	8	1.0	1.0
-19.10088	-5.08817	-14.06904	LAX_RV_EPICARDIAL	8	1.0	1.0
-20.62585	-3.72972	-11.67806	LAX_RV_EPICARDIAL	8	1.0	1.0
-22.42973	-3.72971	-9.52025	LAX_RV_EPICARDIAL	8	1.0	1.0
-24.51253	-5.08816	-7.59559	LAX_RV_EPICARDIAL	8	1.0	1.0
-26.31641	-5.08816	-5.43777	LAX_RV_EPICARDIAL	8	1.0	1.0
-28.39920	-6.44661	-3.51312	LAX_RV_EPICARDIAL	8	1.0	1.0
-30.48200	-7.80505	-1.58846	LAX_RV_EPICARDIAL	8	1.0	1.0
-31.94176	-10.52195	-0.97588	LAX_RV_EPICARDIAL	8	1.0	1.0
15.63649	41.09907	-36.35098	MITRAL_VALVE	8	1.0	1.0
-2.42043	23.43925	-22.11955	MITRAL_VALVE	8	1.0	1.0
-8.38990	20.72236	-16.11242	AORTA_VALVE	8	1.0	1.0
-11.39274	1.70407	-20.45559	AORTA_VALVE	8	1.0	1.0
-61.91579	6.29087	-70.15393	LAX_RV_FREEWALL	7	1.0	19
-64.49384	4.68958	-72.72489	LAX_RV_FREEWALL	7	1.0	19
-65.67210	3.08829	-75.16113	LAX_RV_FREEWALL	7	1.0	19
-65.45059	1.48700	-77.46264	LAX_RV_FREEWALL	7	1.0	19
-63.82930	-0.11429	-79.62942	LAX_RV_FREEWALL	7	1.0	19
-62.20800	-1.71558	-81.79621	LAX_RV_FREEWALL	7	1.0	19
-60.58671	-3.31687	-83.96300	LAX_RV_FREEWALL	7	1.0	19
-58.96541	-4.91816	-86.12978	LAX_RV_FREEWALL	7	1.0	19
-58.74390	-6.51946	-88.43129	LAX_RV_FREEWALL	7	1.0	19
-55.72282	-8.12075	-90.46335	LAX_RV_FREEWALL	7	1.0	19
-52.81251	-8.92139	-91.34466	LAX_RV_FREEWALL	7	1.0	19
-49.79143	-10.52269	-93.37672	LAX_RV_FREEWALL	7	1.0	19
-46.77035	-12.12398	-95.40878	LAX_RV_FREEWALL	7	1.0	19
-43.86004	-12.92462	-96.29009	LAX_RV_FREEWALL	7	1.0	19
-40.83896	-14.52592	-98.32215	LAX_RV_FREEWALL	7	1.0	19
-37.92864	-15.32656	-99.20346	LAX_RV_FREEWALL	7	1.0	19
-35.01832	-16.12721	-100.08476	LAX_RV_FREEWALL	7	1.0	19
-32.10800	-16.92786	-100.96607	LAX_RV_FREEWALL	7	1.0	19
-29.19768	-17.72850	-101.84738	LAX_RV_FREEWALL	7	1.0	19
-26.28736	-18.52915	-102.72868	LAX_RV_FREEWALL	7	1.0	19
-23.37705	-19.32980	-103.60999	LAX_RV_FREEWALL	7	1.0	19
-20.46673	-20.13044	-104.49129	LAX_RV_FREEWALL	7	1.0	19
-17.66716	-20.13044	-104.22185	LAX_RV_FREEWALL	7	1.0	19
-14.75685	-20.93109	-105.10315	LAX_RV_FREEWALL	7	1.0	19
-11.84653	-21.73174	-105.98446	LAX_RV_FREEWALL	7	1.0	19
-9.04696	-21.73174	-105.71501	LAX_RV_FREEWALL	7	1.0	19
-6.13664	-22.53238	-106.59631	LAX_RV_FREEWALL	7	1.0	19
-3.33708	-22.53238	-106.32687	LAX_RV_FREEWALL	7	1.0	19
-0.53752	-22.53238	-106.05742	LAX_RV_FREEWALL	7	1.0	19
2.37280	-23.33303	-106.93872	LAX_RV_FREEWALL	7	1.0	19
5.17236	-23.33303	-106.66927	LAX_RV_FREEWALL	7	1.0	19
8.08268	-24.13368	-107.55058	LAX_RV_FREEWALL	7	1.0	19
10.99300	-24.93432	-108.43189	LAX_RV_FREEWALL	7	1.0	19
13.79256	-24.93433	-108.16244	LAX_RV_FREEWALL	7	1.0	19
16.59212	-24.93433	-107.89299	LAX_RV_FREEWALL	7	1.0	19
19.28093	-24.13368	-106.47278	LAX_RV_FREEWALL	7	1.0	19
21.96974	-23.33304	-105.05258	LAX_RV_FREEWALL	7	1.0	19
23.25876	-22.53239	-103.76710	LAX_RV_FREEWALL	7	1.0	19
-59.22698	7.09152	-68.73373	LAX_RV_EPICARDIAL	7	1.0	19
-62.13730	7.89217	-67.85242	LAX_RV_EPICARDIAL	7	1.0	19
-64.82611	7.09152	-69.27262	LAX_RV_EPICARDIAL	7	1.0	19
-66.11513	6.29088	-70.55810	LAX_RV_EPICARDIAL	7	1.0	19
-68.69318	4.68959	-73.12906	LAX_RV_EPICARDIAL	7	1.0	19
-68.47167	3.08829	-75.43058	LAX_RV_EPICARDIAL	7	1.0	19
-68.25015	1.48700	-77.73209	LAX_RV_EPICARDIAL	7	1.0	19
-68.02864	-0.11429	-80.03360	LAX_RV_EPICARDIAL	7	1.0	19
-67.80713	-1.71558	-82.33511	LAX_RV_EPICARDIAL	7	1.0	19
-66.18583	-3.31687	-84.50189	LAX_RV_EPICARDIAL	7	1.0	19
-64.56454	-4.91816	-86.66868	LAX_RV_EPICARDIAL	7	1.0	19
-64.34303	-6.51945	-88.97019	LAX_RV_EPICARDIAL	7	1.0	19
-62.72173	-8.12075	-91.13698	LAX_RV_EPICARDIAL	7	1.0	19
-61.10044	-9.72204	-93.30376	LAX_RV_EPICARDIAL	7	1.0	19
-58.19012	-10.52268	-94.18507	LAX_RV_EPICARDIAL	7	1.0	19
-55.16904	-12.12398	-96.21713	LAX_RV_EPICARDIAL	7	1.0	19
-52.25872	-12.92462	-97.09844	LAX_RV_EPICARDIAL	7	1.0	19
-49.23765	-14.52591	-99.13050	LAX_RV_EPICARDIAL	7	1.0	19
-46.32733	-15.32656	-100.01181	LAX_RV_EPICARDIAL	7	1.0	19
-43.30625	-16.92785	-102.04387	LAX_RV_EPICARDIAL	7	1.0	19
-40.39593	-17.72850	-102.92517	LAX_RV_EPICARDIAL	7	1.0	19
-37.48561	-18.52915	-103.80648	LAX_RV_EPICARDIAL	7	1.0	19
-34.68605	-18.52915	-103.53703	LAX_RV_EPICARDIAL	7	1.0	19
-31.77573	-19.32979	-104.41834	LAX_RV_EPICARDIAL	7	1.0	19
-28.86541	-20.13044	-105.29964	LAX_RV_EPICARDIAL	7	1.0	19
-25.95510	-20.93109	-106.18095	LAX_RV_EPICARDIAL	7	1.0	19
-23.04478	-21.73173	-107.06226	LAX_RV_EPICARDIAL	7	1.0	19
-20.24521	-21.73173	-106.79281	LAX_RV_EPICARDIAL	7	1.0	19
-17.33489	-22.53238	-107.67411	LAX_RV_EPICARDIAL	7	1.0	19
-14.42458	-23.33303	-108.55542	LAX_RV_EPICARDIAL	7	1.0	19
-11.51426	-24.13367	-109.43672	LAX_RV_EPICARDIAL	7	1.0	19
-8.71469	-24.13367	-109.16727	LAX_RV_EPICARDIAL	7	1.0	19
-5.80438	-24.93432	-110.04858	LAX_RV_EPICARDIAL	7	1.0	19
-3.00481	-24.93432	-109.77913	LAX_RV_EPICARDIAL	7	1.0	19
-0.20525	-24.93432	-109.50968	LAX_RV_EPICARDIAL	7	1.0	19
2.59431	-24.93432	-109.24023	LAX_RV_EPICARDIAL	7	1.0	19
5.39387	-24.93432	-108.97078	LAX_RV_EPICARDIAL	7	1.0	19
8.30419	-25.73497	-109.85209	LAX_RV_EPICARDIAL	7	1.0	19
11.10376	-25.73497	-109.58264	LAX_RV_EPICARDIAL	7	1.0	19
14.01408	-26.53562	-110.46395	LAX_RV_EPICARDIAL	7	1.0	19
16.81364	-26.53562	-110.19450	LAX_RV_EPICARDIAL	7	1.0	19
19.61320	-26.53562	-109.92505	LAX_RV_EPICARDIAL	7	1.0	19
22.30201	-25.73497	-108.50484	LAX_RV_EPICARDIAL	7	1.0	19
24.99081	-24.93433	-107.08464	LAX_RV_EPICARDIAL	7	1.0	19
27.56886	-23.33304	-104.51368	LAX_RV_EPICARDIAL	7	1.0	19
23.03725	-20.93110	-101.46559	LAX_RV_SEPTUM	7	1.0	19
20.12693	-20.13045	-100.58428	LAX_RV_SEPTUM	7	1.0	19
17.10585	-18.52916	-98.55222	LAX_RV_SEPTUM	7	1.0	19
14.08478	-16.92787	-96.52016	LAX_RV_SEPTUM	7	1.0	19
11.06370	-15.32658	-94.48809	LAX_RV_SEPTUM	7	1.0	19
8.04263	-13.72529	-92.45603	LAX_RV_SEPTUM	7	1.0	19
5.02155	-12.12399	-90.42397	LAX_RV_SEPTUM	7	1.0	19
2.00048	-10.52270	-88.39191	LAX_RV_SEPTUM	7	1.0	19
0.37918	-8.92141	-86.22512	LAX_RV_SEPTUM	7	1.0	19
-2.64189	-7.32012	-84.19306	LAX_RV_SEPTUM	7	1.0	19
-4.26319	-5.71883	-82.02628	LAX_RV_SEPTUM	7	1.0	19
-7.28426	-4.11753	-79.99421	LAX_RV_SEPTUM	7	1.0	19
-8.90556	-2.51624	-77.82743	LAX_RV_SEPTUM	7	1.0	19
-10.52685	-0.91495	-75.66064	LAX_RV_SEPTUM	7	1.0	19
-12.14815	0.68634	-73.49386	LAX_RV_SEPTUM	7	1.0	19
-13.76944	2.28763	-71.32707	LAX_RV_SEPTUM	7	1.0	19
-15.39074	3.88892	-69.16028	LAX_RV_SEPTUM	7	1.0	19
-17.01203	5.49022	-66.99350	LAX_RV_SEPTUM	7	1.0	19
-18.63332	7.09151	-64.82671	LAX_RV_SEPTUM	7	1.0	19
-20.25462	8.69280	-62.65992	LAX_RV_SEPTUM	7	1.0	19
-21.87591	10.29409	-60.49314	LAX_RV_SEPTUM	7	1.0	19
-23.49721	11.89538	-58.32635	LAX_RV_SEPTUM	7	1.0	19
-25.11850	13.49667	-56.15957	LAX_RV_SEPTUM	7	1.0	19
19.04061	38.31668	-15.90551	LAX_LV_EPICARDIAL	7	1.0	19
-22.13748	22.30378	-43.09708	LAX_LV_EPICARDIAL	7	1.0	19
-23.31575	20.70248	-45.53332	LAX_LV_EPICARDIAL	7	1.0	19
-24.49402	19.10119	-47.96955	LAX_LV_EPICARDIAL	7	1.0	19
-24.27250	17.49990	-50.27106	LAX_LV_EPICARDIAL	7	1.0	19
-25.45077	15.89861	-52.70730	LAX_LV_EPICARDIAL	7	1.0	19
25.94757	-21.73175	-102.34689	LAX_LV_EPICARDIAL	7	1.0	19
28.74713	-21.73175	-102.07744	LAX_LV_EPICARDIAL	7	1.0	19
31.54669	-21.73175	-101.80799	LAX_LV_EPICARDIAL	7	1.0	19
34.45701	-22.53239	-102.68930	LAX_LV_EPICARDIAL	7	1.0	19
37.25657	-22.53239	-102.41985	LAX_LV_EPICARDIAL	7	1.0	19
39.94538	-21.73175	-100.99965	LAX_LV_EPICARDIAL	7	1.0	19
42.63419	-20.93111	-99.57944	LAX_LV_EPICARDIAL	7	1.0	19
43.81245	-19.32981	-97.14321	LAX_LV_EPICARDIAL	7	1.0	19
46.39050	-17.72852	-94.57224	LAX_LV_EPICARDIAL	7	1.0	19
47.56877	-16.12723	-92.13601	LAX_LV_EPICARDIAL	7	1.0	19
48.74704	-14.52594	-89.69977	LAX_LV_EPICARDIAL	7	1.0	19
49.92531	-12.92465	-87.26354	LAX_LV_EPICARDIAL	7	1.0	19
51.10358	-11.32336	-84.82730	LAX_LV_EPICARDIAL	7	1.0	19
52.28184	-9.72207	-82.39107	LAX_LV_EPICARDIAL	7	1.0	19
53.46011	-8.12078	-79.95483	LAX_LV_EPICARDIAL	7	1.0	19
54.63838	-6.51949	-77.51860	LAX_LV_EPICARDIAL	7	1.0	19
54.41687	-4.91820	-75.21708	LAX_LV_EPICARDIAL	7	1.0	19
55.59514	-3.31691	-72.78085	LAX_LV_EPICARDIAL	7	1.0	19
56.77340	-1.71561	-70.34461	LAX_LV_EPICARDIAL	7	1.0	19
56.55189	-0.11432	-68.04310	LAX_LV_EPICARDIAL	7	1.0	19
56.33038	1.48697	-65.74159	LAX_LV_EPICARDIAL	7	1.0	19
56.10886	3.08826	-63.44008	LAX_LV_EPICARDIAL	7	1.0	19
55.88735	4.68955	-61.13857	LAX_LV_EPICARDIAL	7	1.0	19
55.66584	6.29084	-58.83706	LAX_LV_EPICARDIAL	7	1.0	19
55.44433	7.89213	-56.53555	LAX_LV_EPICARDIAL	7	1.0	19
53.82303	9.49342	-54.36876	LAX_LV_EPICARDIAL	7	1.0	19
53.60152	11.09472	-52.06725	LAX_LV_EPICARDIAL	7	1.0	19
53.38001	12.69601	-49.76574	LAX_LV_EPICARDIAL	7	1.0	19
53.15849	14.29730	-47.46423	LAX_LV_EPICARDIAL	7	1.0	19
51.53720	15.89859	-45.29744	LAX_LV_EPICARDIAL	7	1.0	19
51.31568	17.49988	-42.99593	LAX_LV_EPICARDIAL	7	1.0	19
51.09417	19.10117	-40.69442	LAX_LV_EPICARDIAL	7	1.0	19
49.47288	20.70246	-38.52763	LAX_LV_EPICARDIAL	7	1.0	19
47.85158	22.30376	-36.36085	LAX_LV_EPICARDIAL	7	1.0	19
47.63007	23.90505	-34.05934	LAX_LV_EPICARDIAL	7	1.0	19
46.00878	25.50634	-31.89255	LAX_LV_EPICARDIAL	7	1.0	19
44.38748	27.10763	-29.72576	LAX_LV_EPICARDIAL	7	1.0	19
42.76619	28.70892	-27.55898	LAX_LV_EPICARDIAL	7	1.0	19
41.14489	30.31021	-25.39219	LAX_LV_EPICARDIAL	7	1.0	19
38.12382	31.91151	-23.36013	LAX_LV_EPICARDIAL	7	1.0	19
36.50252	33.51280	-21.19334	LAX_LV_EPICARDIAL	7	1.0	19
33.48145	35.11409	-19.16128	LAX_LV_EPICARDIAL	7	1.0	19
30.46037	36.71538	-17.12922	LAX_LV_EPICARDIAL	7	1.0	19
27.55005	37.51603	-16.24791	LAX_LV_EPICARDIAL	7	1.0	19
24.63973	38.31667	-15.36661	LAX_LV_EPICARDIAL	7	1.0	19
21.84017	38.31667	-15.63606	LAX_LV_EPICARDIAL	7	1.0	19
-19.44867	23.10442	-41.67688	LAX_LV_ENDOCARDIAL	7	1.0	19
-19.22716	21.50313	-43.97839	LAX_LV_ENDOCARDIAL	7	1.0	19
-19.00565	19.90184	-46.27990	LAX_LV_ENDOCARDIAL	7	1.0	19
-18.78413	18.30055	-48.58141	LAX_LV_ENDOCARDIAL	7	1.0	19
-17.16284	16.69925	-50.74820	LAX_LV_ENDOCARDIAL	7	1.0	19
-16.94133	15.09796	-53.04971	LAX_LV_ENDOCARDIAL	7	1.0	19
-15.32003	13.49667	-55.21649	LAX_LV_ENDOCARDIAL	7	1.0	19
-13.69874	11.89538	-57.38328	LAX_LV_ENDOCARDIAL	7	1.0	19
-12.07744	10.29409	-59.55007	LAX_LV_ENDOCARDIAL	7	1.0	19
-9.05637	8.69280	-61.58213	LAX_LV_ENDOCARDIAL	7	1.0	19
-6.03529	7.09150	-63.61419	LAX_LV_ENDOCARDIAL	7	1.0	19
-4.41400	5.49021	-65.78097	LAX_LV_ENDOCARDIAL	7	1.0	19
-1.39292	3.88892	-67.81304	LAX_LV_ENDOCARDIAL	7	1.0	19
0.22837	2.28763	-69.97982	LAX_LV_ENDOCARDIAL	7	1.0	19
0.44988	0.68634	-72.28133	LAX_LV_ENDOCARDIAL	7	1.0	19
2.07118	-0.91495	-74.44812	LAX_LV_ENDOCARDIAL	7	1.0	19
3.69247	-2.51625	-76.61491	LAX_LV_ENDOCARDIAL	7	1.0	19
5.31377	-4.11754	-78.78169	LAX_LV_ENDOCARDIAL	7	1.0	19
8.33484	-5.71883	-80.81375	LAX_LV_ENDOCARDIAL	7	1.0	19
9.95614	-7.32012	-82.98054	LAX_LV_ENDOCARDIAL	7	1.0	19
11.57743	-8.92141	-85.14733	LAX_LV_ENDOCARDIAL	7	1.0	19
14.59851	-10.52270	-87.17939	LAX_LV_ENDOCARDIAL	7	1.0	19
17.61958	-12.12400	-89.21145	LAX_LV_ENDOCARDIAL	7	1.0	19
19.24088	-13.72529	-91.37824	LAX_LV_ENDOCARDIAL	7	1.0	19
22.26195	-15.32658	-93.41030	LAX_LV_ENDOCARDIAL	7	1.0	19
25.17227	-16.12723	-94.29160	LAX_LV_ENDOCARDIAL	7	1.0	19
28.19335	-17.72852	-96.32367	LAX_LV_ENDOCARDIAL	7	1.0	19
31.21442	-19.32981	-98.35573	LAX_LV_ENDOCARDIAL	7	1.0	19
34.12474	-20.13046	-99.23703	LAX_LV_ENDOCARDIAL	7	1.0	19
36.92430	-20.13046	-98.96758	LAX_LV_ENDOCARDIAL	7	1.0	19
39.61311	-19.32981	-97.54738	LAX_LV_ENDOCARDIAL	7	1.0	19
42.19116	-17.72852	-94.97642	LAX_LV_ENDOCARDIAL	7	1.0	19
43.36943	-16.12723	-92.54018	LAX_LV_ENDOCARDIAL	7	1.0	19
43.14791	-14.52594	-90.23867	LAX_LV_ENDOCARDIAL	7	1.0	19
44.32618	-12.92465	-87.80244	LAX_LV_ENDOCARDIAL	7	1.0	19
44.10467	-11.32336	-85.50093	LAX_LV_ENDOCARDIAL	7	1.0	19
45.28294	-9.72207	-83.06469	LAX_LV_ENDOCARDIAL	7	1.0	19
46.46121	-8.12078	-80.62845	LAX_LV_ENDOCARDIAL	7	1.0	19
46.23969	-6.51949	-78.32694	LAX_LV_ENDOCARDIAL	7	1.0	19
47.41796	-4.91819	-75.89071	LAX_LV_ENDOCARDIAL	7	1.0	19
48.59623	-3.31690	-73.45447	LAX_LV_ENDOCARDIAL	7	1.0	19
48.37472	-1.71561	-71.15296	LAX_LV_ENDOCARDIAL	7	1.0	19
49.55298	-0.11432	-68.71673	LAX_LV_ENDOCARDIAL	7	1.0	19
49.33147	1.48697	-66.41522	LAX_LV_ENDOCARDIAL	7	1.0	19
49.10996	3.08826	-64.11370	LAX_LV_ENDOCARDIAL	7	1.0	19
48.88845	4.68955	-61.81219	LAX_LV_ENDOCARDIAL	7	1.0	19
48.66693	6.29084	-59.51068	LAX_LV_ENDOCARDIAL	7	1.0	19
48.44542	7.89213	-57.20917	LAX_LV_ENDOCARDIAL	7	1.0	19
48.22391	9.49343	-54.90766	LAX_LV_ENDOCARDIAL	7	1.0	19
48.00239	11.09472	-52.60615	LAX_LV_ENDOCARDIAL	7	1.0	19
47.78088	12.69601	-50.30464	LAX_LV_ENDOCARDIAL	7	1.0	19
47.55937	14.29730	-48.00313	LAX_LV_ENDOCARDIAL	7	1.0	19
45.93807	15.89859	-45.83634	LAX_LV_ENDOCARDIAL	7	1.0	19
44.31678	17.49988	-43.66956	LAX_LV_ENDOCARDIAL	7	1.0	19
44.09527	19.10117	-41.36804	LAX_LV_ENDOCARDIAL	7	1.0	19
42.47397	20.70247	-39.20126	LAX_LV_ENDOCARDIAL	7	1.0	19
40.85268	22.30376	-37.03447	LAX_LV_ENDOCARDIAL	7	1.0	19
39.23138	23.90505	-34.86769	LAX_LV_ENDOCARDIAL	7	1.0	19
36.21031	25.50634	-32.83562	LAX_LV_ENDOCARDIAL	7	1.0	19
34.58901	27.10763	-30.66884	LAX_LV_ENDOCARDIAL	7	1.0	19
32.96772	28.70892	-28.50205	LAX_LV_ENDOCARDIAL	7	1.0	19
29.94664	30.31022	-26.46999	LAX_LV_ENDOCARDIAL	7	1.0	19
28.43611	31.11086	-25.45396	LAX_LV_ENDOCARDIAL	7	1.0	19
25.41503	32.71215	-23.42190	LAX_LV_ENDOCARDIAL	7	1.0	19
22.50471	33.51280	-22.54059	LAX_LV_ENDOCARDIAL	7	1.0	19
19.48363	35.11409	-20.50853	LAX_LV_ENDOCARDIAL	7	1.0	19
-59.22698	7.09152	-68.73373	LAX_RV_EPICARDIAL	7	1.0	19
-62.13730	7.89217	-67.85242	LAX_RV_EPICARDIAL	7	1.0	19
-64.82611	7.09152	-69.27262	LAX_RV_EPICARDIAL	7	1.0	19
-66.11513	6.29088	-70.55810	LAX_RV_EPICARDIAL	7	1.0	19
-68.69318	4.68959	-73.12906	LAX_RV_EPICARDIAL	7	1.0	19
-68.47167	3.08829	-75.43058	LAX_RV_EPICARDIAL	7	1.0	19
-68.25015	1.48700	-77.73209	LAX_RV_EPICARDIAL	7	1.0	19
-68.02864	-0.11429	-80.03360	LAX_RV_EPICARDIAL	7	1.0	19
-67.80713	-1.71558	-82.33511	LAX_RV_EPICARDIAL	7	1.0	19
-66.18583	-3.31687	-84.50189	LAX_RV_EPICARDIAL	7	1.0	19
-64.56454	-4.91816	-86.66868	LAX_RV_EPICARDIAL	7	1.0	19
-64.34303	-6.51945	-88.97019	LAX_RV_EPICARDIAL	7	1.0	19
-62.72173	-8.12075	-91.13698	LAX_RV_EPICARDIAL	7	1.0	19
-61.10044	-9.72204	-93.30376	LAX_RV_EPICARDIAL	7	1.0	19
-58.19012	-10.52268	-94.18507	LAX_RV_EPICARDIAL	7	1.0	19
-55.16904	-12.12398	-96.21713	LAX_RV_EPICARDIAL	7	1.0	19
-52.25872	-12.92462	-97.09844	LAX_RV_EPICARDIAL	7	1.0	19
-49.23765	-14.52591	-99.13050	LAX_RV_EPICARDIAL	7	1.0	19
-46.32733	-15.32656	-100.01181	LAX_RV_EPICARDIAL	7	1.0	19
-43.30625	-16.92785	-102.04387	LAX_RV_EPICARDIAL	7	1.0	19
-40.39593	-17.72850	-102.92517	LAX_RV_EPICARDIAL	7	1.0	19
-37.48561	-18.52915	-103.80648	LAX_RV_EPICARDIAL	7	1.0	19
-34.68605	-18.52915	-103.53703	LAX_RV_EPICARDIAL	7	1.0	19
-31.77573	-19.32979	-104.41834	LAX_RV_EPICARDIAL	7	1.0	19
-28.86541	-20.13044	-105.29964	LAX_RV_EPICARDIAL	7	1.0	19
-25.95510	-20.93109	-106.18095	LAX_RV_EPICARDIAL	7	1.0	19
-23.04478	-21.73173	-107.06226	LAX_RV_EPICARDIAL	7	1.0	19
-20.24521	-21.73173	-106.79281	LAX_RV_EPICARDIAL	7	1.0	19
-17.33489	-22.53238	-107.67411	LAX_RV_EPICARDIAL	7	1.0	19
-14.42458	-23.33303	-108.55542	LAX_RV_EPICARDIAL	7	1.0	19
-11.51426	-24.13367	-109.43672	LAX_RV_EPICARDIAL	7	1.0	19
-8.71469	-24.13367	-109.16727	LAX_RV_EPICARDIAL	7	1.0	19
-5.80438	-24.93432	-110.04858	LAX_RV_EPICARDIAL	7	1.0	19
-3.00481	-24.93432	-109.77913	LAX_RV_EPICARDIAL	7	1.0	19
-0.20525	-24.93432	-109.50968	LAX_RV_EPICARDIAL	7	1.0	19
2.59431	-24.93432	-109.24023	LAX_RV_EPICARDIAL	7	1.0	19
5.39387	-24.93432	-108.97078	LAX_RV_EPICARDIAL	7	1.0	19
8.30419	-25.73497	-109.85209	LAX_RV_EPICARDIAL	7	1.0	19
11.10376	-25.73497	-109.58264	LAX_RV_EPICARDIAL	7	1.0	19
14.01408	-26.53562	-110.46395	LAX_RV_EPICARDIAL	7	1.0	19
16.81364	-26.53562	-110.19450	LAX_RV_EPICARDIAL	7	1.0	19
19.61320	-26.53562	-109.92505	LAX_RV_EPICARDIAL	7	1.0	19
22.30201	-25.73497	-108.50484	LAX_RV_EPICARDIAL	7	1.0	19
24.99081	-24.93433	-107.08464	LAX_RV_EPICARDIAL	7	1.0	19
27.56886	-23.33304	-104.51368	LAX_RV_EPICARDIAL	7	1.0	19
-19.67019	24.70571	-39.37537	MITRAL_VALVE	7	1.0	19
16.68407	35.11409	-20.77798	MITRAL_VALVE	7	1.0	19
-59.33774	7.89216	-67.58297	TRICUSPID_VALVE	7	1.0	19
-26.73980	15.09797	-53.99278	TRICUSPID_VALVE	7	1.0	19
37.25657	-22.53239	-102.41985	APEX_POINT	7	1.0	19
-11.34903	-15.79741	0.21895	LAX_RV_FREEWALL	11	1.0	19
-10.97072	-15.78753	-2.56797	LAX_RV_FREEWALL	11	1.0	19
-10.50699	-17.18129	-5.34827	LAX_RV_FREEWALL	11	1.0	19
-10.04327	-18.57505	-8.12858	LAX_RV_FREEWALL	11	1.0	19
-9.57954	-19.96881	-10.90888	LAX_RV_FREEWALL	11	1.0	19
-9.20123	-19.95893	-13.69580	LAX_RV_FREEWALL	11	1.0	19
-8.73750	-21.35269	-16.47611	LAX_RV_FREEWALL	11	1.0	19
-8.27377	-22.74645	-19.25641	LAX_RV_FREEWALL	11	1.0	19
-7.89546	-22.73657	-22.04333	LAX_RV_FREEWALL	11	1.0	19
-7.43173	-24.13033	-24.82364	LAX_RV_FREEWALL	11	1.0	19
-7.05342	-24.12045	-27.61056	LAX_RV_FREEWALL	11	1.0	19
-6.67510	-24.11057	-30.39748	LAX_RV_FREEWALL	11	1.0	19
-6.29679	-24.10070	-33.18441	LAX_RV_FREEWALL	11	1.0	19
-5.91848	-24.09082	-35.97133	LAX_RV_FREEWALL	11	1.0	19
-5.54017	-24.08094	-38.75825	LAX_RV_FREEWALL	11	1.0	19
-5.16186	-24.07106	-41.54518	LAX_RV_FREEWALL	11	1.0	19
-4.69813	-25.46482	-44.32548	LAX_RV_FREEWALL	11	1.0	19
-4.31982	-25.45494	-47.11240	LAX_RV_FREEWALL	11	1.0	19
-3.94150	-25.44506	-49.89933	LAX_RV_FREEWALL	11	1.0	19
-3.47778	-26.83882	-52.67963	LAX_RV_FREEWALL	11	1.0	19
-3.09946	-26.82894	-55.46655	LAX_RV_FREEWALL	11	1.0	19
-2.72115	-26.81906	-58.25348	LAX_RV_FREEWALL	11	1.0	19
-2.34284	-26.80918	-61.04040	LAX_RV_FREEWALL	11	1.0	19
-1.87911	-28.20294	-63.82070	LAX_RV_FREEWALL	11	1.0	19
-1.50080	-28.19307	-66.60763	LAX_RV_FREEWALL	11	1.0	19
-1.12249	-28.18319	-69.39455	LAX_RV_FREEWALL	11	1.0	19
-0.74417	-28.17331	-72.18147	LAX_RV_FREEWALL	11	1.0	19
-0.45128	-26.75979	-74.97502	LAX_RV_FREEWALL	11	1.0	19
-0.15838	-25.34627	-77.76856	LAX_RV_FREEWALL	11	1.0	19
0.30535	-26.74003	-80.54886	LAX_RV_FREEWALL	11	1.0	19
0.68366	-26.73015	-83.33579	LAX_RV_FREEWALL	11	1.0	19
1.06197	-26.72028	-86.12271	LAX_RV_FREEWALL	11	1.0	19
1.44028	-26.71040	-88.90963	LAX_RV_FREEWALL	11	1.0	19
1.81859	-26.70052	-91.69655	LAX_RV_FREEWALL	11	1.0	19
2.19691	-26.69064	-94.48348	LAX_RV_FREEWALL	11	1.0	19
2.57522	-26.68076	-97.27040	LAX_RV_FREEWALL	11	1.0	19
2.95353	-26.67088	-100.05732	LAX_RV_FREEWALL	11	1.0	19
3.33184	-26.66100	-102.84425	LAX_RV_FREEWALL	11	1.0	19
3.62474	-25.24749	-105.63779	LAX_RV_FREEWALL	11	1.0	19
3.91764	-23.83397	-108.43133	LAX_RV_FREEWALL	11	1.0	19
3.93596	-21.02175	-109.83803	LAX_RV_FREEWALL	11	1.0	19
3.76513	-18.21447	-109.85127	LAX_RV_FREEWALL	11	1.0	19
3.40514	-15.41214	-108.47105	LAX_RV_FREEWALL	11	1.0	19
3.04515	-12.60980	-107.09083	LAX_RV_FREEWALL	11	1.0	19
2.68517	-9.80746	-105.71060	LAX_RV_FREEWALL	11	1.0	19
2.32518	-7.00512	-104.33038	LAX_RV_FREEWALL	11	1.0	19
1.96519	-4.20279	-102.95016	LAX_RV_FREEWALL	11	1.0	19
1.41605	-1.40539	-100.17647	LAX_RV_FREEWALL	11	1.0	19
0.86690	1.39201	-97.40279	LAX_RV_FREEWALL	11	1.0	19
0.31776	4.18941	-94.62910	LAX_RV_FREEWALL	11	1.0	19
-0.14597	5.58317	-91.84880	LAX_RV_FREEWALL	11	1.0	19
-0.60970	6.97693	-89.06850	LAX_RV_FREEWALL	11	1.0	19
-0.62802	4.16471	-87.66180	LAX_RV_SEPTUM	11	1.0	19
-0.64635	1.35250	-86.25510	LAX_RV_SEPTUM	11	1.0	19
-0.66467	-1.45972	-84.84840	LAX_RV_SEPTUM	11	1.0	19
-0.87215	-4.27688	-82.04823	LAX_RV_SEPTUM	11	1.0	19
-0.89048	-7.08909	-80.64153	LAX_RV_SEPTUM	11	1.0	19
-1.09796	-9.90625	-77.84137	LAX_RV_SEPTUM	11	1.0	19
-1.30544	-12.72340	-75.04121	LAX_RV_SEPTUM	11	1.0	19
-1.68375	-12.73328	-72.25429	LAX_RV_SEPTUM	11	1.0	19
-1.97665	-14.14680	-69.46074	LAX_RV_SEPTUM	11	1.0	19
-2.35496	-14.15668	-66.67382	LAX_RV_SEPTUM	11	1.0	19
-2.73327	-14.16656	-63.88690	LAX_RV_SEPTUM	11	1.0	19
-3.11158	-14.17644	-61.09997	LAX_RV_SEPTUM	11	1.0	19
-3.48989	-14.18632	-58.31305	LAX_RV_SEPTUM	11	1.0	19
-3.78279	-15.59983	-55.51951	LAX_RV_SEPTUM	11	1.0	19
-4.16110	-15.60971	-52.73259	LAX_RV_SEPTUM	11	1.0	19
-4.53942	-15.61959	-49.94566	LAX_RV_SEPTUM	11	1.0	19
-4.91773	-15.62947	-47.15874	LAX_RV_SEPTUM	11	1.0	19
-5.29604	-15.63935	-44.37182	LAX_RV_SEPTUM	11	1.0	19
-5.75977	-14.24559	-41.59151	LAX_RV_SEPTUM	11	1.0	19
-6.22350	-12.85183	-38.81121	LAX_RV_SEPTUM	11	1.0	19
-6.68722	-11.45807	-36.03091	LAX_RV_SEPTUM	11	1.0	19
-7.06554	-11.46795	-33.24398	LAX_RV_SEPTUM	11	1.0	19
-7.52926	-10.07419	-30.46368	LAX_RV_SEPTUM	11	1.0	19
-7.90758	-10.08407	-27.67676	LAX_RV_SEPTUM	11	1.0	19
-8.37130	-8.69031	-24.89645	LAX_RV_SEPTUM	11	1.0	19
-8.74962	-8.70019	-22.10953	LAX_RV_SEPTUM	11	1.0	19
-9.21334	-7.30643	-19.32922	LAX_RV_SEPTUM	11	1.0	19
-9.67707	-5.91267	-16.54892	LAX_RV_SEPTUM	11	1.0	19
-10.14080	-4.51891	-13.76862	LAX_RV_SEPTUM	11	1.0	19
-10.60453	-3.12515	-10.98831	LAX_RV_SEPTUM	11	1.0	19
-11.45277	-17.20599	1.61903	LAX_RV_EPICARDIAL	11	1.0	19
-10.98905	-18.59975	-1.16127	LAX_RV_EPICARDIAL	11	1.0	19
-10.52532	-19.99351	-3.94157	LAX_RV_EPICARDIAL	11	1.0	19
-10.06159	-21.38727	-6.72188	LAX_RV_EPICARDIAL	11	1.0	19
-9.59786	-22.78103	-9.50218	LAX_RV_EPICARDIAL	11	1.0	19
-9.13413	-24.17479	-12.28248	LAX_RV_EPICARDIAL	11	1.0	19
-8.67041	-25.56855	-15.06279	LAX_RV_EPICARDIAL	11	1.0	19
-8.29209	-25.55867	-17.84971	LAX_RV_EPICARDIAL	11	1.0	19
-7.82837	-26.95243	-20.63002	LAX_RV_EPICARDIAL	11	1.0	19
-7.45005	-26.94255	-23.41694	LAX_RV_EPICARDIAL	11	1.0	19
-7.07174	-26.93267	-26.20386	LAX_RV_EPICARDIAL	11	1.0	19
-6.60801	-28.32643	-28.98417	LAX_RV_EPICARDIAL	11	1.0	19
-6.22970	-28.31655	-31.77109	LAX_RV_EPICARDIAL	11	1.0	19
-5.85139	-28.30667	-34.55801	LAX_RV_EPICARDIAL	11	1.0	19
-5.55849	-26.89315	-37.35155	LAX_RV_EPICARDIAL	11	1.0	19
-5.18018	-26.88328	-40.13848	LAX_RV_EPICARDIAL	11	1.0	19
-4.80187	-26.87340	-42.92540	LAX_RV_EPICARDIAL	11	1.0	19
-4.33814	-28.26716	-45.70570	LAX_RV_EPICARDIAL	11	1.0	19
-3.95983	-28.25728	-48.49263	LAX_RV_EPICARDIAL	11	1.0	19
-3.58152	-28.24740	-51.27955	LAX_RV_EPICARDIAL	11	1.0	19
-3.20320	-28.23752	-54.06647	LAX_RV_EPICARDIAL	11	1.0	19
-2.82489	-28.22764	-56.85340	LAX_RV_EPICARDIAL	11	1.0	19
-2.36116	-29.62140	-59.63370	LAX_RV_EPICARDIAL	11	1.0	19
-1.98285	-29.61152	-62.42062	LAX_RV_EPICARDIAL	11	1.0	19
-1.60454	-29.60164	-65.20755	LAX_RV_EPICARDIAL	11	1.0	19
-1.14081	-30.99540	-67.98785	LAX_RV_EPICARDIAL	11	1.0	19
-0.76250	-30.98552	-70.77477	LAX_RV_EPICARDIAL	11	1.0	19
-0.38419	-30.97565	-73.56170	LAX_RV_EPICARDIAL	11	1.0	19
-0.09129	-29.56213	-76.35524	LAX_RV_EPICARDIAL	11	1.0	19
0.28702	-29.55225	-79.14216	LAX_RV_EPICARDIAL	11	1.0	19
0.66533	-29.54237	-81.92909	LAX_RV_EPICARDIAL	11	1.0	19
1.04365	-29.53249	-84.71601	LAX_RV_EPICARDIAL	11	1.0	19
1.42196	-29.52261	-87.50293	LAX_RV_EPICARDIAL	11	1.0	19
1.80027	-29.51273	-90.28985	LAX_RV_EPICARDIAL	11	1.0	19
2.17858	-29.50286	-93.07678	LAX_RV_EPICARDIAL	11	1.0	19
2.55690	-29.49298	-95.86370	LAX_RV_EPICARDIAL	11	1.0	19
2.93521	-29.48310	-98.65062	LAX_RV_EPICARDIAL	11	1.0	19
3.31352	-29.47322	-101.43755	LAX_RV_EPICARDIAL	11	1.0	19
3.69183	-29.46334	-104.22447	LAX_RV_EPICARDIAL	11	1.0	19
3.98473	-28.04982	-107.01801	LAX_RV_EPICARDIAL	11	1.0	19
4.27762	-26.63631	-109.81156	LAX_RV_EPICARDIAL	11	1.0	19
4.48510	-23.81915	-112.61172	LAX_RV_EPICARDIAL	11	1.0	19
4.50343	-21.00693	-114.01842	LAX_RV_EPICARDIAL	11	1.0	19
4.33260	-18.19966	-114.03166	LAX_RV_EPICARDIAL	11	1.0	19
3.97261	-15.39732	-112.65143	LAX_RV_EPICARDIAL	11	1.0	19
3.80178	-12.59004	-112.66467	LAX_RV_EPICARDIAL	11	1.0	19
3.44179	-9.78770	-111.28445	LAX_RV_EPICARDIAL	11	1.0	19
3.08180	-6.98537	-109.90423	LAX_RV_EPICARDIAL	11	1.0	19
2.53266	-4.18797	-107.13054	LAX_RV_EPICARDIAL	11	1.0	19
2.17267	-1.38563	-105.75032	LAX_RV_EPICARDIAL	11	1.0	19
1.81268	1.41671	-104.37010	LAX_RV_EPICARDIAL	11	1.0	19
1.26354	4.21411	-101.59641	LAX_RV_EPICARDIAL	11	1.0	19
0.79981	5.60787	-98.81611	LAX_RV_EPICARDIAL	11	1.0	19
0.25067	8.40527	-96.04242	LAX_RV_EPICARDIAL	11	1.0	19
-0.29848	11.20266	-93.26874	LAX_RV_EPICARDIAL	11	1.0	19
-0.76221	12.59642	-90.48844	LAX_RV_EPICARDIAL	11	1.0	19
-1.05510	11.18291	-87.69489	LAX_RV_EPICARDIAL	11	1.0	19
-0.88427	8.37563	-87.68165	LAX_RV_EPICARDIAL	11	1.0	19
-11.25741	-1.73633	-6.81455	PULMONARY_VALVE	11	1.0	19
-11.70902	-12.99507	1.59918	PULMONARY_VALVE	11	1.0	19
