x	y	z	contour type	frameID	weight	time frame
-57.20899	-22.05876	-44.41289	SAX_RV_FREEWALL	2	1.0	21
-58.90556	-20.95400	-46.81890	SAX_RV_FREEWALL	2	1.0	21
-61.13325	-20.95400	-48.53574	SAX_RV_FREEWALL	2	1.0	21
-62.82981	-19.84923	-50.94175	SAX_RV_FREEWALL	2	1.0	21
-64.52638	-18.74447	-53.34775	SAX_RV_FREEWALL	2	1.0	21
-65.69183	-16.53493	-56.44291	SAX_RV_FREEWALL	2	1.0	21
-67.38839	-15.43017	-58.84891	SAX_RV_FREEWALL	2	1.0	21
-69.08496	-14.32540	-61.25491	SAX_RV_FREEWALL	2	1.0	21
-70.25041	-12.11587	-64.35007	SAX_RV_FREEWALL	2	1.0	21
-70.30201	-9.90633	-66.58681	SAX_RV_FREEWALL	2	1.0	21
-70.35361	-7.69680	-68.82354	SAX_RV_FREEWALL	2	1.0	21
-70.40522	-5.48726	-71.06028	SAX_RV_FREEWALL	2	1.0	21
-69.34297	-3.27772	-72.43859	SAX_RV_FREEWALL	2	1.0	21
-67.16689	-1.06819	-72.95848	SAX_RV_FREEWALL	2	1.0	21
-66.10465	1.14135	-74.33680	SAX_RV_FREEWALL	2	1.0	21
-63.92856	3.35089	-74.85669	SAX_RV_FREEWALL	2	1.0	21
-62.86632	5.56042	-76.23500	SAX_RV_FREEWALL	2	1.0	21
-60.69023	7.76996	-76.75489	SAX_RV_FREEWALL	2	1.0	21
-57.40030	9.97950	-76.41636	SAX_RV_FREEWALL	2	1.0	21
-55.22422	12.18904	-76.93625	SAX_RV_FREEWALL	2	1.0	21
-51.93428	14.39858	-76.59772	SAX_RV_FREEWALL	2	1.0	21
-48.64435	16.60812	-76.25919	SAX_RV_FREEWALL	2	1.0	21
-45.88555	17.71289	-75.23150	SAX_RV_FREEWALL	2	1.0	21
-43.12674	18.81766	-74.20381	SAX_RV_FREEWALL	2	1.0	21
-40.36793	19.92243	-73.17612	SAX_RV_FREEWALL	2	1.0	21
-37.60912	21.02720	-72.14843	SAX_RV_FREEWALL	2	1.0	21
-34.85031	22.13197	-71.12074	SAX_RV_FREEWALL	2	1.0	21
-32.62262	22.13197	-69.40390	SAX_RV_FREEWALL	2	1.0	21
-29.86381	23.23674	-68.37621	SAX_RV_FREEWALL	2	1.0	21
-28.16724	22.13198	-65.97020	SAX_RV_FREEWALL	2	1.0	21
-25.93955	22.13198	-64.25336	SAX_RV_FREEWALL	2	1.0	21
11.96765	-3.27764	-9.77373	SAX_RV_FREEWALL	2	1.0	21
9.79157	-5.48718	-9.25384	SAX_RV_FREEWALL	2	1.0	21
9.84317	-7.69672	-7.01710	SAX_RV_FREEWALL	2	1.0	21
8.78093	-9.90625	-5.63879	SAX_RV_FREEWALL	2	1.0	21
5.49100	-12.11579	-5.97732	SAX_RV_FREEWALL	2	1.0	21
2.73219	-13.22056	-7.00501	SAX_RV_FREEWALL	2	1.0	21
-0.55774	-15.43010	-7.34354	SAX_RV_FREEWALL	2	1.0	21
-3.31655	-16.53487	-8.37123	SAX_RV_FREEWALL	2	1.0	21
-6.07536	-17.63964	-9.39892	SAX_RV_FREEWALL	2	1.0	21
-8.83417	-18.74441	-10.42661	SAX_RV_FREEWALL	2	1.0	21
-11.06186	-18.74441	-12.14345	SAX_RV_FREEWALL	2	1.0	21
-13.82067	-19.84918	-13.17114	SAX_RV_FREEWALL	2	1.0	21
-16.04836	-19.84919	-14.88799	SAX_RV_FREEWALL	2	1.0	21
-18.80717	-20.95396	-15.91568	SAX_RV_FREEWALL	2	1.0	21
-21.03485	-20.95396	-17.63252	SAX_RV_FREEWALL	2	1.0	21
-23.79366	-22.05873	-18.66021	SAX_RV_FREEWALL	2	1.0	21
-26.02135	-22.05873	-20.37706	SAX_RV_FREEWALL	2	1.0	21
-28.24904	-22.05873	-22.09390	SAX_RV_FREEWALL	2	1.0	21
-30.47673	-22.05874	-23.81075	SAX_RV_FREEWALL	2	1.0	21
-32.70442	-22.05874	-25.52759	SAX_RV_FREEWALL	2	1.0	21
-34.93211	-22.05874	-27.24444	SAX_RV_FREEWALL	2	1.0	21
-37.15979	-22.05874	-28.96128	SAX_RV_FREEWALL	2	1.0	21
-39.38748	-22.05875	-30.67813	SAX_RV_FREEWALL	2	1.0	21
-41.61517	-22.05875	-32.39498	SAX_RV_FREEWALL	2	1.0	21
-43.84286	-22.05875	-34.11182	SAX_RV_FREEWALL	2	1.0	21
-46.07055	-22.05875	-35.82867	SAX_RV_FREEWALL	2	1.0	21
-48.29824	-22.05875	-37.54551	SAX_RV_FREEWALL	2	1.0	21
-50.52592	-22.05876	-39.26236	SAX_RV_FREEWALL	2	1.0	21
-52.75361	-22.05876	-40.97920	SAX_RV_FREEWALL	2	1.0	21
-54.98130	-22.05876	-42.69605	SAX_RV_FREEWALL	2	1.0	21
-40.98084	-25.37305	-28.61066	SAX_RV_EPICARDIAL	2	1.0	21
-42.67741	-24.26828	-31.01666	SAX_RV_EPICARDIAL	2	1.0	21
-44.90510	-24.26829	-32.73351	SAX_RV_EPICARDIAL	2	1.0	21
-47.13279	-24.26829	-34.45035	SAX_RV_EPICARDIAL	2	1.0	21
-49.36048	-24.26829	-36.16720	SAX_RV_EPICARDIAL	2	1.0	21
-51.58817	-24.26829	-37.88404	SAX_RV_EPICARDIAL	2	1.0	21
-53.81585	-24.26830	-39.60089	SAX_RV_EPICARDIAL	2	1.0	21
-56.04354	-24.26830	-41.31774	SAX_RV_EPICARDIAL	2	1.0	21
-58.27123	-24.26830	-43.03458	SAX_RV_EPICARDIAL	2	1.0	21
-59.96780	-23.16353	-45.44058	SAX_RV_EPICARDIAL	2	1.0	21
-62.19549	-23.16354	-47.15743	SAX_RV_EPICARDIAL	2	1.0	21
-63.89205	-22.05877	-49.56343	SAX_RV_EPICARDIAL	2	1.0	21
-66.11974	-22.05877	-51.28028	SAX_RV_EPICARDIAL	2	1.0	21
-67.28519	-19.84924	-54.37544	SAX_RV_EPICARDIAL	2	1.0	21
-68.98176	-18.74447	-56.78144	SAX_RV_EPICARDIAL	2	1.0	21
-70.14720	-16.53494	-59.87660	SAX_RV_EPICARDIAL	2	1.0	21
-71.31265	-14.32540	-62.97176	SAX_RV_EPICARDIAL	2	1.0	21
-71.89537	-13.22064	-64.51934	SAX_RV_EPICARDIAL	2	1.0	21
-71.94698	-11.01110	-66.75607	SAX_RV_EPICARDIAL	2	1.0	21
-71.99858	-8.80157	-68.99281	SAX_RV_EPICARDIAL	2	1.0	21
-72.05018	-6.59203	-71.22955	SAX_RV_EPICARDIAL	2	1.0	21
-70.98794	-4.38249	-72.60786	SAX_RV_EPICARDIAL	2	1.0	21
-69.92570	-2.17296	-73.98617	SAX_RV_EPICARDIAL	2	1.0	21
-68.86346	0.03658	-75.36449	SAX_RV_EPICARDIAL	2	1.0	21
-66.68737	2.24612	-75.88438	SAX_RV_EPICARDIAL	2	1.0	21
-65.62513	4.45565	-77.26269	SAX_RV_EPICARDIAL	2	1.0	21
-63.44904	6.66519	-77.78258	SAX_RV_EPICARDIAL	2	1.0	21
-61.27296	8.87473	-78.30247	SAX_RV_EPICARDIAL	2	1.0	21
-59.09687	11.08427	-78.82236	SAX_RV_EPICARDIAL	2	1.0	21
-56.92078	13.29380	-79.34225	SAX_RV_EPICARDIAL	2	1.0	21
-53.63085	15.50334	-79.00372	SAX_RV_EPICARDIAL	2	1.0	21
-50.34092	17.71288	-78.66519	SAX_RV_EPICARDIAL	2	1.0	21
-48.16484	19.92242	-79.18508	SAX_RV_EPICARDIAL	2	1.0	21
-45.40603	21.02719	-78.15739	SAX_RV_EPICARDIAL	2	1.0	21
-42.64722	22.13196	-77.12970	SAX_RV_EPICARDIAL	2	1.0	21
-39.88841	23.23673	-76.10201	SAX_RV_EPICARDIAL	2	1.0	21
-37.12960	24.34150	-75.07432	SAX_RV_EPICARDIAL	2	1.0	21
-34.90191	24.34150	-73.35748	SAX_RV_EPICARDIAL	2	1.0	21
-32.14310	25.44627	-72.32979	SAX_RV_EPICARDIAL	2	1.0	21
-29.91541	25.44628	-70.61294	SAX_RV_EPICARDIAL	2	1.0	21
-27.68772	25.44628	-68.89610	SAX_RV_EPICARDIAL	2	1.0	21
-25.46004	25.44628	-67.17925	SAX_RV_EPICARDIAL	2	1.0	21
-23.23235	25.44628	-65.46241	SAX_RV_EPICARDIAL	2	1.0	21
-23.18074	23.23675	-63.22567	SAX_RV_EPICARDIAL	2	1.0	21
-24.24299	21.02721	-61.84736	SAX_RV_EPICARDIAL	2	1.0	21
12.01926	-5.48718	-7.53699	SAX_RV_EPICARDIAL	2	1.0	21
13.18470	-7.69671	-4.44183	SAX_RV_EPICARDIAL	2	1.0	21
12.12246	-9.90625	-3.06352	SAX_RV_EPICARDIAL	2	1.0	21
9.94638	-12.11579	-2.54363	SAX_RV_EPICARDIAL	2	1.0	21
6.65644	-14.32533	-2.88216	SAX_RV_EPICARDIAL	2	1.0	21
3.89764	-15.43010	-3.90985	SAX_RV_EPICARDIAL	2	1.0	21
0.60771	-17.63964	-4.24838	SAX_RV_EPICARDIAL	2	1.0	21
-2.15110	-18.74441	-5.27607	SAX_RV_EPICARDIAL	2	1.0	21
-4.90991	-19.84918	-6.30376	SAX_RV_EPICARDIAL	2	1.0	21
-7.66872	-20.95395	-7.33145	SAX_RV_EPICARDIAL	2	1.0	21
-9.89641	-20.95395	-9.04829	SAX_RV_EPICARDIAL	2	1.0	21
-12.12410	-20.95395	-10.76514	SAX_RV_EPICARDIAL	2	1.0	21
-14.88291	-22.05872	-11.79283	SAX_RV_EPICARDIAL	2	1.0	21
-17.64172	-23.16349	-12.82052	SAX_RV_EPICARDIAL	2	1.0	21
-19.86941	-23.16349	-14.53736	SAX_RV_EPICARDIAL	2	1.0	21
-22.09710	-23.16350	-16.25421	SAX_RV_EPICARDIAL	2	1.0	21
-24.85590	-24.26827	-17.28190	SAX_RV_EPICARDIAL	2	1.0	21
-27.08359	-24.26827	-18.99874	SAX_RV_EPICARDIAL	2	1.0	21
-29.84240	-25.37304	-20.02643	SAX_RV_EPICARDIAL	2	1.0	21
-32.07009	-25.37304	-21.74328	SAX_RV_EPICARDIAL	2	1.0	21
-34.29778	-25.37304	-23.46012	SAX_RV_EPICARDIAL	2	1.0	21
-36.52547	-25.37305	-25.17697	SAX_RV_EPICARDIAL	2	1.0	21
-38.75316	-25.37305	-26.89381	SAX_RV_EPICARDIAL	2	1.0	21
-24.24299	21.02721	-61.84736	SAX_RV_SEPTUM	2	1.0	21
-24.19138	18.81768	-59.61062	SAX_RV_SEPTUM	2	1.0	21
-24.13978	16.60814	-57.37388	SAX_RV_SEPTUM	2	1.0	21
-25.20202	14.39860	-55.99557	SAX_RV_SEPTUM	2	1.0	21
-25.15042	12.18907	-53.75883	SAX_RV_SEPTUM	2	1.0	21
-25.09882	9.97953	-51.52210	SAX_RV_SEPTUM	2	1.0	21
-25.04722	7.77000	-49.28536	SAX_RV_SEPTUM	2	1.0	21
-24.99561	5.56046	-47.04863	SAX_RV_SEPTUM	2	1.0	21
-23.83017	3.35093	-43.95347	SAX_RV_SEPTUM	2	1.0	21
-23.77857	1.14139	-41.71673	SAX_RV_SEPTUM	2	1.0	21
-22.61312	-1.06814	-38.62157	SAX_RV_SEPTUM	2	1.0	21
-22.56152	-3.27768	-36.38483	SAX_RV_SEPTUM	2	1.0	21
-21.39607	-5.48721	-33.28968	SAX_RV_SEPTUM	2	1.0	21
-19.69950	-6.59198	-30.88367	SAX_RV_SEPTUM	2	1.0	21
-18.00294	-7.69674	-28.47767	SAX_RV_SEPTUM	2	1.0	21
-16.30637	-8.80151	-26.07167	SAX_RV_SEPTUM	2	1.0	21
-14.07868	-8.80151	-24.35482	SAX_RV_SEPTUM	2	1.0	21
-11.85099	-8.80151	-22.63798	SAX_RV_SEPTUM	2	1.0	21
-9.09218	-7.69673	-21.61029	SAX_RV_SEPTUM	2	1.0	21
-6.86449	-7.69673	-19.89344	SAX_RV_SEPTUM	2	1.0	21
-4.10568	-6.59196	-18.86575	SAX_RV_SEPTUM	2	1.0	21
-1.87799	-6.59196	-17.14891	SAX_RV_SEPTUM	2	1.0	21
0.88081	-5.48719	-16.12122	SAX_RV_SEPTUM	2	1.0	21
4.17074	-3.27765	-15.78269	SAX_RV_SEPTUM	2	1.0	21
6.92955	-2.17288	-14.75500	SAX_RV_SEPTUM	2	1.0	21
9.68836	-1.06811	-13.72731	SAX_RV_SEPTUM	2	1.0	21
12.44717	0.03666	-12.69962	SAX_RV_SEPTUM	2	1.0	21
13.02990	-1.06811	-11.15204	SAX_RV_SEPTUM	2	1.0	21
-21.00466	25.44629	-63.74556	SAX_LV_EPICARDIAL	2	1.0	21
-19.94242	27.65582	-65.12387	SAX_LV_EPICARDIAL	2	1.0	21
-18.88017	29.86536	-66.50219	SAX_LV_EPICARDIAL	2	1.0	21
-16.70409	32.07490	-67.02208	SAX_LV_EPICARDIAL	2	1.0	21
-14.52800	34.28443	-67.54197	SAX_LV_EPICARDIAL	2	1.0	21
-12.35192	36.49397	-68.06186	SAX_LV_EPICARDIAL	2	1.0	21
-10.17583	38.70351	-68.58175	SAX_LV_EPICARDIAL	2	1.0	21
-7.99974	40.91305	-69.10164	SAX_LV_EPICARDIAL	2	1.0	21
-5.24094	42.01782	-68.07395	SAX_LV_EPICARDIAL	2	1.0	21
-1.95100	44.22736	-67.73542	SAX_LV_EPICARDIAL	2	1.0	21
0.80780	45.33213	-66.70773	SAX_LV_EPICARDIAL	2	1.0	21
4.09773	47.54167	-66.36920	SAX_LV_EPICARDIAL	2	1.0	21
6.85654	48.64644	-65.34151	SAX_LV_EPICARDIAL	2	1.0	21
9.08423	48.64644	-63.62466	SAX_LV_EPICARDIAL	2	1.0	21
11.84304	49.75121	-62.59697	SAX_LV_EPICARDIAL	2	1.0	21
14.07073	49.75121	-60.88013	SAX_LV_EPICARDIAL	2	1.0	21
16.82954	50.85598	-59.85244	SAX_LV_EPICARDIAL	2	1.0	21
19.05723	50.85598	-58.13559	SAX_LV_EPICARDIAL	2	1.0	21
21.28492	50.85599	-56.41875	SAX_LV_EPICARDIAL	2	1.0	21
23.51261	50.85599	-54.70190	SAX_LV_EPICARDIAL	2	1.0	21
25.74029	50.85599	-52.98506	SAX_LV_EPICARDIAL	2	1.0	21
27.43686	49.75122	-50.57906	SAX_LV_EPICARDIAL	2	1.0	21
29.66455	49.75123	-48.86221	SAX_LV_EPICARDIAL	2	1.0	21
31.36112	48.64646	-46.45621	SAX_LV_EPICARDIAL	2	1.0	21
33.05768	47.54169	-44.05020	SAX_LV_EPICARDIAL	2	1.0	21
34.75425	46.43693	-41.64420	SAX_LV_EPICARDIAL	2	1.0	21
35.91970	44.22739	-38.54904	SAX_LV_EPICARDIAL	2	1.0	21
37.08515	42.01786	-35.45388	SAX_LV_EPICARDIAL	2	1.0	21
38.25059	39.80833	-32.35873	SAX_LV_EPICARDIAL	2	1.0	21
38.30219	37.59879	-30.12199	SAX_LV_EPICARDIAL	2	1.0	21
39.46764	35.38926	-27.02683	SAX_LV_EPICARDIAL	2	1.0	21
39.51924	33.17972	-24.79009	SAX_LV_EPICARDIAL	2	1.0	21
39.57085	30.97018	-22.55336	SAX_LV_EPICARDIAL	2	1.0	21
38.50860	28.76065	-21.17504	SAX_LV_EPICARDIAL	2	1.0	21
38.56021	26.55111	-18.93831	SAX_LV_EPICARDIAL	2	1.0	21
37.49796	24.34158	-17.55999	SAX_LV_EPICARDIAL	2	1.0	21
36.43572	22.13204	-16.18168	SAX_LV_EPICARDIAL	2	1.0	21
35.37348	19.92250	-14.80337	SAX_LV_EPICARDIAL	2	1.0	21
34.31124	17.71297	-13.42505	SAX_LV_EPICARDIAL	2	1.0	21
32.13515	15.50343	-12.90516	SAX_LV_EPICARDIAL	2	1.0	21
31.07291	13.29389	-11.52685	SAX_LV_EPICARDIAL	2	1.0	21
28.89682	11.08435	-11.00696	SAX_LV_EPICARDIAL	2	1.0	21
25.60689	8.87482	-11.34549	SAX_LV_EPICARDIAL	2	1.0	21
23.43081	6.66528	-10.82560	SAX_LV_EPICARDIAL	2	1.0	21
20.67200	5.56051	-11.85329	SAX_LV_EPICARDIAL	2	1.0	21
17.38207	3.35097	-12.19182	SAX_LV_EPICARDIAL	2	1.0	21
-10.94356	0.03664	-30.72650	SAX_LV_ENDOCARDIAL	2	1.0	21
-12.64012	1.14140	-33.13250	SAX_LV_ENDOCARDIAL	2	1.0	21
-14.86781	1.14140	-34.84935	SAX_LV_ENDOCARDIAL	2	1.0	21
-16.03326	3.35094	-37.94451	SAX_LV_ENDOCARDIAL	2	1.0	21
-16.61598	4.45570	-39.49209	SAX_LV_ENDOCARDIAL	2	1.0	21
-17.78143	6.66524	-42.58724	SAX_LV_ENDOCARDIAL	2	1.0	21
-17.83303	8.87477	-44.82398	SAX_LV_ENDOCARDIAL	2	1.0	21
-17.88463	11.08431	-47.06072	SAX_LV_ENDOCARDIAL	2	1.0	21
-17.93624	13.29384	-49.29745	SAX_LV_ENDOCARDIAL	2	1.0	21
-16.87399	15.50338	-50.67577	SAX_LV_ENDOCARDIAL	2	1.0	21
-16.92560	17.71292	-52.91250	SAX_LV_ENDOCARDIAL	2	1.0	21
-16.97720	19.92245	-55.14924	SAX_LV_ENDOCARDIAL	2	1.0	21
-15.91496	22.13199	-56.52755	SAX_LV_ENDOCARDIAL	2	1.0	21
-14.85271	24.34152	-57.90587	SAX_LV_ENDOCARDIAL	2	1.0	21
-13.79047	26.55106	-59.28418	SAX_LV_ENDOCARDIAL	2	1.0	21
-12.72823	28.76060	-60.66249	SAX_LV_ENDOCARDIAL	2	1.0	21
-10.55214	30.97013	-61.18238	SAX_LV_ENDOCARDIAL	2	1.0	21
-8.37606	33.17967	-61.70227	SAX_LV_ENDOCARDIAL	2	1.0	21
-5.08613	35.38921	-61.36374	SAX_LV_ENDOCARDIAL	2	1.0	21
-1.79620	37.59875	-61.02521	SAX_LV_ENDOCARDIAL	2	1.0	21
0.96261	38.70352	-59.99752	SAX_LV_ENDOCARDIAL	2	1.0	21
4.25254	40.91306	-59.65899	SAX_LV_ENDOCARDIAL	2	1.0	21
7.01135	42.01783	-58.63130	SAX_LV_ENDOCARDIAL	2	1.0	21
9.23904	42.01783	-56.91445	SAX_LV_ENDOCARDIAL	2	1.0	21
11.99785	43.12260	-55.88677	SAX_LV_ENDOCARDIAL	2	1.0	21
14.75666	44.22737	-54.85908	SAX_LV_ENDOCARDIAL	2	1.0	21
16.98435	44.22738	-53.14223	SAX_LV_ENDOCARDIAL	2	1.0	21
19.21204	44.22738	-51.42539	SAX_LV_ENDOCARDIAL	2	1.0	21
21.43972	44.22738	-49.70854	SAX_LV_ENDOCARDIAL	2	1.0	21
23.13629	43.12261	-47.30254	SAX_LV_ENDOCARDIAL	2	1.0	21
25.36398	43.12262	-45.58569	SAX_LV_ENDOCARDIAL	2	1.0	21
27.06055	42.01785	-43.17969	SAX_LV_ENDOCARDIAL	2	1.0	21
28.75711	40.91308	-40.77369	SAX_LV_ENDOCARDIAL	2	1.0	21
29.92256	38.70355	-37.67853	SAX_LV_ENDOCARDIAL	2	1.0	21
31.08801	36.49402	-34.58337	SAX_LV_ENDOCARDIAL	2	1.0	21
32.25345	34.28448	-31.48821	SAX_LV_ENDOCARDIAL	2	1.0	21
32.30506	32.07495	-29.25147	SAX_LV_ENDOCARDIAL	2	1.0	21
32.35666	29.86541	-27.01474	SAX_LV_ENDOCARDIAL	2	1.0	21
33.52211	27.65588	-23.91958	SAX_LV_ENDOCARDIAL	2	1.0	21
32.45986	25.44634	-22.54127	SAX_LV_ENDOCARDIAL	2	1.0	21
32.51147	23.23680	-20.30453	SAX_LV_ENDOCARDIAL	2	1.0	21
31.44922	21.02727	-18.92622	SAX_LV_ENDOCARDIAL	2	1.0	21
29.27314	18.81773	-18.40632	SAX_LV_ENDOCARDIAL	2	1.0	21
27.09705	16.60819	-17.88643	SAX_LV_ENDOCARDIAL	2	1.0	21
24.92097	14.39865	-17.36654	SAX_LV_ENDOCARDIAL	2	1.0	21
21.63104	12.18912	-17.70508	SAX_LV_ENDOCARDIAL	2	1.0	21
18.87223	11.08434	-18.73276	SAX_LV_ENDOCARDIAL	2	1.0	21
16.11342	9.97957	-19.76045	SAX_LV_ENDOCARDIAL	2	1.0	21
12.82349	7.77004	-20.09899	SAX_LV_ENDOCARDIAL	2	1.0	21
10.06468	6.66526	-21.12667	SAX_LV_ENDOCARDIAL	2	1.0	21
7.30587	5.56049	-22.15436	SAX_LV_ENDOCARDIAL	2	1.0	21
4.54706	4.45572	-23.18205	SAX_LV_ENDOCARDIAL	2	1.0	21
1.78825	3.35095	-24.20974	SAX_LV_ENDOCARDIAL	2	1.0	21
-0.97056	2.24618	-25.23743	SAX_LV_ENDOCARDIAL	2	1.0	21
-3.72937	1.14141	-26.26512	SAX_LV_ENDOCARDIAL	2	1.0	21
-5.95706	1.14141	-27.98196	SAX_LV_ENDOCARDIAL	2	1.0	21
-8.18475	1.14141	-29.69881	SAX_LV_ENDOCARDIAL	2	1.0	21
13.02990	-1.06811	-11.15204	RV_INSERT	2	1.0	21
-25.93955	22.13198	-64.25336	RV_INSERT	2	1.0	21
-48.82319	-28.59119	-59.90037	SAX_RV_FREEWALL	3	1.0	21
-50.51976	-27.48643	-62.30637	SAX_RV_FREEWALL	3	1.0	21
-52.74745	-27.48643	-64.02322	SAX_RV_FREEWALL	3	1.0	21
-54.44402	-26.38166	-66.42922	SAX_RV_FREEWALL	3	1.0	21
-55.60946	-24.17213	-69.52438	SAX_RV_FREEWALL	3	1.0	21
-57.30603	-23.06736	-71.93038	SAX_RV_FREEWALL	3	1.0	21
-58.47148	-20.85783	-75.02554	SAX_RV_FREEWALL	3	1.0	21
-59.63692	-18.64829	-78.12070	SAX_RV_FREEWALL	3	1.0	21
-60.80237	-16.43876	-81.21586	SAX_RV_FREEWALL	3	1.0	21
-60.85397	-14.22922	-83.45259	SAX_RV_FREEWALL	3	1.0	21
-59.79173	-12.01969	-84.83091	SAX_RV_FREEWALL	3	1.0	21
-57.61565	-9.81015	-85.35080	SAX_RV_FREEWALL	3	1.0	21
-55.43956	-7.60061	-85.87069	SAX_RV_FREEWALL	3	1.0	21
-52.14963	-5.39107	-85.53216	SAX_RV_FREEWALL	3	1.0	21
-49.97354	-3.18154	-86.05205	SAX_RV_FREEWALL	3	1.0	21
-46.68361	-0.97200	-85.71351	SAX_RV_FREEWALL	3	1.0	21
-43.39368	1.23754	-85.37498	SAX_RV_FREEWALL	3	1.0	21
-40.10375	3.44708	-85.03645	SAX_RV_FREEWALL	3	1.0	21
-36.81382	5.65662	-84.69792	SAX_RV_FREEWALL	3	1.0	21
-33.52389	7.86616	-84.35938	SAX_RV_FREEWALL	3	1.0	21
-30.23396	10.07570	-84.02085	SAX_RV_FREEWALL	3	1.0	21
-27.47515	11.18047	-82.99316	SAX_RV_FREEWALL	3	1.0	21
-24.18522	13.39001	-82.65463	SAX_RV_FREEWALL	3	1.0	21
-21.42641	14.49478	-81.62694	SAX_RV_FREEWALL	3	1.0	21
-18.66760	15.59955	-80.59925	SAX_RV_FREEWALL	3	1.0	21
-16.43991	15.59955	-78.88241	SAX_RV_FREEWALL	3	1.0	21
5.49716	-17.54346	-29.02133	SAX_RV_FREEWALL	3	1.0	21
2.73835	-18.64823	-30.04902	SAX_RV_FREEWALL	3	1.0	21
0.51066	-18.64823	-31.76587	SAX_RV_FREEWALL	3	1.0	21
-2.24815	-19.75300	-32.79355	SAX_RV_FREEWALL	3	1.0	21
-5.00696	-20.85777	-33.82124	SAX_RV_FREEWALL	3	1.0	21
-8.29689	-23.06731	-34.15978	SAX_RV_FREEWALL	3	1.0	21
-11.05570	-24.17208	-35.18746	SAX_RV_FREEWALL	3	1.0	21
-13.81450	-25.27685	-36.21515	SAX_RV_FREEWALL	3	1.0	21
-16.57331	-26.38163	-37.24284	SAX_RV_FREEWALL	3	1.0	21
-19.33212	-27.48640	-38.27053	SAX_RV_FREEWALL	3	1.0	21
-21.55981	-27.48640	-39.98738	SAX_RV_FREEWALL	3	1.0	21
-24.31862	-28.59117	-41.01507	SAX_RV_FREEWALL	3	1.0	21
-26.54631	-28.59117	-42.73191	SAX_RV_FREEWALL	3	1.0	21
-28.77400	-28.59117	-44.44876	SAX_RV_FREEWALL	3	1.0	21
-31.00169	-28.59117	-46.16560	SAX_RV_FREEWALL	3	1.0	21
-33.22938	-28.59118	-47.88245	SAX_RV_FREEWALL	3	1.0	21
-35.45706	-28.59118	-49.59929	SAX_RV_FREEWALL	3	1.0	21
-37.68475	-28.59118	-51.31614	SAX_RV_FREEWALL	3	1.0	21
-39.91244	-28.59118	-53.03298	SAX_RV_FREEWALL	3	1.0	21
-42.14013	-28.59119	-54.74983	SAX_RV_FREEWALL	3	1.0	21
-44.36782	-28.59119	-56.46668	SAX_RV_FREEWALL	3	1.0	21
-46.59551	-28.59119	-58.18352	SAX_RV_FREEWALL	3	1.0	21
-40.92308	-33.01026	-49.41794	SAX_RV_EPICARDIAL	3	1.0	21
-42.61965	-31.90549	-51.82394	SAX_RV_EPICARDIAL	3	1.0	21
-44.84734	-31.90549	-53.54078	SAX_RV_EPICARDIAL	3	1.0	21
-47.07502	-31.90549	-55.25763	SAX_RV_EPICARDIAL	3	1.0	21
-49.30271	-31.90550	-56.97447	SAX_RV_EPICARDIAL	3	1.0	21
-50.99928	-30.80073	-59.38048	SAX_RV_EPICARDIAL	3	1.0	21
-53.22697	-30.80073	-61.09732	SAX_RV_EPICARDIAL	3	1.0	21
-54.92354	-29.69597	-63.50332	SAX_RV_EPICARDIAL	3	1.0	21
-56.62010	-28.59120	-65.90933	SAX_RV_EPICARDIAL	3	1.0	21
-57.78555	-26.38167	-69.00449	SAX_RV_EPICARDIAL	3	1.0	21
-59.48212	-25.27690	-71.41049	SAX_RV_EPICARDIAL	3	1.0	21
-60.64756	-23.06737	-74.50565	SAX_RV_EPICARDIAL	3	1.0	21
-61.81301	-20.85783	-77.60081	SAX_RV_EPICARDIAL	3	1.0	21
-62.97846	-18.64830	-80.69597	SAX_RV_EPICARDIAL	3	1.0	21
-63.03006	-16.43876	-82.93270	SAX_RV_EPICARDIAL	3	1.0	21
-61.96782	-14.22922	-84.31102	SAX_RV_EPICARDIAL	3	1.0	21
-60.90558	-12.01969	-85.68933	SAX_RV_EPICARDIAL	3	1.0	21
-59.84333	-9.81015	-87.06764	SAX_RV_EPICARDIAL	3	1.0	21
-57.66725	-7.60061	-87.58753	SAX_RV_EPICARDIAL	3	1.0	21
-55.49116	-5.39108	-88.10742	SAX_RV_EPICARDIAL	3	1.0	21
-53.31508	-3.18154	-88.62731	SAX_RV_EPICARDIAL	3	1.0	21
-50.02515	-0.97200	-88.28878	SAX_RV_EPICARDIAL	3	1.0	21
-46.73522	1.23754	-87.95025	SAX_RV_EPICARDIAL	3	1.0	21
-43.44528	3.44708	-87.61172	SAX_RV_EPICARDIAL	3	1.0	21
-41.26920	5.65662	-88.13161	SAX_RV_EPICARDIAL	3	1.0	21
-37.97927	7.86615	-87.79308	SAX_RV_EPICARDIAL	3	1.0	21
-35.22046	8.97092	-86.76539	SAX_RV_EPICARDIAL	3	1.0	21
-31.93053	11.18046	-86.42685	SAX_RV_EPICARDIAL	3	1.0	21
-29.17172	12.28523	-85.39917	SAX_RV_EPICARDIAL	3	1.0	21
-25.88179	14.49477	-85.06063	SAX_RV_EPICARDIAL	3	1.0	21
-23.12298	15.59954	-84.03294	SAX_RV_EPICARDIAL	3	1.0	21
-20.36417	16.70431	-83.00526	SAX_RV_EPICARDIAL	3	1.0	21
-17.60536	17.80908	-81.97757	SAX_RV_EPICARDIAL	3	1.0	21
-14.84655	18.91385	-80.94988	SAX_RV_EPICARDIAL	3	1.0	21
-12.61886	18.91386	-79.23303	SAX_RV_EPICARDIAL	3	1.0	21
9.90094	-15.33392	-27.82438	SAX_RV_EPICARDIAL	3	1.0	21
8.30757	-18.64823	-25.75691	SAX_RV_EPICARDIAL	3	1.0	21
5.54876	-19.75300	-26.78459	SAX_RV_EPICARDIAL	3	1.0	21
2.78995	-20.85777	-27.81228	SAX_RV_EPICARDIAL	3	1.0	21
0.56227	-20.85777	-29.52913	SAX_RV_EPICARDIAL	3	1.0	21
-2.72767	-23.06731	-29.86766	SAX_RV_EPICARDIAL	3	1.0	21
-5.48647	-24.17208	-30.89535	SAX_RV_EPICARDIAL	3	1.0	21
-8.24528	-25.27685	-31.92304	SAX_RV_EPICARDIAL	3	1.0	21
-11.53521	-27.48639	-32.26157	SAX_RV_EPICARDIAL	3	1.0	21
-14.29402	-28.59116	-33.28926	SAX_RV_EPICARDIAL	3	1.0	21
-17.05283	-29.69593	-34.31695	SAX_RV_EPICARDIAL	3	1.0	21
-19.81164	-30.80070	-35.34464	SAX_RV_EPICARDIAL	3	1.0	21
-22.03933	-30.80070	-37.06148	SAX_RV_EPICARDIAL	3	1.0	21
-24.79814	-31.90547	-38.08917	SAX_RV_EPICARDIAL	3	1.0	21
-27.02583	-31.90547	-39.80602	SAX_RV_EPICARDIAL	3	1.0	21
-29.25352	-31.90548	-41.52286	SAX_RV_EPICARDIAL	3	1.0	21
-32.01233	-33.01025	-42.55055	SAX_RV_EPICARDIAL	3	1.0	21
-34.24001	-33.01025	-44.26740	SAX_RV_EPICARDIAL	3	1.0	21
-36.46770	-33.01025	-45.98424	SAX_RV_EPICARDIAL	3	1.0	21
-38.69539	-33.01025	-47.70109	SAX_RV_EPICARDIAL	3	1.0	21
-14.21223	15.59955	-77.16556	SAX_RV_SEPTUM	3	1.0	21
-14.16062	13.39002	-74.92883	SAX_RV_SEPTUM	3	1.0	21
-14.10902	11.18048	-72.69209	SAX_RV_SEPTUM	3	1.0	21
-14.05742	8.97095	-70.45535	SAX_RV_SEPTUM	3	1.0	21
-14.00582	6.76141	-68.21862	SAX_RV_SEPTUM	3	1.0	21
-13.95421	4.55187	-65.98188	SAX_RV_SEPTUM	3	1.0	21
-13.90261	2.34234	-63.74514	SAX_RV_SEPTUM	3	1.0	21
-13.85101	0.13280	-61.50841	SAX_RV_SEPTUM	3	1.0	21
-12.68556	-2.07673	-58.41325	SAX_RV_SEPTUM	3	1.0	21
-12.63396	-4.28627	-56.17651	SAX_RV_SEPTUM	3	1.0	21
-11.46851	-6.49580	-53.08135	SAX_RV_SEPTUM	3	1.0	21
-10.30307	-8.70533	-49.98620	SAX_RV_SEPTUM	3	1.0	21
-9.13762	-10.91487	-46.89104	SAX_RV_SEPTUM	3	1.0	21
-7.44105	-12.01964	-44.48503	SAX_RV_SEPTUM	3	1.0	21
-5.74449	-13.12440	-42.07903	SAX_RV_SEPTUM	3	1.0	21
-3.51680	-13.12440	-40.36219	SAX_RV_SEPTUM	3	1.0	21
-1.82023	-14.22917	-37.95618	SAX_RV_SEPTUM	3	1.0	21
0.40746	-14.22916	-36.23934	SAX_RV_SEPTUM	3	1.0	21
2.10403	-15.33393	-33.83334	SAX_RV_SEPTUM	3	1.0	21
4.33171	-15.33393	-32.11649	SAX_RV_SEPTUM	3	1.0	21
6.55940	-15.33392	-30.39964	SAX_RV_SEPTUM	3	1.0	21
8.78709	-15.33392	-28.68280	SAX_RV_SEPTUM	3	1.0	21
8.25597	-16.43869	-27.99364	SAX_RV_SEPTUM	3	1.0	21
12.12862	-15.33392	-26.10753	SAX_LV_EPICARDIAL	3	1.0	21
-9.80845	17.80909	-75.96861	SAX_LV_EPICARDIAL	3	1.0	21
-8.74621	20.01863	-77.34692	SAX_LV_EPICARDIAL	3	1.0	21
-7.68397	22.22816	-78.72523	SAX_LV_EPICARDIAL	3	1.0	21
-5.50788	24.43770	-79.24512	SAX_LV_EPICARDIAL	3	1.0	21
-3.33180	26.64724	-79.76502	SAX_LV_EPICARDIAL	3	1.0	21
-0.04187	28.85678	-79.42648	SAX_LV_EPICARDIAL	3	1.0	21
3.24806	31.06632	-79.08795	SAX_LV_EPICARDIAL	3	1.0	21
6.53800	33.27586	-78.74942	SAX_LV_EPICARDIAL	3	1.0	21
9.29680	34.38063	-77.72173	SAX_LV_EPICARDIAL	3	1.0	21
12.05561	35.48540	-76.69404	SAX_LV_EPICARDIAL	3	1.0	21
15.34554	37.69494	-76.35551	SAX_LV_EPICARDIAL	3	1.0	21
18.10435	38.79971	-75.32782	SAX_LV_EPICARDIAL	3	1.0	21
20.86316	39.90448	-74.30013	SAX_LV_EPICARDIAL	3	1.0	21
23.09085	39.90448	-72.58329	SAX_LV_EPICARDIAL	3	1.0	21
25.84966	41.00925	-71.55560	SAX_LV_EPICARDIAL	3	1.0	21
28.07735	41.00925	-69.83875	SAX_LV_EPICARDIAL	3	1.0	21
30.30504	41.00925	-68.12191	SAX_LV_EPICARDIAL	3	1.0	21
33.06385	42.11402	-67.09422	SAX_LV_EPICARDIAL	3	1.0	21
34.76041	41.00926	-64.68821	SAX_LV_EPICARDIAL	3	1.0	21
36.98810	41.00926	-62.97137	SAX_LV_EPICARDIAL	3	1.0	21
39.21579	41.00926	-61.25452	SAX_LV_EPICARDIAL	3	1.0	21
40.91236	39.90450	-58.84852	SAX_LV_EPICARDIAL	3	1.0	21
42.60893	38.79973	-56.44252	SAX_LV_EPICARDIAL	3	1.0	21
44.30549	37.69497	-54.03652	SAX_LV_EPICARDIAL	3	1.0	21
46.00206	36.59020	-51.63051	SAX_LV_EPICARDIAL	3	1.0	21
47.69863	35.48543	-49.22451	SAX_LV_EPICARDIAL	3	1.0	21
48.86408	33.27590	-46.12935	SAX_LV_EPICARDIAL	3	1.0	21
48.91568	31.06636	-43.89262	SAX_LV_EPICARDIAL	3	1.0	21
50.08112	28.85683	-40.79746	SAX_LV_EPICARDIAL	3	1.0	21
50.13273	26.64729	-38.56072	SAX_LV_EPICARDIAL	3	1.0	21
50.18433	24.43776	-36.32398	SAX_LV_EPICARDIAL	3	1.0	21
50.23593	22.22822	-34.08725	SAX_LV_EPICARDIAL	3	1.0	21
50.28753	20.01869	-31.85051	SAX_LV_EPICARDIAL	3	1.0	21
49.22529	17.80915	-30.47220	SAX_LV_EPICARDIAL	3	1.0	21
49.27689	15.59961	-28.23546	SAX_LV_EPICARDIAL	3	1.0	21
48.21465	13.39008	-26.85715	SAX_LV_EPICARDIAL	3	1.0	21
47.15241	11.18054	-25.47884	SAX_LV_EPICARDIAL	3	1.0	21
46.09017	8.97101	-24.10052	SAX_LV_EPICARDIAL	3	1.0	21
45.02793	6.76147	-22.72221	SAX_LV_EPICARDIAL	3	1.0	21
42.85184	4.55193	-22.20232	SAX_LV_EPICARDIAL	3	1.0	21
41.78960	2.34239	-20.82400	SAX_LV_EPICARDIAL	3	1.0	21
39.61351	0.13286	-20.30411	SAX_LV_EPICARDIAL	3	1.0	21
37.43743	-2.07668	-19.78422	SAX_LV_EPICARDIAL	3	1.0	21
35.26134	-4.28622	-19.26433	SAX_LV_EPICARDIAL	3	1.0	21
33.08525	-6.49576	-18.74444	SAX_LV_EPICARDIAL	3	1.0	21
29.79532	-8.70529	-19.08297	SAX_LV_EPICARDIAL	3	1.0	21
27.03651	-9.81007	-20.11066	SAX_LV_EPICARDIAL	3	1.0	21
24.27771	-10.91484	-21.13835	SAX_LV_EPICARDIAL	3	1.0	21
21.51890	-12.01961	-22.16604	SAX_LV_EPICARDIAL	3	1.0	21
18.76009	-13.12438	-23.19373	SAX_LV_EPICARDIAL	3	1.0	21
16.00128	-14.22915	-24.22142	SAX_LV_EPICARDIAL	3	1.0	21
13.77359	-14.22915	-25.93826	SAX_LV_EPICARDIAL	3	1.0	21
11.39109	-7.60055	-34.36532	SAX_LV_ENDOCARDIAL	3	1.0	21
9.69453	-6.49578	-36.77132	SAX_LV_ENDOCARDIAL	3	1.0	21
7.46684	-6.49578	-38.48817	SAX_LV_ENDOCARDIAL	3	1.0	21
5.77027	-5.39102	-40.89417	SAX_LV_ENDOCARDIAL	3	1.0	21
3.54258	-5.39102	-42.61101	SAX_LV_ENDOCARDIAL	3	1.0	21
1.84601	-4.28625	-45.01702	SAX_LV_ENDOCARDIAL	3	1.0	21
0.14945	-3.18149	-47.42302	SAX_LV_ENDOCARDIAL	3	1.0	21
-1.01600	-0.97195	-50.51818	SAX_LV_ENDOCARDIAL	3	1.0	21
-2.18145	1.23758	-53.61334	SAX_LV_ENDOCARDIAL	3	1.0	21
-3.34689	3.44712	-56.70850	SAX_LV_ENDOCARDIAL	3	1.0	21
-4.51234	5.65665	-59.80366	SAX_LV_ENDOCARDIAL	3	1.0	21
-4.56394	7.86619	-62.04039	SAX_LV_ENDOCARDIAL	3	1.0	21
-4.61554	10.07572	-64.27713	SAX_LV_ENDOCARDIAL	3	1.0	21
-4.66715	12.28526	-66.51386	SAX_LV_ENDOCARDIAL	3	1.0	21
-4.71875	14.49479	-68.75060	SAX_LV_ENDOCARDIAL	3	1.0	21
-3.65651	16.70433	-70.12891	SAX_LV_ENDOCARDIAL	3	1.0	21
-2.59427	18.91387	-71.50723	SAX_LV_ENDOCARDIAL	3	1.0	21
-0.41818	21.12340	-72.02712	SAX_LV_ENDOCARDIAL	3	1.0	21
1.75791	23.33294	-72.54701	SAX_LV_ENDOCARDIAL	3	1.0	21
3.93399	25.54248	-73.06690	SAX_LV_ENDOCARDIAL	3	1.0	21
7.22392	27.75202	-72.72837	SAX_LV_ENDOCARDIAL	3	1.0	21
10.51385	29.96156	-72.38983	SAX_LV_ENDOCARDIAL	3	1.0	21
13.27266	31.06633	-71.36215	SAX_LV_ENDOCARDIAL	3	1.0	21
16.03147	32.17110	-70.33446	SAX_LV_ENDOCARDIAL	3	1.0	21
18.79028	33.27587	-69.30677	SAX_LV_ENDOCARDIAL	3	1.0	21
21.01797	33.27587	-67.58992	SAX_LV_ENDOCARDIAL	3	1.0	21
23.77678	34.38064	-66.56223	SAX_LV_ENDOCARDIAL	3	1.0	21
26.00447	34.38064	-64.84539	SAX_LV_ENDOCARDIAL	3	1.0	21
28.23216	34.38065	-63.12854	SAX_LV_ENDOCARDIAL	3	1.0	21
30.45984	34.38065	-61.41170	SAX_LV_ENDOCARDIAL	3	1.0	21
32.68753	34.38065	-59.69485	SAX_LV_ENDOCARDIAL	3	1.0	21
34.91522	34.38065	-57.97801	SAX_LV_ENDOCARDIAL	3	1.0	21
37.14291	34.38065	-56.26116	SAX_LV_ENDOCARDIAL	3	1.0	21
38.83948	33.27589	-53.85516	SAX_LV_ENDOCARDIAL	3	1.0	21
40.53605	32.17112	-51.44916	SAX_LV_ENDOCARDIAL	3	1.0	21
41.70149	29.96159	-48.35400	SAX_LV_ENDOCARDIAL	3	1.0	21
42.86694	27.75205	-45.25884	SAX_LV_ENDOCARDIAL	3	1.0	21
44.03238	25.54252	-42.16368	SAX_LV_ENDOCARDIAL	3	1.0	21
44.08399	23.33298	-39.92694	SAX_LV_ENDOCARDIAL	3	1.0	21
44.13559	21.12345	-37.69021	SAX_LV_ENDOCARDIAL	3	1.0	21
44.18719	18.91391	-35.45347	SAX_LV_ENDOCARDIAL	3	1.0	21
44.23879	16.70438	-33.21673	SAX_LV_ENDOCARDIAL	3	1.0	21
43.17655	14.49484	-31.83842	SAX_LV_ENDOCARDIAL	3	1.0	21
42.11431	12.28530	-30.46011	SAX_LV_ENDOCARDIAL	3	1.0	21
41.05207	10.07577	-29.08179	SAX_LV_ENDOCARDIAL	3	1.0	21
39.98983	7.86623	-27.70348	SAX_LV_ENDOCARDIAL	3	1.0	21
38.92758	5.65669	-26.32517	SAX_LV_ENDOCARDIAL	3	1.0	21
36.75150	3.44716	-25.80528	SAX_LV_ENDOCARDIAL	3	1.0	21
34.57541	1.23762	-25.28538	SAX_LV_ENDOCARDIAL	3	1.0	21
33.51317	-0.97192	-23.90707	SAX_LV_ENDOCARDIAL	3	1.0	21
30.22324	-3.18146	-24.24560	SAX_LV_ENDOCARDIAL	3	1.0	21
27.46443	-4.28623	-25.27329	SAX_LV_ENDOCARDIAL	3	1.0	21
24.70562	-5.39100	-26.30098	SAX_LV_ENDOCARDIAL	3	1.0	21
21.94681	-6.49577	-27.32867	SAX_LV_ENDOCARDIAL	3	1.0	21
19.71912	-6.49577	-29.04552	SAX_LV_ENDOCARDIAL	3	1.0	21
17.49144	-6.49577	-30.76236	SAX_LV_ENDOCARDIAL	3	1.0	21
14.73263	-7.60054	-31.79005	SAX_LV_ENDOCARDIAL	3	1.0	21
12.50494	-7.60054	-33.50690	SAX_LV_ENDOCARDIAL	3	1.0	21
8.25597	-16.43869	-27.99364	RV_INSERT	3	1.0	21
-14.21223	15.59955	-77.16556	RV_INSERT	3	1.0	21
-36.03462	-32.91358	-74.19039	SAX_RV_FREEWALL	4	1.0	21
-37.73119	-31.80882	-76.59639	SAX_RV_FREEWALL	4	1.0	21
-39.95888	-31.80882	-78.31323	SAX_RV_FREEWALL	4	1.0	21
-41.65545	-30.70405	-80.71924	SAX_RV_FREEWALL	4	1.0	21
-43.88314	-30.70405	-82.43608	SAX_RV_FREEWALL	4	1.0	21
-45.04858	-28.49452	-85.53124	SAX_RV_FREEWALL	4	1.0	21
-46.74515	-27.38975	-87.93724	SAX_RV_FREEWALL	4	1.0	21
-46.79675	-25.18022	-90.17398	SAX_RV_FREEWALL	4	1.0	21
-47.96220	-22.97068	-93.26914	SAX_RV_FREEWALL	4	1.0	21
-46.89996	-20.76115	-94.64745	SAX_RV_FREEWALL	4	1.0	21
-45.83772	-18.55161	-96.02576	SAX_RV_FREEWALL	4	1.0	21
-42.54779	-16.34207	-95.68723	SAX_RV_FREEWALL	4	1.0	21
-40.37170	-14.13253	-96.20712	SAX_RV_FREEWALL	4	1.0	21
-37.61289	-13.02776	-95.17943	SAX_RV_FREEWALL	4	1.0	21
-35.43680	-10.81823	-95.69932	SAX_RV_FREEWALL	4	1.0	21
-32.67799	-9.71346	-94.67164	SAX_RV_FREEWALL	4	1.0	21
-29.38806	-7.50392	-94.33310	SAX_RV_FREEWALL	4	1.0	21
-26.09813	-5.29438	-93.99457	SAX_RV_FREEWALL	4	1.0	21
-22.80820	-3.08484	-93.65604	SAX_RV_FREEWALL	4	1.0	21
-20.04939	-1.98007	-92.62835	SAX_RV_FREEWALL	4	1.0	21
-16.75946	0.22947	-92.28982	SAX_RV_FREEWALL	4	1.0	21
-14.00065	1.33424	-91.26213	SAX_RV_FREEWALL	4	1.0	21
-10.71072	3.54378	-90.92360	SAX_RV_FREEWALL	4	1.0	21
-7.95191	4.64855	-89.89591	SAX_RV_FREEWALL	4	1.0	21
-5.19311	5.75332	-88.86822	SAX_RV_FREEWALL	4	1.0	21
-2.96542	5.75332	-87.15137	SAX_RV_FREEWALL	4	1.0	21
3.85736	-24.07540	-52.23411	SAX_RV_FREEWALL	4	1.0	21
1.09855	-25.18017	-53.26180	SAX_RV_FREEWALL	4	1.0	21
-1.66026	-26.28494	-54.28949	SAX_RV_FREEWALL	4	1.0	21
-4.41907	-27.38971	-55.31718	SAX_RV_FREEWALL	4	1.0	21
-6.64676	-27.38971	-57.03402	SAX_RV_FREEWALL	4	1.0	21
-8.87445	-27.38972	-58.75087	SAX_RV_FREEWALL	4	1.0	21
-11.63326	-28.49449	-59.77856	SAX_RV_FREEWALL	4	1.0	21
-14.39207	-29.59926	-60.80624	SAX_RV_FREEWALL	4	1.0	21
-17.15088	-30.70403	-61.83393	SAX_RV_FREEWALL	4	1.0	21
-19.37856	-30.70403	-63.55078	SAX_RV_FREEWALL	4	1.0	21
-22.13737	-31.80880	-64.57847	SAX_RV_FREEWALL	4	1.0	21
-24.36506	-31.80880	-66.29531	SAX_RV_FREEWALL	4	1.0	21
-26.59275	-31.80880	-68.01216	SAX_RV_FREEWALL	4	1.0	21
-28.82044	-31.80881	-69.72900	SAX_RV_FREEWALL	4	1.0	21
-31.04813	-31.80881	-71.44585	SAX_RV_FREEWALL	4	1.0	21
-33.27581	-31.80881	-73.16270	SAX_RV_FREEWALL	4	1.0	21
-39.32455	-35.12312	-74.52892	SAX_RV_EPICARDIAL	4	1.0	21
-41.02112	-34.01835	-76.93492	SAX_RV_EPICARDIAL	4	1.0	21
-43.24881	-34.01836	-78.65177	SAX_RV_EPICARDIAL	4	1.0	21
-44.94538	-32.91359	-81.05777	SAX_RV_EPICARDIAL	4	1.0	21
-46.64195	-31.80882	-83.46377	SAX_RV_EPICARDIAL	4	1.0	21
-47.80739	-29.59929	-86.55893	SAX_RV_EPICARDIAL	4	1.0	21
-49.50396	-28.49452	-88.96493	SAX_RV_EPICARDIAL	4	1.0	21
-49.55556	-26.28499	-91.20167	SAX_RV_EPICARDIAL	4	1.0	21
-49.60716	-24.07545	-93.43840	SAX_RV_EPICARDIAL	4	1.0	21
-49.65877	-21.86592	-95.67514	SAX_RV_EPICARDIAL	4	1.0	21
-48.59652	-19.65638	-97.05345	SAX_RV_EPICARDIAL	4	1.0	21
-46.42044	-17.44684	-97.57334	SAX_RV_EPICARDIAL	4	1.0	21
-44.24435	-15.23731	-98.09323	SAX_RV_EPICARDIAL	4	1.0	21
-42.06827	-13.02777	-98.61313	SAX_RV_EPICARDIAL	4	1.0	21
-39.30946	-11.92300	-97.58544	SAX_RV_EPICARDIAL	4	1.0	21
-36.01953	-9.71346	-97.24690	SAX_RV_EPICARDIAL	4	1.0	21
-33.84344	-7.50392	-97.76679	SAX_RV_EPICARDIAL	4	1.0	21
-30.55351	-5.29438	-97.42826	SAX_RV_EPICARDIAL	4	1.0	21
-27.26358	-3.08484	-97.08973	SAX_RV_EPICARDIAL	4	1.0	21
-23.97365	-0.87531	-96.75120	SAX_RV_EPICARDIAL	4	1.0	21
-21.21484	0.22947	-95.72351	SAX_RV_EPICARDIAL	4	1.0	21
-18.45603	1.33424	-94.69582	SAX_RV_EPICARDIAL	4	1.0	21
-15.16610	3.54377	-94.35729	SAX_RV_EPICARDIAL	4	1.0	21
-12.40729	4.64855	-93.32960	SAX_RV_EPICARDIAL	4	1.0	21
-9.64848	5.75332	-92.30191	SAX_RV_EPICARDIAL	4	1.0	21
-6.88967	6.85809	-91.27422	SAX_RV_EPICARDIAL	4	1.0	21
-4.13086	7.96286	-90.24653	SAX_RV_EPICARDIAL	4	1.0	21
-1.37205	9.06763	-89.21884	SAX_RV_EPICARDIAL	4	1.0	21
0.85563	9.06763	-87.50200	SAX_RV_EPICARDIAL	4	1.0	21
-0.20661	6.85809	-86.12368	SAX_RV_EPICARDIAL	4	1.0	21
8.26113	-21.86586	-51.03715	SAX_RV_EPICARDIAL	4	1.0	21
6.66777	-25.18017	-48.96968	SAX_RV_EPICARDIAL	4	1.0	21
3.90896	-26.28494	-49.99737	SAX_RV_EPICARDIAL	4	1.0	21
1.15015	-27.38971	-51.02506	SAX_RV_EPICARDIAL	4	1.0	21
-1.60866	-28.49448	-52.05275	SAX_RV_EPICARDIAL	4	1.0	21
-3.83635	-28.49448	-53.76960	SAX_RV_EPICARDIAL	4	1.0	21
-6.59516	-29.59925	-54.79728	SAX_RV_EPICARDIAL	4	1.0	21
-8.82284	-29.59925	-56.51413	SAX_RV_EPICARDIAL	4	1.0	21
-11.58165	-30.70402	-57.54182	SAX_RV_EPICARDIAL	4	1.0	21
-14.34046	-31.80879	-58.56951	SAX_RV_EPICARDIAL	4	1.0	21
-17.09927	-32.91356	-59.59720	SAX_RV_EPICARDIAL	4	1.0	21
-19.85808	-34.01833	-60.62489	SAX_RV_EPICARDIAL	4	1.0	21
-22.08577	-34.01834	-62.34173	SAX_RV_EPICARDIAL	4	1.0	21
-24.84458	-35.12311	-63.36942	SAX_RV_EPICARDIAL	4	1.0	21
-27.07227	-35.12311	-65.08627	SAX_RV_EPICARDIAL	4	1.0	21
-29.29996	-35.12311	-66.80311	SAX_RV_EPICARDIAL	4	1.0	21
-31.52765	-35.12311	-68.51996	SAX_RV_EPICARDIAL	4	1.0	21
-33.75533	-35.12312	-70.23680	SAX_RV_EPICARDIAL	4	1.0	21
-35.98302	-35.12312	-71.95365	SAX_RV_EPICARDIAL	4	1.0	21
-38.21071	-35.12312	-73.67049	SAX_RV_EPICARDIAL	4	1.0	21
-0.73773	5.75332	-85.43453	SAX_RV_SEPTUM	4	1.0	21
-1.79997	3.54379	-84.05621	SAX_RV_SEPTUM	4	1.0	21
-2.86221	1.33425	-82.67790	SAX_RV_SEPTUM	4	1.0	21
-3.92445	-0.87529	-81.29959	SAX_RV_SEPTUM	4	1.0	21
-3.87285	-3.08482	-79.06285	SAX_RV_SEPTUM	4	1.0	21
-4.93509	-5.29436	-77.68454	SAX_RV_SEPTUM	4	1.0	21
-3.76965	-7.50389	-74.58938	SAX_RV_SEPTUM	4	1.0	21
-4.83189	-9.71343	-73.21107	SAX_RV_SEPTUM	4	1.0	21
-3.66644	-11.92296	-70.11591	SAX_RV_SEPTUM	4	1.0	21
-2.50100	-14.13250	-67.02075	SAX_RV_SEPTUM	4	1.0	21
-0.80443	-15.23726	-64.61474	SAX_RV_SEPTUM	4	1.0	21
0.36102	-17.44680	-61.51959	SAX_RV_SEPTUM	4	1.0	21
2.05759	-18.55156	-59.11358	SAX_RV_SEPTUM	4	1.0	21
3.75415	-19.65633	-56.70758	SAX_RV_SEPTUM	4	1.0	21
5.45072	-20.76110	-54.30158	SAX_RV_SEPTUM	4	1.0	21
7.14729	-21.86586	-51.89558	SAX_RV_SEPTUM	4	1.0	21
6.61617	-22.97063	-51.20642	SAX_RV_SEPTUM	4	1.0	21
10.48882	-21.86586	-49.32031	SAX_LV_EPICARDIAL	4	1.0	21
3.61444	10.17240	-86.47431	SAX_LV_EPICARDIAL	4	1.0	21
5.79053	12.38194	-86.99420	SAX_LV_EPICARDIAL	4	1.0	21
7.96662	14.59148	-87.51409	SAX_LV_EPICARDIAL	4	1.0	21
10.14270	16.80101	-88.03398	SAX_LV_EPICARDIAL	4	1.0	21
13.43263	19.01055	-87.69545	SAX_LV_EPICARDIAL	4	1.0	21
16.72256	21.22009	-87.35692	SAX_LV_EPICARDIAL	4	1.0	21
20.01249	23.42963	-87.01838	SAX_LV_EPICARDIAL	4	1.0	21
22.77130	24.53440	-85.99070	SAX_LV_EPICARDIAL	4	1.0	21
25.53011	25.63917	-84.96301	SAX_LV_EPICARDIAL	4	1.0	21
28.28892	26.74394	-83.93532	SAX_LV_EPICARDIAL	4	1.0	21
30.51661	26.74394	-82.21847	SAX_LV_EPICARDIAL	4	1.0	21
33.27542	27.84871	-81.19078	SAX_LV_EPICARDIAL	4	1.0	21
35.50311	27.84872	-79.47394	SAX_LV_EPICARDIAL	4	1.0	21
37.73080	27.84872	-77.75709	SAX_LV_EPICARDIAL	4	1.0	21
39.95848	27.84872	-76.04025	SAX_LV_EPICARDIAL	4	1.0	21
41.65505	26.74395	-73.63424	SAX_LV_EPICARDIAL	4	1.0	21
43.88274	26.74396	-71.91740	SAX_LV_EPICARDIAL	4	1.0	21
45.57931	25.63919	-69.51140	SAX_LV_EPICARDIAL	4	1.0	21
47.80700	25.63919	-67.79455	SAX_LV_EPICARDIAL	4	1.0	21
49.50356	24.53443	-65.38855	SAX_LV_EPICARDIAL	4	1.0	21
51.20013	23.42966	-62.98255	SAX_LV_EPICARDIAL	4	1.0	21
52.36558	21.22013	-59.88739	SAX_LV_EPICARDIAL	4	1.0	21
54.06215	20.11536	-57.48138	SAX_LV_EPICARDIAL	4	1.0	21
54.11375	17.90582	-55.24465	SAX_LV_EPICARDIAL	4	1.0	21
54.16535	15.69629	-53.00791	SAX_LV_EPICARDIAL	4	1.0	21
54.21695	13.48675	-50.77118	SAX_LV_EPICARDIAL	4	1.0	21
54.26855	11.27722	-48.53444	SAX_LV_EPICARDIAL	4	1.0	21
54.32016	9.06768	-46.29770	SAX_LV_EPICARDIAL	4	1.0	21
53.25792	6.85815	-44.91939	SAX_LV_EPICARDIAL	4	1.0	21
52.19567	4.64861	-43.54108	SAX_LV_EPICARDIAL	4	1.0	21
51.13343	2.43907	-42.16276	SAX_LV_EPICARDIAL	4	1.0	21
50.07119	0.22954	-40.78445	SAX_LV_EPICARDIAL	4	1.0	21
49.00895	-1.98000	-39.40614	SAX_LV_EPICARDIAL	4	1.0	21
47.94671	-4.18954	-38.02782	SAX_LV_EPICARDIAL	4	1.0	21
45.77062	-6.39907	-37.50793	SAX_LV_EPICARDIAL	4	1.0	21
44.70838	-8.60861	-36.12962	SAX_LV_EPICARDIAL	4	1.0	21
42.53229	-10.81815	-35.60973	SAX_LV_EPICARDIAL	4	1.0	21
39.24236	-13.02769	-35.94826	SAX_LV_EPICARDIAL	4	1.0	21
35.95243	-15.23723	-36.28679	SAX_LV_EPICARDIAL	4	1.0	21
33.19362	-16.34200	-37.31448	SAX_LV_EPICARDIAL	4	1.0	21
29.90369	-18.55154	-37.65301	SAX_LV_EPICARDIAL	4	1.0	21
27.14488	-19.65631	-38.68070	SAX_LV_EPICARDIAL	4	1.0	21
24.38607	-20.76108	-39.70839	SAX_LV_EPICARDIAL	4	1.0	21
22.15838	-20.76108	-41.42524	SAX_LV_EPICARDIAL	4	1.0	21
19.39957	-21.86585	-42.45293	SAX_LV_EPICARDIAL	4	1.0	21
17.17189	-21.86585	-44.16977	SAX_LV_EPICARDIAL	4	1.0	21
14.94420	-21.86585	-45.88662	SAX_LV_EPICARDIAL	4	1.0	21
12.71651	-21.86586	-47.60346	SAX_LV_EPICARDIAL	4	1.0	21
18.13092	-15.23724	-50.02156	SAX_LV_ENDOCARDIAL	4	1.0	21
16.43436	-14.13248	-52.42756	SAX_LV_ENDOCARDIAL	4	1.0	21
14.20667	-14.13248	-54.14441	SAX_LV_ENDOCARDIAL	4	1.0	21
12.51010	-13.02771	-56.55041	SAX_LV_ENDOCARDIAL	4	1.0	21
10.28241	-13.02772	-58.26725	SAX_LV_ENDOCARDIAL	4	1.0	21
8.58584	-11.92295	-60.67326	SAX_LV_ENDOCARDIAL	4	1.0	21
6.88928	-10.81818	-63.07926	SAX_LV_ENDOCARDIAL	4	1.0	21
5.72383	-8.60865	-66.17442	SAX_LV_ENDOCARDIAL	4	1.0	21
4.55838	-6.39912	-69.26958	SAX_LV_ENDOCARDIAL	4	1.0	21
4.50678	-4.18958	-71.50631	SAX_LV_ENDOCARDIAL	4	1.0	21
4.45518	-1.98004	-73.74305	SAX_LV_ENDOCARDIAL	4	1.0	21
4.40358	0.22949	-75.97978	SAX_LV_ENDOCARDIAL	4	1.0	21
4.35197	2.43903	-78.21652	SAX_LV_ENDOCARDIAL	4	1.0	21
5.41422	4.64856	-79.59483	SAX_LV_ENDOCARDIAL	4	1.0	21
6.47646	6.85810	-80.97315	SAX_LV_ENDOCARDIAL	4	1.0	21
8.65254	9.06764	-81.49304	SAX_LV_ENDOCARDIAL	4	1.0	21
10.82863	11.27717	-82.01293	SAX_LV_ENDOCARDIAL	4	1.0	21
13.00472	13.48671	-82.53282	SAX_LV_ENDOCARDIAL	4	1.0	21
15.18080	15.69625	-83.05271	SAX_LV_ENDOCARDIAL	4	1.0	21
18.47073	17.90579	-82.71418	SAX_LV_ENDOCARDIAL	4	1.0	21
21.22954	19.01056	-81.68649	SAX_LV_ENDOCARDIAL	4	1.0	21
23.45723	19.01056	-79.96964	SAX_LV_ENDOCARDIAL	4	1.0	21
26.21604	20.11533	-78.94195	SAX_LV_ENDOCARDIAL	4	1.0	21
28.97485	21.22010	-77.91427	SAX_LV_ENDOCARDIAL	4	1.0	21
31.20254	21.22010	-76.19742	SAX_LV_ENDOCARDIAL	4	1.0	21
33.43023	21.22011	-74.48057	SAX_LV_ENDOCARDIAL	4	1.0	21
35.65791	21.22011	-72.76373	SAX_LV_ENDOCARDIAL	4	1.0	21
37.88560	21.22011	-71.04688	SAX_LV_ENDOCARDIAL	4	1.0	21
40.11329	21.22011	-69.33004	SAX_LV_ENDOCARDIAL	4	1.0	21
42.34098	21.22012	-67.61319	SAX_LV_ENDOCARDIAL	4	1.0	21
44.03755	20.11535	-65.20719	SAX_LV_ENDOCARDIAL	4	1.0	21
45.73411	19.01058	-62.80119	SAX_LV_ENDOCARDIAL	4	1.0	21
46.89956	16.80105	-59.70603	SAX_LV_ENDOCARDIAL	4	1.0	21
48.59613	15.69628	-57.30003	SAX_LV_ENDOCARDIAL	4	1.0	21
48.64773	13.48675	-55.06329	SAX_LV_ENDOCARDIAL	4	1.0	21
48.69933	11.27721	-52.82655	SAX_LV_ENDOCARDIAL	4	1.0	21
48.75094	9.06768	-50.58982	SAX_LV_ENDOCARDIAL	4	1.0	21
48.80254	6.85814	-48.35308	SAX_LV_ENDOCARDIAL	4	1.0	21
47.74030	4.64860	-46.97477	SAX_LV_ENDOCARDIAL	4	1.0	21
46.67805	2.43907	-45.59645	SAX_LV_ENDOCARDIAL	4	1.0	21
45.61581	0.22953	-44.21814	SAX_LV_ENDOCARDIAL	4	1.0	21
43.43973	-1.98001	-43.69825	SAX_LV_ENDOCARDIAL	4	1.0	21
41.26364	-4.18954	-43.17836	SAX_LV_ENDOCARDIAL	4	1.0	21
39.08755	-6.39908	-42.65847	SAX_LV_ENDOCARDIAL	4	1.0	21
36.91147	-8.60862	-42.13858	SAX_LV_ENDOCARDIAL	4	1.0	21
34.15266	-9.71339	-43.16627	SAX_LV_ENDOCARDIAL	4	1.0	21
30.86273	-11.92293	-43.50480	SAX_LV_ENDOCARDIAL	4	1.0	21
28.10392	-13.02770	-44.53249	SAX_LV_ENDOCARDIAL	4	1.0	21
25.34511	-14.13247	-45.56018	SAX_LV_ENDOCARDIAL	4	1.0	21
23.11742	-14.13247	-47.27702	SAX_LV_ENDOCARDIAL	4	1.0	21
20.35861	-15.23724	-48.30471	SAX_LV_ENDOCARDIAL	4	1.0	21
6.61617	-22.97063	-51.20642	RV_INSERT	4	1.0	21
-2.96542	5.75332	-87.15137	RV_INSERT	4	1.0	21
-23.40086	-30.60736	-95.19111	SAX_RV_FREEWALL	5	1.0	21
-25.09743	-29.50260	-97.59711	SAX_RV_FREEWALL	5	1.0	21
-25.14903	-27.29306	-99.83385	SAX_RV_FREEWALL	5	1.0	21
-22.97295	-25.08353	-100.35374	SAX_RV_FREEWALL	5	1.0	21
-20.79686	-22.87399	-100.87363	SAX_RV_FREEWALL	5	1.0	21
-18.62077	-20.66445	-101.39352	SAX_RV_FREEWALL	5	1.0	21
-15.33084	-18.45491	-101.05499	SAX_RV_FREEWALL	5	1.0	21
-12.04091	-16.24537	-100.71646	SAX_RV_FREEWALL	5	1.0	21
-8.75098	-14.03583	-100.37793	SAX_RV_FREEWALL	5	1.0	21
-5.46105	-11.82630	-100.03939	SAX_RV_FREEWALL	5	1.0	21
-2.17112	-9.61676	-99.70086	SAX_RV_FREEWALL	5	1.0	21
1.11881	-7.40722	-99.36233	SAX_RV_FREEWALL	5	1.0	21
3.87762	-6.30245	-98.33464	SAX_RV_FREEWALL	5	1.0	21
6.63643	-5.19768	-97.30695	SAX_RV_FREEWALL	5	1.0	21
9.39524	-4.09291	-96.27926	SAX_RV_FREEWALL	5	1.0	21
11.62293	-4.09290	-94.56242	SAX_RV_FREEWALL	5	1.0	21
11.55623	-25.08349	-73.74263	SAX_RV_FREEWALL	5	1.0	21
9.32854	-25.08349	-75.45948	SAX_RV_FREEWALL	5	1.0	21
7.10085	-25.08350	-77.17632	SAX_RV_FREEWALL	5	1.0	21
4.34204	-26.18827	-78.20401	SAX_RV_FREEWALL	5	1.0	21
2.11435	-26.18827	-79.92086	SAX_RV_FREEWALL	5	1.0	21
-0.64446	-27.29304	-80.94855	SAX_RV_FREEWALL	5	1.0	21
-2.87215	-27.29304	-82.66539	SAX_RV_FREEWALL	5	1.0	21
-5.63096	-28.39781	-83.69308	SAX_RV_FREEWALL	5	1.0	21
-7.85864	-28.39781	-85.40993	SAX_RV_FREEWALL	5	1.0	21
-10.61745	-29.50258	-86.43762	SAX_RV_FREEWALL	5	1.0	21
-13.37626	-30.60735	-87.46531	SAX_RV_FREEWALL	5	1.0	21
-15.60395	-30.60736	-89.18215	SAX_RV_FREEWALL	5	1.0	21
-17.83164	-30.60736	-90.89900	SAX_RV_FREEWALL	5	1.0	21
-20.05933	-30.60736	-92.61584	SAX_RV_FREEWALL	5	1.0	21
-22.28702	-30.60736	-94.33269	SAX_RV_FREEWALL	5	1.0	21
-23.88038	-33.92167	-92.26522	SAX_RV_EPICARDIAL	5	1.0	21
-25.57695	-32.81690	-94.67122	SAX_RV_EPICARDIAL	5	1.0	21
-27.27352	-31.71214	-97.07722	SAX_RV_EPICARDIAL	5	1.0	21
-27.85624	-30.60737	-98.62480	SAX_RV_EPICARDIAL	5	1.0	21
-27.90784	-28.39783	-100.86154	SAX_RV_EPICARDIAL	5	1.0	21
-26.84560	-26.18830	-102.23985	SAX_RV_EPICARDIAL	5	1.0	21
-24.66951	-23.97876	-102.75974	SAX_RV_EPICARDIAL	5	1.0	21
-22.49343	-21.76922	-103.27963	SAX_RV_EPICARDIAL	5	1.0	21
-19.20350	-19.55968	-102.94110	SAX_RV_EPICARDIAL	5	1.0	21
-17.02741	-17.35015	-103.46099	SAX_RV_EPICARDIAL	5	1.0	21
-13.73748	-15.14061	-103.12246	SAX_RV_EPICARDIAL	5	1.0	21
-10.44755	-12.93107	-102.78393	SAX_RV_EPICARDIAL	5	1.0	21
-7.15762	-10.72153	-102.44540	SAX_RV_EPICARDIAL	5	1.0	21
-3.86769	-8.51199	-102.10686	SAX_RV_EPICARDIAL	5	1.0	21
-1.10888	-7.40722	-101.07917	SAX_RV_EPICARDIAL	5	1.0	21
2.18105	-5.19768	-100.74064	SAX_RV_EPICARDIAL	5	1.0	21
4.93986	-4.09291	-99.71295	SAX_RV_EPICARDIAL	5	1.0	21
7.69867	-2.98814	-98.68526	SAX_RV_EPICARDIAL	5	1.0	21
10.45748	-1.88337	-97.65758	SAX_RV_EPICARDIAL	5	1.0	21
12.68517	-1.88337	-95.94073	SAX_RV_EPICARDIAL	5	1.0	21
14.91286	-1.88337	-94.22388	SAX_RV_EPICARDIAL	5	1.0	21
14.38173	-2.98813	-93.53473	SAX_RV_EPICARDIAL	5	1.0	21
15.42888	-23.97872	-71.85652	SAX_RV_EPICARDIAL	5	1.0	21
14.36664	-26.18826	-70.47821	SAX_RV_EPICARDIAL	5	1.0	21
11.60783	-27.29303	-71.50590	SAX_RV_EPICARDIAL	5	1.0	21
9.38014	-27.29303	-73.22274	SAX_RV_EPICARDIAL	5	1.0	21
7.15245	-27.29303	-74.93959	SAX_RV_EPICARDIAL	5	1.0	21
4.39364	-28.39780	-75.96728	SAX_RV_EPICARDIAL	5	1.0	21
2.16595	-28.39780	-77.68412	SAX_RV_EPICARDIAL	5	1.0	21
-0.06174	-28.39781	-79.40097	SAX_RV_EPICARDIAL	5	1.0	21
-2.82054	-29.50258	-80.42866	SAX_RV_EPICARDIAL	5	1.0	21
-5.57935	-30.60735	-81.45635	SAX_RV_EPICARDIAL	5	1.0	21
-8.33816	-31.71212	-82.48404	SAX_RV_EPICARDIAL	5	1.0	21
-10.56585	-31.71212	-84.20088	SAX_RV_EPICARDIAL	5	1.0	21
-13.32466	-32.81689	-85.22857	SAX_RV_EPICARDIAL	5	1.0	21
-15.55235	-32.81689	-86.94542	SAX_RV_EPICARDIAL	5	1.0	21
-18.31116	-33.92166	-87.97310	SAX_RV_EPICARDIAL	5	1.0	21
-20.53885	-33.92167	-89.68995	SAX_RV_EPICARDIAL	5	1.0	21
-22.76654	-33.92167	-91.40680	SAX_RV_EPICARDIAL	5	1.0	21
13.31949	-5.19767	-92.15641	SAX_RV_SEPTUM	5	1.0	21
12.25725	-7.40721	-90.77810	SAX_RV_SEPTUM	5	1.0	21
11.19501	-9.61674	-89.39979	SAX_RV_SEPTUM	5	1.0	21
10.13277	-11.82628	-88.02147	SAX_RV_SEPTUM	5	1.0	21
10.18437	-14.03582	-85.78474	SAX_RV_SEPTUM	5	1.0	21
11.34982	-16.24535	-82.68958	SAX_RV_SEPTUM	5	1.0	21
11.40142	-18.45488	-80.45284	SAX_RV_SEPTUM	5	1.0	21
12.56686	-20.66442	-77.35768	SAX_RV_SEPTUM	5	1.0	21
13.73231	-22.87395	-74.26252	SAX_RV_SEPTUM	5	1.0	21
14.31503	-23.97872	-72.71494	SAX_RV_SEPTUM	5	1.0	21
19.35313	-25.08348	-67.73367	SAX_LV_EPICARDIAL	5	1.0	21
17.65657	-23.97872	-70.13968	SAX_LV_EPICARDIAL	5	1.0	21
17.14054	-1.88336	-92.50704	SAX_LV_EPICARDIAL	5	1.0	21
19.31663	0.32617	-93.02693	SAX_LV_EPICARDIAL	5	1.0	21
21.49272	2.53571	-93.54682	SAX_LV_EPICARDIAL	5	1.0	21
24.78265	4.74525	-93.20829	SAX_LV_EPICARDIAL	5	1.0	21
27.54146	5.85002	-92.18060	SAX_LV_EPICARDIAL	5	1.0	21
30.30027	6.95479	-91.15291	SAX_LV_EPICARDIAL	5	1.0	21
33.05907	8.05956	-90.12522	SAX_LV_EPICARDIAL	5	1.0	21
35.28676	8.05956	-88.40838	SAX_LV_EPICARDIAL	5	1.0	21
38.04557	9.16434	-87.38069	SAX_LV_EPICARDIAL	5	1.0	21
40.27326	9.16434	-85.66384	SAX_LV_EPICARDIAL	5	1.0	21
42.50095	9.16434	-83.94699	SAX_LV_EPICARDIAL	5	1.0	21
44.19752	8.05957	-81.54099	SAX_LV_EPICARDIAL	5	1.0	21
46.42521	8.05958	-79.82415	SAX_LV_EPICARDIAL	5	1.0	21
48.65289	8.05958	-78.10730	SAX_LV_EPICARDIAL	5	1.0	21
50.34946	6.95481	-75.70130	SAX_LV_EPICARDIAL	5	1.0	21
52.57715	6.95481	-73.98445	SAX_LV_EPICARDIAL	5	1.0	21
53.74260	4.74528	-70.88929	SAX_LV_EPICARDIAL	5	1.0	21
54.90804	2.53575	-67.79414	SAX_LV_EPICARDIAL	5	1.0	21
54.95965	0.32621	-65.55740	SAX_LV_EPICARDIAL	5	1.0	21
55.01125	-1.88333	-63.32066	SAX_LV_EPICARDIAL	5	1.0	21
55.06285	-4.09286	-61.08393	SAX_LV_EPICARDIAL	5	1.0	21
54.00061	-6.30240	-59.70561	SAX_LV_EPICARDIAL	5	1.0	21
52.93837	-8.51193	-58.32730	SAX_LV_EPICARDIAL	5	1.0	21
51.87612	-10.72147	-56.94899	SAX_LV_EPICARDIAL	5	1.0	21
50.81388	-12.93101	-55.57067	SAX_LV_EPICARDIAL	5	1.0	21
48.63780	-15.14054	-55.05078	SAX_LV_EPICARDIAL	5	1.0	21
46.46171	-17.35008	-54.53089	SAX_LV_EPICARDIAL	5	1.0	21
44.28562	-19.55962	-54.01100	SAX_LV_EPICARDIAL	5	1.0	21
41.52681	-20.66439	-55.03869	SAX_LV_EPICARDIAL	5	1.0	21
38.23688	-22.87393	-55.37722	SAX_LV_EPICARDIAL	5	1.0	21
35.47808	-23.97870	-56.40491	SAX_LV_EPICARDIAL	5	1.0	21
33.25039	-23.97870	-58.12176	SAX_LV_EPICARDIAL	5	1.0	21
30.49158	-25.08347	-59.14945	SAX_LV_EPICARDIAL	5	1.0	21
28.26389	-25.08347	-60.86629	SAX_LV_EPICARDIAL	5	1.0	21
26.03620	-25.08348	-62.58314	SAX_LV_EPICARDIAL	5	1.0	21
23.80851	-25.08348	-64.29998	SAX_LV_EPICARDIAL	5	1.0	21
21.58082	-25.08348	-66.01683	SAX_LV_EPICARDIAL	5	1.0	21
24.23643	-19.55964	-69.46261	SAX_LV_ENDOCARDIAL	5	1.0	21
22.53986	-18.45487	-71.86861	SAX_LV_ENDOCARDIAL	5	1.0	21
20.84329	-17.35011	-74.27462	SAX_LV_ENDOCARDIAL	5	1.0	21
19.67785	-15.14057	-77.36978	SAX_LV_ENDOCARDIAL	5	1.0	21
17.98128	-14.03581	-79.77578	SAX_LV_ENDOCARDIAL	5	1.0	21
17.92968	-11.82627	-82.01251	SAX_LV_ENDOCARDIAL	5	1.0	21
17.87807	-9.61674	-84.24925	SAX_LV_ENDOCARDIAL	5	1.0	21
17.82647	-7.40720	-86.48599	SAX_LV_ENDOCARDIAL	5	1.0	21
18.88871	-5.19766	-87.86430	SAX_LV_ENDOCARDIAL	5	1.0	21
21.06480	-2.98813	-88.38419	SAX_LV_ENDOCARDIAL	5	1.0	21
23.24089	-0.77859	-88.90408	SAX_LV_ENDOCARDIAL	5	1.0	21
25.99970	0.32618	-87.87639	SAX_LV_ENDOCARDIAL	5	1.0	21
29.28963	2.53572	-87.53786	SAX_LV_ENDOCARDIAL	5	1.0	21
32.04844	3.64049	-86.51017	SAX_LV_ENDOCARDIAL	5	1.0	21
34.27612	3.64049	-84.79333	SAX_LV_ENDOCARDIAL	5	1.0	21
36.50381	3.64050	-83.07648	SAX_LV_ENDOCARDIAL	5	1.0	21
38.73150	3.64050	-81.35963	SAX_LV_ENDOCARDIAL	5	1.0	21
40.95919	3.64050	-79.64279	SAX_LV_ENDOCARDIAL	5	1.0	21
43.18688	3.64050	-77.92594	SAX_LV_ENDOCARDIAL	5	1.0	21
45.41457	3.64050	-76.20910	SAX_LV_ENDOCARDIAL	5	1.0	21
47.11113	2.53574	-73.80309	SAX_LV_ENDOCARDIAL	5	1.0	21
48.27658	0.32620	-70.70794	SAX_LV_ENDOCARDIAL	5	1.0	21
48.85930	-0.77856	-69.16036	SAX_LV_ENDOCARDIAL	5	1.0	21
48.91091	-2.98810	-66.92362	SAX_LV_ENDOCARDIAL	5	1.0	21
48.96251	-5.19763	-64.68688	SAX_LV_ENDOCARDIAL	5	1.0	21
47.90027	-7.40717	-63.30857	SAX_LV_ENDOCARDIAL	5	1.0	21
46.83802	-9.61671	-61.93026	SAX_LV_ENDOCARDIAL	5	1.0	21
44.66194	-11.82625	-61.41037	SAX_LV_ENDOCARDIAL	5	1.0	21
42.48585	-14.03578	-60.89048	SAX_LV_ENDOCARDIAL	5	1.0	21
39.19592	-16.24532	-61.22901	SAX_LV_ENDOCARDIAL	5	1.0	21
36.43711	-17.35009	-62.25670	SAX_LV_ENDOCARDIAL	5	1.0	21
33.67830	-18.45486	-63.28439	SAX_LV_ENDOCARDIAL	5	1.0	21
30.91949	-19.55963	-64.31207	SAX_LV_ENDOCARDIAL	5	1.0	21
28.69181	-19.55964	-66.02892	SAX_LV_ENDOCARDIAL	5	1.0	21
26.46412	-19.55964	-67.74577	SAX_LV_ENDOCARDIAL	5	1.0	21
11.62293	-4.09290	-94.56242	RV_INSERT	5	1.0	21
14.31503	-23.97872	-72.71494	RV_INSERT	5	1.0	21
9.28310	-28.30213	-100.74023	SAX_RV_FREEWALL	6	1.0	21
7.58653	-27.19736	-103.14623	SAX_RV_FREEWALL	6	1.0	21
5.88996	-26.09260	-105.55223	SAX_RV_FREEWALL	6	1.0	21
5.83836	-23.88306	-107.78897	SAX_RV_FREEWALL	6	1.0	21
6.90060	-21.67352	-109.16728	SAX_RV_FREEWALL	6	1.0	21
9.07669	-19.46399	-109.68717	SAX_RV_FREEWALL	6	1.0	21
11.83550	-18.35922	-108.65948	SAX_RV_FREEWALL	6	1.0	21
14.59431	-17.25444	-107.63179	SAX_RV_FREEWALL	6	1.0	21
17.35312	-16.14967	-106.60411	SAX_RV_FREEWALL	6	1.0	21
20.11193	-15.04490	-105.57642	SAX_RV_FREEWALL	6	1.0	21
17.61113	-27.19735	-95.42042	SAX_RV_FREEWALL	6	1.0	21
14.85232	-28.30212	-96.44811	SAX_RV_FREEWALL	6	1.0	21
12.62463	-28.30212	-98.16496	SAX_RV_FREEWALL	6	1.0	21
10.39694	-28.30213	-99.88180	SAX_RV_FREEWALL	6	1.0	21
7.10701	-30.51167	-100.22034	SAX_RV_EPICARDIAL	6	1.0	21
5.41044	-29.40690	-102.62634	SAX_RV_EPICARDIAL	6	1.0	21
3.71388	-28.30213	-105.03234	SAX_RV_EPICARDIAL	6	1.0	21
2.54843	-26.09260	-108.12750	SAX_RV_EPICARDIAL	6	1.0	21
2.49683	-23.88306	-110.36424	SAX_RV_EPICARDIAL	6	1.0	21
4.67291	-21.67353	-110.88413	SAX_RV_EPICARDIAL	6	1.0	21
6.84900	-19.46399	-111.40402	SAX_RV_EPICARDIAL	6	1.0	21
10.13893	-17.25445	-111.06549	SAX_RV_EPICARDIAL	6	1.0	21
12.89774	-16.14968	-110.03780	SAX_RV_EPICARDIAL	6	1.0	21
15.65655	-15.04491	-109.01011	SAX_RV_EPICARDIAL	6	1.0	21
17.88424	-15.04491	-107.29326	SAX_RV_EPICARDIAL	6	1.0	21
20.64305	-13.94014	-106.26557	SAX_RV_EPICARDIAL	6	1.0	21
23.40186	-12.83537	-105.23788	SAX_RV_EPICARDIAL	6	1.0	21
23.98458	-13.94013	-103.69030	SAX_RV_EPICARDIAL	6	1.0	21
20.42154	-28.30212	-92.15600	SAX_RV_EPICARDIAL	6	1.0	21
17.66273	-29.40689	-93.18369	SAX_RV_EPICARDIAL	6	1.0	21
15.43504	-29.40689	-94.90053	SAX_RV_EPICARDIAL	6	1.0	21
13.20735	-29.40689	-96.61738	SAX_RV_EPICARDIAL	6	1.0	21
10.44854	-30.51166	-97.64507	SAX_RV_EPICARDIAL	6	1.0	21
8.22086	-30.51166	-99.36191	SAX_RV_EPICARDIAL	6	1.0	21
22.87073	-13.94013	-104.54873	SAX_RV_SEPTUM	6	1.0	21
23.98458	-13.94013	-103.69030	SAX_RV_SEPTUM	6	1.0	21
22.92234	-16.14967	-102.31199	SAX_RV_SEPTUM	6	1.0	21
21.86010	-18.35921	-100.93368	SAX_RV_SEPTUM	6	1.0	21
21.91170	-20.56874	-98.69694	SAX_RV_SEPTUM	6	1.0	21
20.84946	-22.77828	-97.31863	SAX_RV_SEPTUM	6	1.0	21
20.90106	-24.98781	-95.08189	SAX_RV_SEPTUM	6	1.0	21
20.36994	-26.09258	-94.39273	SAX_RV_SEPTUM	6	1.0	21
28.27005	-30.51164	-83.91030	SAX_LV_EPICARDIAL	6	1.0	21
26.57348	-29.40688	-86.31631	SAX_LV_EPICARDIAL	6	1.0	21
24.87692	-28.30211	-88.72231	SAX_LV_EPICARDIAL	6	1.0	21
23.18035	-27.19735	-91.12831	SAX_LV_EPICARDIAL	6	1.0	21
30.56444	-9.52105	-103.01324	SAX_LV_EPICARDIAL	6	1.0	21
33.32325	-8.41628	-101.98555	SAX_LV_EPICARDIAL	6	1.0	21
36.08206	-7.31151	-100.95786	SAX_LV_EPICARDIAL	6	1.0	21
38.84087	-6.20674	-99.93017	SAX_LV_EPICARDIAL	6	1.0	21
41.06856	-6.20674	-98.21333	SAX_LV_EPICARDIAL	6	1.0	21
43.29624	-6.20674	-96.49648	SAX_LV_EPICARDIAL	6	1.0	21
45.52393	-6.20674	-94.77964	SAX_LV_EPICARDIAL	6	1.0	21
47.22050	-7.31150	-92.37363	SAX_LV_EPICARDIAL	6	1.0	21
48.91707	-8.41627	-89.96763	SAX_LV_EPICARDIAL	6	1.0	21
50.61364	-9.52103	-87.56163	SAX_LV_EPICARDIAL	6	1.0	21
50.66524	-11.73057	-85.32489	SAX_LV_EPICARDIAL	6	1.0	21
50.71684	-13.94011	-83.08816	SAX_LV_EPICARDIAL	6	1.0	21
49.65460	-16.14964	-81.70984	SAX_LV_EPICARDIAL	6	1.0	21
49.70620	-18.35918	-79.47311	SAX_LV_EPICARDIAL	6	1.0	21
48.64396	-20.56871	-78.09479	SAX_LV_EPICARDIAL	6	1.0	21
46.46787	-22.77825	-77.57490	SAX_LV_EPICARDIAL	6	1.0	21
44.29179	-24.98779	-77.05501	SAX_LV_EPICARDIAL	6	1.0	21
41.00186	-27.19733	-77.39354	SAX_LV_EPICARDIAL	6	1.0	21
38.24305	-28.30210	-78.42123	SAX_LV_EPICARDIAL	6	1.0	21
35.48424	-29.40687	-79.44892	SAX_LV_EPICARDIAL	6	1.0	21
32.72543	-30.51164	-80.47661	SAX_LV_EPICARDIAL	6	1.0	21
30.49774	-30.51164	-82.19346	SAX_LV_EPICARDIAL	6	1.0	21
29.81181	-24.98780	-88.21451	SAX_LV_ENDOCARDIAL	6	1.0	21
28.11524	-23.88304	-90.62051	SAX_LV_ENDOCARDIAL	6	1.0	21
28.06364	-21.67350	-92.85725	SAX_LV_ENDOCARDIAL	6	1.0	21
26.89820	-19.46397	-95.95241	SAX_LV_ENDOCARDIAL	6	1.0	21
27.96044	-17.25443	-97.33072	SAX_LV_ENDOCARDIAL	6	1.0	21
29.02268	-15.04489	-98.70903	SAX_LV_ENDOCARDIAL	6	1.0	21
31.19877	-12.83536	-99.22892	SAX_LV_ENDOCARDIAL	6	1.0	21
34.48870	-10.62582	-98.89039	SAX_LV_ENDOCARDIAL	6	1.0	21
37.24750	-9.52105	-97.86270	SAX_LV_ENDOCARDIAL	6	1.0	21
39.47519	-9.52105	-96.14586	SAX_LV_ENDOCARDIAL	6	1.0	21
41.70288	-9.52104	-94.42901	SAX_LV_ENDOCARDIAL	6	1.0	21
43.39945	-10.62581	-92.02301	SAX_LV_ENDOCARDIAL	6	1.0	21
45.09602	-11.73058	-89.61701	SAX_LV_ENDOCARDIAL	6	1.0	21
45.14762	-13.94011	-87.38027	SAX_LV_ENDOCARDIAL	6	1.0	21
45.19922	-16.14965	-85.14353	SAX_LV_ENDOCARDIAL	6	1.0	21
44.13698	-18.35918	-83.76522	SAX_LV_ENDOCARDIAL	6	1.0	21
43.07474	-20.56872	-82.38691	SAX_LV_ENDOCARDIAL	6	1.0	21
40.89865	-22.77826	-81.86702	SAX_LV_ENDOCARDIAL	6	1.0	21
39.25369	-23.88303	-82.03628	SAX_LV_ENDOCARDIAL	6	1.0	21
36.49488	-24.98780	-83.06397	SAX_LV_ENDOCARDIAL	6	1.0	21
34.26719	-24.98780	-84.78082	SAX_LV_ENDOCARDIAL	6	1.0	21
32.03950	-24.98780	-86.49766	SAX_LV_ENDOCARDIAL	6	1.0	21
22.87073	-13.94013	-104.54873	RV_INSERT	6	1.0	21
20.36994	-26.09258	-94.39273	RV_INSERT	6	1.0	21
9.26390	18.11540	-18.50498	LAX_LV_ENDOCARDIAL	9	1.0	21
11.06669	15.94707	-19.89637	LAX_LV_ENDOCARDIAL	9	1.0	21
12.81444	13.74358	-19.88302	LAX_LV_ENDOCARDIAL	9	1.0	21
14.61723	11.57524	-21.27441	LAX_LV_ENDOCARDIAL	9	1.0	21
16.42002	9.40691	-22.66580	LAX_LV_ENDOCARDIAL	9	1.0	21
18.16777	7.20342	-22.65245	LAX_LV_ENDOCARDIAL	9	1.0	21
19.91551	4.99994	-22.63911	LAX_LV_ENDOCARDIAL	9	1.0	21
21.66326	2.79645	-22.62576	LAX_LV_ENDOCARDIAL	9	1.0	21
23.46605	0.62811	-24.01715	LAX_LV_ENDOCARDIAL	9	1.0	21
25.21380	-1.57537	-24.00380	LAX_LV_ENDOCARDIAL	9	1.0	21
27.01659	-3.74371	-25.39519	LAX_LV_ENDOCARDIAL	9	1.0	21
28.87443	-5.87689	-28.19131	LAX_LV_ENDOCARDIAL	9	1.0	21
29.85839	-6.90833	-30.99410	LAX_LV_ENDOCARDIAL	9	1.0	21
31.71622	-9.04151	-33.79022	LAX_LV_ENDOCARDIAL	9	1.0	21
31.82631	-8.97121	-36.59968	LAX_LV_ENDOCARDIAL	9	1.0	21
32.81028	-10.00265	-39.40248	LAX_LV_ENDOCARDIAL	9	1.0	21
33.79424	-11.03409	-42.20527	LAX_LV_ENDOCARDIAL	9	1.0	21
34.77820	-12.06553	-45.00806	LAX_LV_ENDOCARDIAL	9	1.0	21
35.76216	-13.09697	-47.81085	LAX_LV_ENDOCARDIAL	9	1.0	21
35.87225	-13.02667	-50.62032	LAX_LV_ENDOCARDIAL	9	1.0	21
36.85621	-14.05811	-53.42311	LAX_LV_ENDOCARDIAL	9	1.0	21
37.84018	-15.08954	-56.22590	LAX_LV_ENDOCARDIAL	9	1.0	21
38.82414	-16.12098	-59.02870	LAX_LV_ENDOCARDIAL	9	1.0	21
39.80810	-17.15242	-61.83149	LAX_LV_ENDOCARDIAL	9	1.0	21
39.91819	-17.08212	-64.64095	LAX_LV_ENDOCARDIAL	9	1.0	21
40.90215	-18.11356	-67.44375	LAX_LV_ENDOCARDIAL	9	1.0	21
41.01224	-18.04326	-70.25321	LAX_LV_ENDOCARDIAL	9	1.0	21
41.99620	-19.07470	-73.05600	LAX_LV_ENDOCARDIAL	9	1.0	21
42.10629	-19.00439	-75.86547	LAX_LV_ENDOCARDIAL	9	1.0	21
43.09026	-20.03583	-78.66826	LAX_LV_ENDOCARDIAL	9	1.0	21
43.20035	-19.96553	-81.47773	LAX_LV_ENDOCARDIAL	9	1.0	21
43.31043	-19.89522	-84.28719	LAX_LV_ENDOCARDIAL	9	1.0	21
43.42052	-19.82492	-87.09666	LAX_LV_ENDOCARDIAL	9	1.0	21
42.65674	-18.65287	-89.91280	LAX_LV_ENDOCARDIAL	9	1.0	21
42.76683	-18.58257	-92.72226	LAX_LV_ENDOCARDIAL	9	1.0	21
42.00304	-17.41052	-95.53840	LAX_LV_ENDOCARDIAL	9	1.0	21
41.23926	-16.23848	-98.35454	LAX_LV_ENDOCARDIAL	9	1.0	21
39.54656	-13.99984	-99.77262	LAX_LV_ENDOCARDIAL	9	1.0	21
37.79881	-11.79635	-99.78596	LAX_LV_ENDOCARDIAL	9	1.0	21
35.99602	-9.62801	-98.39458	LAX_LV_ENDOCARDIAL	9	1.0	21
34.19323	-7.45968	-97.00319	LAX_LV_ENDOCARDIAL	9	1.0	21
32.39044	-5.29134	-95.61180	LAX_LV_ENDOCARDIAL	9	1.0	21
30.58765	-3.12301	-94.22041	LAX_LV_ENDOCARDIAL	9	1.0	21
28.78486	-0.95467	-92.82903	LAX_LV_ENDOCARDIAL	9	1.0	21
26.98206	1.21366	-91.43764	LAX_LV_ENDOCARDIAL	9	1.0	21
25.17927	3.38200	-90.04625	LAX_LV_ENDOCARDIAL	9	1.0	21
23.43153	5.58548	-90.05960	LAX_LV_ENDOCARDIAL	9	1.0	21
21.62874	7.75382	-88.66821	LAX_LV_ENDOCARDIAL	9	1.0	21
19.82594	9.92215	-87.27683	LAX_LV_ENDOCARDIAL	9	1.0	21
18.02315	12.09049	-85.88544	LAX_LV_ENDOCARDIAL	9	1.0	21
16.27541	14.29397	-85.89879	LAX_LV_ENDOCARDIAL	9	1.0	21
14.47262	16.46231	-84.50740	LAX_LV_ENDOCARDIAL	9	1.0	21
12.66982	18.63064	-83.11601	LAX_LV_ENDOCARDIAL	9	1.0	21
10.86703	20.79898	-81.72462	LAX_LV_ENDOCARDIAL	9	1.0	21
9.06424	22.96731	-80.33324	LAX_LV_ENDOCARDIAL	9	1.0	21
7.20641	25.10050	-77.53712	LAX_LV_ENDOCARDIAL	9	1.0	21
5.40362	27.26883	-76.14573	LAX_LV_ENDOCARDIAL	9	1.0	21
3.60082	29.43717	-74.75434	LAX_LV_ENDOCARDIAL	9	1.0	21
1.74299	31.57035	-71.95822	LAX_LV_ENDOCARDIAL	9	1.0	21
0.75903	32.60179	-69.15543	LAX_LV_ENDOCARDIAL	9	1.0	21
-0.22494	33.63323	-66.35264	LAX_LV_ENDOCARDIAL	9	1.0	21
-1.20890	34.66467	-63.54985	LAX_LV_ENDOCARDIAL	9	1.0	21
-3.06673	36.79785	-60.75373	LAX_LV_ENDOCARDIAL	9	1.0	21
-4.05070	37.82929	-57.95094	LAX_LV_ENDOCARDIAL	9	1.0	21
8.39003	19.21714	-18.51165	LAX_LV_ENDOCARDIAL	9	1.0	21
17.78246	6.95736	-12.81932	LAX_LV_EPICARDIAL	9	1.0	21
19.58525	4.78902	-14.21071	LAX_LV_EPICARDIAL	9	1.0	21
21.38804	2.62069	-15.60210	LAX_LV_EPICARDIAL	9	1.0	21
23.13578	0.41720	-15.58875	LAX_LV_EPICARDIAL	9	1.0	21
24.93858	-1.75113	-16.98014	LAX_LV_EPICARDIAL	9	1.0	21
26.74137	-3.91947	-18.37152	LAX_LV_EPICARDIAL	9	1.0	21
28.54416	-6.08780	-19.76291	LAX_LV_EPICARDIAL	9	1.0	21
30.40199	-8.22099	-22.55903	LAX_LV_EPICARDIAL	9	1.0	21
32.25983	-10.35417	-25.35515	LAX_LV_EPICARDIAL	9	1.0	21
34.11767	-12.48735	-28.15127	LAX_LV_EPICARDIAL	9	1.0	21
35.10163	-13.51879	-30.95406	LAX_LV_EPICARDIAL	9	1.0	21
36.08559	-14.55023	-33.75685	LAX_LV_EPICARDIAL	9	1.0	21
37.06955	-15.58167	-36.55965	LAX_LV_EPICARDIAL	9	1.0	21
38.05352	-16.61311	-39.36244	LAX_LV_EPICARDIAL	9	1.0	21
39.03748	-17.64455	-42.16523	LAX_LV_EPICARDIAL	9	1.0	21
40.02144	-18.67599	-44.96802	LAX_LV_EPICARDIAL	9	1.0	21
40.13153	-18.60569	-47.77749	LAX_LV_EPICARDIAL	9	1.0	21
41.11549	-19.63713	-50.58028	LAX_LV_EPICARDIAL	9	1.0	21
42.09945	-20.66857	-53.38307	LAX_LV_EPICARDIAL	9	1.0	21
43.08342	-21.70001	-56.18587	LAX_LV_EPICARDIAL	9	1.0	21
44.06738	-22.73145	-58.98866	LAX_LV_EPICARDIAL	9	1.0	21
44.17747	-22.66114	-61.79812	LAX_LV_EPICARDIAL	9	1.0	21
45.16143	-23.69258	-64.60092	LAX_LV_EPICARDIAL	9	1.0	21
45.27152	-23.62228	-67.41038	LAX_LV_EPICARDIAL	9	1.0	21
46.25548	-24.65372	-70.21317	LAX_LV_EPICARDIAL	9	1.0	21
46.36557	-24.58341	-73.02264	LAX_LV_EPICARDIAL	9	1.0	21
46.47566	-24.51311	-75.83211	LAX_LV_EPICARDIAL	9	1.0	21
46.58575	-24.44281	-78.64157	LAX_LV_EPICARDIAL	9	1.0	21
46.69584	-24.37250	-81.45104	LAX_LV_EPICARDIAL	9	1.0	21
46.80593	-24.30220	-84.26050	LAX_LV_EPICARDIAL	9	1.0	21
46.04214	-23.13015	-87.07664	LAX_LV_EPICARDIAL	9	1.0	21
46.15223	-23.05985	-89.88610	LAX_LV_EPICARDIAL	9	1.0	21
45.38845	-21.88780	-92.70224	LAX_LV_EPICARDIAL	9	1.0	21
44.62466	-20.71575	-95.51838	LAX_LV_EPICARDIAL	9	1.0	21
43.86088	-19.54371	-98.33452	LAX_LV_EPICARDIAL	9	1.0	21
43.09710	-18.37166	-101.15066	LAX_LV_EPICARDIAL	9	1.0	21
42.33331	-17.19961	-103.96680	LAX_LV_EPICARDIAL	9	1.0	21
40.58556	-14.99612	-103.98014	LAX_LV_EPICARDIAL	9	1.0	21
38.89286	-12.75749	-105.39822	LAX_LV_EPICARDIAL	9	1.0	21
37.09007	-10.58915	-104.00683	LAX_LV_EPICARDIAL	9	1.0	21
35.34233	-8.38566	-104.02018	LAX_LV_EPICARDIAL	9	1.0	21
33.53953	-6.21733	-102.62879	LAX_LV_EPICARDIAL	9	1.0	21
31.73674	-4.04899	-101.23741	LAX_LV_EPICARDIAL	9	1.0	21
29.93395	-1.88066	-99.84602	LAX_LV_EPICARDIAL	9	1.0	21
28.18621	0.32283	-99.85936	LAX_LV_EPICARDIAL	9	1.0	21
26.38341	2.49116	-98.46798	LAX_LV_EPICARDIAL	9	1.0	21
24.58062	4.65950	-97.07659	LAX_LV_EPICARDIAL	9	1.0	21
22.83288	6.86299	-97.08994	LAX_LV_EPICARDIAL	9	1.0	21
21.03009	9.03132	-95.69855	LAX_LV_EPICARDIAL	9	1.0	21
19.28234	11.23481	-95.71189	LAX_LV_EPICARDIAL	9	1.0	21
17.47955	13.40314	-94.32051	LAX_LV_EPICARDIAL	9	1.0	21
15.67676	15.57148	-92.92912	LAX_LV_EPICARDIAL	9	1.0	21
13.92901	17.77496	-92.94247	LAX_LV_EPICARDIAL	9	1.0	21
12.12622	19.94330	-91.55108	LAX_LV_EPICARDIAL	9	1.0	21
10.32343	22.11163	-90.15969	LAX_LV_EPICARDIAL	9	1.0	21
8.52064	24.27997	-88.76831	LAX_LV_EPICARDIAL	9	1.0	21
6.71785	26.44830	-87.37692	LAX_LV_EPICARDIAL	9	1.0	21
4.91505	28.61664	-85.98553	LAX_LV_EPICARDIAL	9	1.0	21
3.05722	30.74982	-83.18941	LAX_LV_EPICARDIAL	9	1.0	21
1.25443	32.91816	-81.79803	LAX_LV_EPICARDIAL	9	1.0	21
-0.54836	35.08649	-80.40664	LAX_LV_EPICARDIAL	9	1.0	21
-2.40620	37.21968	-77.61052	LAX_LV_EPICARDIAL	9	1.0	21
-4.26403	39.35286	-74.81440	LAX_LV_EPICARDIAL	9	1.0	21
-6.12187	41.48604	-72.01828	LAX_LV_EPICARDIAL	9	1.0	21
-7.10583	42.51748	-69.21549	LAX_LV_EPICARDIAL	9	1.0	21
-7.21592	42.44718	-66.40602	LAX_LV_EPICARDIAL	9	1.0	21
-8.19988	43.47862	-63.60323	LAX_LV_EPICARDIAL	9	1.0	21
-8.30997	43.40831	-60.79377	LAX_LV_EPICARDIAL	9	1.0	21
-7.54619	42.23627	-57.97763	LAX_LV_EPICARDIAL	9	1.0	21
-5.85349	39.99763	-56.55955	LAX_LV_EPICARDIAL	9	1.0	21
7.40607	20.24858	-15.70886	LAX_LV_EPICARDIAL	9	1.0	21
9.09877	18.00994	-14.29078	LAX_LV_EPICARDIAL	9	1.0	21
10.79147	15.77131	-12.87271	LAX_LV_EPICARDIAL	9	1.0	21
12.53922	13.56782	-12.85936	LAX_LV_EPICARDIAL	9	1.0	21
14.28696	11.36433	-12.84601	LAX_LV_EPICARDIAL	9	1.0	21
16.03471	9.16085	-12.83267	LAX_LV_EPICARDIAL	9	1.0	21
5.71336	22.48722	-17.12694	MITRAL_VALVE	9	1.0	21
-4.21583	37.72384	-53.73674	MITRAL_VALVE	9	1.0	21
-31.94176	-10.52195	-0.97588	LAX_RV_FREEWALL	8	1.0	1.0
-30.69571	-13.23885	-3.60002	LAX_RV_FREEWALL	8	1.0	1.0
-29.17074	-14.59730	-5.99100	LAX_RV_FREEWALL	8	1.0	1.0
-27.64577	-15.95575	-8.38198	LAX_RV_FREEWALL	8	1.0	1.0
-26.12080	-17.31420	-10.77296	LAX_RV_FREEWALL	8	1.0	1.0
-24.31692	-17.31420	-12.93077	LAX_RV_FREEWALL	8	1.0	1.0
-22.79195	-18.67265	-15.32175	LAX_RV_FREEWALL	8	1.0	1.0
-21.54590	-21.38955	-17.94589	LAX_RV_FREEWALL	8	1.0	1.0
-20.02093	-22.74800	-20.33687	LAX_RV_FREEWALL	8	1.0	1.0
-18.21705	-22.74800	-22.49469	LAX_RV_FREEWALL	8	1.0	1.0
-16.69208	-24.10645	-24.88567	LAX_RV_FREEWALL	8	1.0	1.0
-14.88820	-24.10646	-27.04349	LAX_RV_FREEWALL	8	1.0	1.0
-13.08432	-24.10646	-29.20131	LAX_RV_FREEWALL	8	1.0	1.0
-11.28044	-24.10646	-31.35912	LAX_RV_FREEWALL	8	1.0	1.0
-9.47655	-24.10646	-33.51694	LAX_RV_FREEWALL	8	1.0	1.0
-7.67267	-24.10646	-35.67476	LAX_RV_FREEWALL	8	1.0	1.0
-5.86879	-24.10646	-37.83258	LAX_RV_FREEWALL	8	1.0	1.0
-4.06491	-24.10647	-39.99039	LAX_RV_FREEWALL	8	1.0	1.0
-2.26103	-24.10647	-42.14821	LAX_RV_FREEWALL	8	1.0	1.0
-0.45715	-24.10647	-44.30603	LAX_RV_FREEWALL	8	1.0	1.0
1.06782	-25.46492	-46.69701	LAX_RV_FREEWALL	8	1.0	1.0
2.87170	-25.46492	-48.85483	LAX_RV_FREEWALL	8	1.0	1.0
4.67558	-25.46492	-51.01264	LAX_RV_FREEWALL	8	1.0	1.0
6.75838	-24.10648	-52.93730	LAX_RV_FREEWALL	8	1.0	1.0
-13.62404	-9.16352	-22.32089	LAX_RV_FREEWALL	8	1.0	1.0
-15.42792	-9.16352	-20.16307	LAX_RV_FREEWALL	8	1.0	1.0
-17.23180	-9.16351	-18.00526	LAX_RV_FREEWALL	8	1.0	1.0
-19.03568	-9.16351	-15.84744	LAX_RV_FREEWALL	8	1.0	1.0
-20.56065	-7.80506	-13.45646	LAX_RV_FREEWALL	8	1.0	1.0
-22.36453	-7.80506	-11.29864	LAX_RV_FREEWALL	8	1.0	1.0
-24.16841	-7.80506	-9.14082	LAX_RV_FREEWALL	8	1.0	1.0
-25.97229	-7.80506	-6.98301	LAX_RV_FREEWALL	8	1.0	1.0
-27.77618	-7.80506	-4.82519	LAX_RV_FREEWALL	8	1.0	1.0
-29.58006	-7.80505	-2.66737	LAX_RV_FREEWALL	8	1.0	1.0
-31.66285	-9.16350	-0.74272	LAX_RV_FREEWALL	8	1.0	1.0
-34.02456	-11.88040	0.94878	LAX_RV_EPICARDIAL	8	1.0	1.0
-32.77850	-14.59730	-1.67536	LAX_RV_EPICARDIAL	8	1.0	1.0
-31.25353	-15.95575	-4.06634	LAX_RV_EPICARDIAL	8	1.0	1.0
-29.72857	-17.31420	-6.45732	LAX_RV_EPICARDIAL	8	1.0	1.0
-28.20360	-18.67265	-8.84830	LAX_RV_EPICARDIAL	8	1.0	1.0
-26.67863	-20.03110	-11.23928	LAX_RV_EPICARDIAL	8	1.0	1.0
-25.15366	-21.38955	-13.63026	LAX_RV_EPICARDIAL	8	1.0	1.0
-23.90760	-24.10645	-16.25440	LAX_RV_EPICARDIAL	8	1.0	1.0
-22.38264	-25.46490	-18.64538	LAX_RV_EPICARDIAL	8	1.0	1.0
-20.85767	-26.82335	-21.03636	LAX_RV_EPICARDIAL	8	1.0	1.0
-19.05379	-26.82335	-23.19418	LAX_RV_EPICARDIAL	8	1.0	1.0
-17.24991	-26.82335	-25.35199	LAX_RV_EPICARDIAL	8	1.0	1.0
-15.72494	-28.18180	-27.74297	LAX_RV_EPICARDIAL	8	1.0	1.0
-13.92106	-28.18180	-29.90079	LAX_RV_EPICARDIAL	8	1.0	1.0
-11.83826	-26.82336	-31.82545	LAX_RV_EPICARDIAL	8	1.0	1.0
-10.03438	-26.82336	-33.98326	LAX_RV_EPICARDIAL	8	1.0	1.0
-8.23050	-26.82336	-36.14108	LAX_RV_EPICARDIAL	8	1.0	1.0
-6.42662	-26.82336	-38.29890	LAX_RV_EPICARDIAL	8	1.0	1.0
-4.62274	-26.82336	-40.45672	LAX_RV_EPICARDIAL	8	1.0	1.0
-2.81886	-26.82337	-42.61453	LAX_RV_EPICARDIAL	8	1.0	1.0
-1.01497	-26.82337	-44.77235	LAX_RV_EPICARDIAL	8	1.0	1.0
0.78891	-26.82337	-46.93017	LAX_RV_EPICARDIAL	8	1.0	1.0
2.59279	-26.82337	-49.08799	LAX_RV_EPICARDIAL	8	1.0	1.0
4.39667	-26.82337	-51.24580	LAX_RV_EPICARDIAL	8	1.0	1.0
6.47946	-25.46493	-53.17046	LAX_RV_EPICARDIAL	8	1.0	1.0
8.28334	-25.46493	-55.32828	LAX_RV_EPICARDIAL	8	1.0	1.0
9.46420	-24.10648	-56.17402	LAX_RV_EPICARDIAL	8	1.0	1.0
-12.78730	-5.08817	-21.62140	LAX_RV_EPICARDIAL	8	1.0	1.0
-14.31227	-3.72972	-19.23043	LAX_RV_EPICARDIAL	8	1.0	1.0
-16.39506	-5.08817	-17.30577	LAX_RV_EPICARDIAL	8	1.0	1.0
-18.19894	-5.08817	-15.14795	LAX_RV_EPICARDIAL	8	1.0	1.0
-20.00283	-5.08816	-12.99013	LAX_RV_EPICARDIAL	8	1.0	1.0
-21.52779	-3.72971	-10.59916	LAX_RV_EPICARDIAL	8	1.0	1.0
-23.33168	-3.72971	-8.44134	LAX_RV_EPICARDIAL	8	1.0	1.0
-25.41447	-5.08816	-6.51668	LAX_RV_EPICARDIAL	8	1.0	1.0
-27.21835	-5.08816	-4.35886	LAX_RV_EPICARDIAL	8	1.0	1.0
-29.30114	-6.44660	-2.43421	LAX_RV_EPICARDIAL	8	1.0	1.0
-31.10503	-6.44660	-0.27639	LAX_RV_EPICARDIAL	8	1.0	1.0
-33.46673	-9.16350	1.41510	LAX_RV_EPICARDIAL	8	1.0	1.0
8.84117	-22.74803	-54.86195	LAX_RV_SEPTUM	8	1.0	1.0
7.31620	-21.38958	-52.47097	LAX_RV_SEPTUM	8	1.0	1.0
5.79123	-20.03113	-50.08000	LAX_RV_SEPTUM	8	1.0	1.0
4.26627	-18.67268	-47.68902	LAX_RV_SEPTUM	8	1.0	1.0
2.74130	-17.31423	-45.29804	LAX_RV_SEPTUM	8	1.0	1.0
1.21633	-15.95578	-42.90706	LAX_RV_SEPTUM	8	1.0	1.0
-0.30864	-14.59733	-40.51608	LAX_RV_SEPTUM	8	1.0	1.0
-2.11252	-14.59733	-38.35826	LAX_RV_SEPTUM	8	1.0	1.0
-3.63749	-13.23887	-35.96728	LAX_RV_SEPTUM	8	1.0	1.0
-5.16246	-11.88042	-33.57630	LAX_RV_SEPTUM	8	1.0	1.0
-6.68743	-10.52197	-31.18532	LAX_RV_SEPTUM	8	1.0	1.0
-8.49131	-10.52197	-29.02750	LAX_RV_SEPTUM	8	1.0	1.0
-10.01628	-9.16352	-26.63653	LAX_RV_SEPTUM	8	1.0	1.0
-11.82016	-9.16352	-24.47871	LAX_RV_SEPTUM	8	1.0	1.0
-11.26233	-6.44662	-24.01238	LAX_LV_EPICARDIAL	8	1.0	1.0
11.26808	-24.10648	-58.33184	LAX_LV_EPICARDIAL	8	1.0	1.0
13.07196	-24.10648	-60.48966	LAX_LV_EPICARDIAL	8	1.0	1.0
14.87584	-24.10648	-62.64748	LAX_LV_EPICARDIAL	8	1.0	1.0
16.67972	-24.10649	-64.80529	LAX_LV_EPICARDIAL	8	1.0	1.0
18.20469	-25.46494	-67.19627	LAX_LV_EPICARDIAL	8	1.0	1.0
20.00857	-25.46494	-69.35409	LAX_LV_EPICARDIAL	8	1.0	1.0
21.53354	-26.82339	-71.74507	LAX_LV_EPICARDIAL	8	1.0	1.0
23.33742	-26.82339	-73.90289	LAX_LV_EPICARDIAL	8	1.0	1.0
24.86239	-28.18184	-76.29387	LAX_LV_EPICARDIAL	8	1.0	1.0
26.66627	-28.18184	-78.45169	LAX_LV_EPICARDIAL	8	1.0	1.0
28.47015	-28.18184	-80.60950	LAX_LV_EPICARDIAL	8	1.0	1.0
30.27403	-28.18185	-82.76732	LAX_LV_EPICARDIAL	8	1.0	1.0
32.07792	-28.18185	-84.92514	LAX_LV_EPICARDIAL	8	1.0	1.0
33.88180	-28.18185	-87.08296	LAX_LV_EPICARDIAL	8	1.0	1.0
35.96459	-26.82340	-89.00761	LAX_LV_EPICARDIAL	8	1.0	1.0
37.76847	-26.82340	-91.16543	LAX_LV_EPICARDIAL	8	1.0	1.0
39.85127	-25.46496	-93.09008	LAX_LV_EPICARDIAL	8	1.0	1.0
42.21297	-22.74806	-94.78158	LAX_LV_EPICARDIAL	8	1.0	1.0
43.67274	-20.03117	-95.39416	LAX_LV_EPICARDIAL	8	1.0	1.0
45.13251	-17.31427	-96.00675	LAX_LV_EPICARDIAL	8	1.0	1.0
46.59227	-14.59737	-96.61933	LAX_LV_EPICARDIAL	8	1.0	1.0
47.15010	-11.88047	-96.15301	LAX_LV_EPICARDIAL	8	1.0	1.0
47.70792	-9.16358	-95.68669	LAX_LV_EPICARDIAL	8	1.0	1.0
47.36381	-6.44668	-94.14145	LAX_LV_EPICARDIAL	8	1.0	1.0
47.01969	-3.72978	-92.59622	LAX_LV_EPICARDIAL	8	1.0	1.0
46.67558	-1.01288	-91.05099	LAX_LV_EPICARDIAL	8	1.0	1.0
45.42952	1.70402	-88.42685	LAX_LV_EPICARDIAL	8	1.0	1.0
45.08541	4.42092	-86.88161	LAX_LV_EPICARDIAL	8	1.0	1.0
44.74129	7.13781	-85.33638	LAX_LV_EPICARDIAL	8	1.0	1.0
44.39718	9.85471	-83.79115	LAX_LV_EPICARDIAL	8	1.0	1.0
44.05306	12.57161	-82.24592	LAX_LV_EPICARDIAL	8	1.0	1.0
43.70895	15.28851	-80.70068	LAX_LV_EPICARDIAL	8	1.0	1.0
43.36483	18.00541	-79.15545	LAX_LV_EPICARDIAL	8	1.0	1.0
43.02072	20.72231	-77.61022	LAX_LV_EPICARDIAL	8	1.0	1.0
42.67660	23.43920	-76.06499	LAX_LV_EPICARDIAL	8	1.0	1.0
41.43055	26.15610	-73.44084	LAX_LV_EPICARDIAL	8	1.0	1.0
41.08643	28.87300	-71.89561	LAX_LV_EPICARDIAL	8	1.0	1.0
40.74232	31.58990	-70.35038	LAX_LV_EPICARDIAL	8	1.0	1.0
40.39820	34.30680	-68.80515	LAX_LV_EPICARDIAL	8	1.0	1.0
39.15215	37.02370	-66.18101	LAX_LV_EPICARDIAL	8	1.0	1.0
38.80803	39.74060	-64.63577	LAX_LV_EPICARDIAL	8	1.0	1.0
37.56198	42.45750	-62.01163	LAX_LV_EPICARDIAL	8	1.0	1.0
36.03701	43.81595	-59.62065	LAX_LV_EPICARDIAL	8	1.0	1.0
34.51204	45.17440	-57.22967	LAX_LV_EPICARDIAL	8	1.0	1.0
33.26598	47.89130	-54.60553	LAX_LV_EPICARDIAL	8	1.0	1.0
31.74102	49.24975	-52.21455	LAX_LV_EPICARDIAL	8	1.0	1.0
29.93713	49.24975	-50.05674	LAX_LV_EPICARDIAL	8	1.0	1.0
28.41217	50.60820	-47.66576	LAX_LV_EPICARDIAL	8	1.0	1.0
26.88720	51.96665	-45.27478	LAX_LV_EPICARDIAL	8	1.0	1.0
25.08332	51.96665	-43.11696	LAX_LV_EPICARDIAL	8	1.0	1.0
23.27943	51.96665	-40.95914	LAX_LV_EPICARDIAL	8	1.0	1.0
21.47555	51.96665	-38.80132	LAX_LV_EPICARDIAL	8	1.0	1.0
19.67167	51.96666	-36.64351	LAX_LV_EPICARDIAL	8	1.0	1.0
17.58888	50.60821	-34.71885	LAX_LV_EPICARDIAL	8	1.0	1.0
16.12911	47.89131	-34.10627	LAX_LV_EPICARDIAL	8	1.0	1.0
-5.96299	19.36390	-19.58231	LAX_LV_EPICARDIAL	8	1.0	1.0
-8.96583	0.34562	-23.92548	LAX_LV_ENDOCARDIAL	8	1.0	1.0
-6.88303	1.70407	-25.85014	LAX_LV_ENDOCARDIAL	8	1.0	1.0
-5.07915	1.70407	-28.00796	LAX_LV_ENDOCARDIAL	8	1.0	1.0
-3.27527	1.70406	-30.16577	LAX_LV_ENDOCARDIAL	8	1.0	1.0
-1.47139	1.70406	-32.32359	LAX_LV_ENDOCARDIAL	8	1.0	1.0
0.05358	0.34561	-34.71457	LAX_LV_ENDOCARDIAL	8	1.0	1.0
1.57855	-1.01284	-37.10555	LAX_LV_ENDOCARDIAL	8	1.0	1.0
3.10352	-2.37129	-39.49653	LAX_LV_ENDOCARDIAL	8	1.0	1.0
4.62848	-3.72974	-41.88751	LAX_LV_ENDOCARDIAL	8	1.0	1.0
6.15345	-5.08819	-44.27849	LAX_LV_ENDOCARDIAL	8	1.0	1.0
7.39951	-7.80509	-46.90263	LAX_LV_ENDOCARDIAL	8	1.0	1.0
8.92448	-9.16354	-49.29361	LAX_LV_ENDOCARDIAL	8	1.0	1.0
10.44945	-10.52199	-51.68459	LAX_LV_ENDOCARDIAL	8	1.0	1.0
11.97441	-11.88044	-54.07557	LAX_LV_ENDOCARDIAL	8	1.0	1.0
13.49938	-13.23889	-56.46655	LAX_LV_ENDOCARDIAL	8	1.0	1.0
15.02435	-14.59734	-58.85753	LAX_LV_ENDOCARDIAL	8	1.0	1.0
16.54932	-15.95579	-61.24851	LAX_LV_ENDOCARDIAL	8	1.0	1.0
18.35320	-15.95579	-63.40632	LAX_LV_ENDOCARDIAL	8	1.0	1.0
19.87817	-17.31424	-65.79730	LAX_LV_ENDOCARDIAL	8	1.0	1.0
21.40314	-18.67269	-68.18828	LAX_LV_ENDOCARDIAL	8	1.0	1.0
23.20702	-18.67270	-70.34610	LAX_LV_ENDOCARDIAL	8	1.0	1.0
24.73199	-20.03115	-72.73708	LAX_LV_ENDOCARDIAL	8	1.0	1.0
26.25696	-21.38960	-75.12806	LAX_LV_ENDOCARDIAL	8	1.0	1.0
28.06084	-21.38960	-77.28588	LAX_LV_ENDOCARDIAL	8	1.0	1.0
29.86472	-21.38960	-79.44369	LAX_LV_ENDOCARDIAL	8	1.0	1.0
31.38969	-22.74805	-81.83467	LAX_LV_ENDOCARDIAL	8	1.0	1.0
33.19357	-22.74805	-83.99249	LAX_LV_ENDOCARDIAL	8	1.0	1.0
34.99745	-22.74806	-86.15031	LAX_LV_ENDOCARDIAL	8	1.0	1.0
36.80133	-22.74806	-88.30812	LAX_LV_ENDOCARDIAL	8	1.0	1.0
38.60521	-22.74806	-90.46594	LAX_LV_ENDOCARDIAL	8	1.0	1.0
40.68801	-21.38961	-92.39060	LAX_LV_ENDOCARDIAL	8	1.0	1.0
42.14777	-18.67271	-93.00318	LAX_LV_ENDOCARDIAL	8	1.0	1.0
43.60754	-15.95582	-93.61577	LAX_LV_ENDOCARDIAL	8	1.0	1.0
44.16536	-13.23892	-93.14944	LAX_LV_ENDOCARDIAL	8	1.0	1.0
43.82125	-10.52202	-91.60421	LAX_LV_ENDOCARDIAL	8	1.0	1.0
43.47713	-7.80512	-90.05898	LAX_LV_ENDOCARDIAL	8	1.0	1.0
42.23108	-5.08822	-87.43484	LAX_LV_ENDOCARDIAL	8	1.0	1.0
41.88696	-2.37133	-85.88961	LAX_LV_ENDOCARDIAL	8	1.0	1.0
41.54285	0.34557	-84.34437	LAX_LV_ENDOCARDIAL	8	1.0	1.0
41.19873	3.06247	-82.79914	LAX_LV_ENDOCARDIAL	8	1.0	1.0
39.95268	5.77937	-80.17500	LAX_LV_ENDOCARDIAL	8	1.0	1.0
39.60856	8.49627	-78.62977	LAX_LV_ENDOCARDIAL	8	1.0	1.0
38.36251	11.21317	-76.00563	LAX_LV_ENDOCARDIAL	8	1.0	1.0
38.01839	13.93007	-74.46039	LAX_LV_ENDOCARDIAL	8	1.0	1.0
37.67428	16.64696	-72.91516	LAX_LV_ENDOCARDIAL	8	1.0	1.0
37.33016	19.36386	-71.36993	LAX_LV_ENDOCARDIAL	8	1.0	1.0
36.98605	22.08076	-69.82470	LAX_LV_ENDOCARDIAL	8	1.0	1.0
36.64193	24.79766	-68.27946	LAX_LV_ENDOCARDIAL	8	1.0	1.0
35.39588	27.51456	-65.65532	LAX_LV_ENDOCARDIAL	8	1.0	1.0
34.14982	30.23146	-63.03118	LAX_LV_ENDOCARDIAL	8	1.0	1.0
33.80571	32.94836	-61.48595	LAX_LV_ENDOCARDIAL	8	1.0	1.0
32.28074	34.30681	-59.09497	LAX_LV_ENDOCARDIAL	8	1.0	1.0
30.75577	35.66526	-56.70399	LAX_LV_ENDOCARDIAL	8	1.0	1.0
29.23080	37.02371	-54.31301	LAX_LV_ENDOCARDIAL	8	1.0	1.0
27.70583	38.38216	-51.92203	LAX_LV_ENDOCARDIAL	8	1.0	1.0
26.45978	41.09906	-49.29789	LAX_LV_ENDOCARDIAL	8	1.0	1.0
24.93481	42.45751	-46.90691	LAX_LV_ENDOCARDIAL	8	1.0	1.0
23.40984	43.81596	-44.51593	LAX_LV_ENDOCARDIAL	8	1.0	1.0
21.88487	45.17441	-42.12495	LAX_LV_ENDOCARDIAL	8	1.0	1.0
19.80208	43.81596	-40.20030	LAX_LV_ENDOCARDIAL	8	1.0	1.0
-5.96299	19.36390	-19.58231	LAX_LV_ENDOCARDIAL	8	1.0	1.0
-34.02456	-11.88040	0.94878	LAX_RV_EPICARDIAL	8	1.0	1.0
-32.77850	-14.59730	-1.67536	LAX_RV_EPICARDIAL	8	1.0	1.0
-31.25353	-15.95575	-4.06634	LAX_RV_EPICARDIAL	8	1.0	1.0
-29.72857	-17.31420	-6.45732	LAX_RV_EPICARDIAL	8	1.0	1.0
-28.20360	-18.67265	-8.84830	LAX_RV_EPICARDIAL	8	1.0	1.0
-26.67863	-20.03110	-11.23928	LAX_RV_EPICARDIAL	8	1.0	1.0
-25.15366	-21.38955	-13.63026	LAX_RV_EPICARDIAL	8	1.0	1.0
-23.90760	-24.10645	-16.25440	LAX_RV_EPICARDIAL	8	1.0	1.0
-22.38264	-25.46490	-18.64538	LAX_RV_EPICARDIAL	8	1.0	1.0
-20.85767	-26.82335	-21.03636	LAX_RV_EPICARDIAL	8	1.0	1.0
-19.05379	-26.82335	-23.19418	LAX_RV_EPICARDIAL	8	1.0	1.0
-17.24991	-26.82335	-25.35199	LAX_RV_EPICARDIAL	8	1.0	1.0
-15.72494	-28.18180	-27.74297	LAX_RV_EPICARDIAL	8	1.0	1.0
-13.92106	-28.18180	-29.90079	LAX_RV_EPICARDIAL	8	1.0	1.0
-11.83826	-26.82336	-31.82545	LAX_RV_EPICARDIAL	8	1.0	1.0
-10.03438	-26.82336	-33.98326	LAX_RV_EPICARDIAL	8	1.0	1.0
-8.23050	-26.82336	-36.14108	LAX_RV_EPICARDIAL	8	1.0	1.0
-6.42662	-26.82336	-38.29890	LAX_RV_EPICARDIAL	8	1.0	1.0
-4.62274	-26.82336	-40.45672	LAX_RV_EPICARDIAL	8	1.0	1.0
-2.81886	-26.82337	-42.61453	LAX_RV_EPICARDIAL	8	1.0	1.0
-1.01497	-26.82337	-44.77235	LAX_RV_EPICARDIAL	8	1.0	1.0
0.78891	-26.82337	-46.93017	LAX_RV_EPICARDIAL	8	1.0	1.0
2.59279	-26.82337	-49.08799	LAX_RV_EPICARDIAL	8	1.0	1.0
4.39667	-26.82337	-51.24580	LAX_RV_EPICARDIAL	8	1.0	1.0
6.47946	-25.46493	-53.17046	LAX_RV_EPICARDIAL	8	1.0	1.0
8.28334	-25.46493	-55.32828	LAX_RV_EPICARDIAL	8	1.0	1.0
9.46420	-24.10648	-56.17402	LAX_RV_EPICARDIAL	8	1.0	1.0
-12.78730	-5.08817	-21.62140	LAX_RV_EPICARDIAL	8	1.0	1.0
-14.31227	-3.72972	-19.23043	LAX_RV_EPICARDIAL	8	1.0	1.0
-16.39506	-5.08817	-17.30577	LAX_RV_EPICARDIAL	8	1.0	1.0
-18.19894	-5.08817	-15.14795	LAX_RV_EPICARDIAL	8	1.0	1.0
-20.00283	-5.08816	-12.99013	LAX_RV_EPICARDIAL	8	1.0	1.0
-21.52779	-3.72971	-10.59916	LAX_RV_EPICARDIAL	8	1.0	1.0
-23.33168	-3.72971	-8.44134	LAX_RV_EPICARDIAL	8	1.0	1.0
-25.41447	-5.08816	-6.51668	LAX_RV_EPICARDIAL	8	1.0	1.0
-27.21835	-5.08816	-4.35886	LAX_RV_EPICARDIAL	8	1.0	1.0
-29.30114	-6.44660	-2.43421	LAX_RV_EPICARDIAL	8	1.0	1.0
-31.10503	-6.44660	-0.27639	LAX_RV_EPICARDIAL	8	1.0	1.0
-33.46673	-9.16350	1.41510	LAX_RV_EPICARDIAL	8	1.0	1.0
16.81734	42.45752	-37.19673	MITRAL_VALVE	8	1.0	1.0
-3.60128	22.08080	-21.27380	MITRAL_VALVE	8	1.0	1.0
-8.66881	19.36391	-16.34558	AORTA_VALVE	8	1.0	1.0
-11.67165	0.34562	-20.68876	AORTA_VALVE	8	1.0	1.0
-63.42632	7.09152	-69.13790	LAX_RV_FREEWALL	7	1.0	21
-66.11513	6.29088	-70.55810	LAX_RV_FREEWALL	7	1.0	21
-67.40415	5.49023	-71.84358	LAX_RV_FREEWALL	7	1.0	21
-67.18264	3.88894	-74.14510	LAX_RV_FREEWALL	7	1.0	21
-65.56135	2.28765	-76.31188	LAX_RV_FREEWALL	7	1.0	21
-65.33983	0.68636	-78.61339	LAX_RV_FREEWALL	7	1.0	21
-63.71854	-0.91494	-80.78018	LAX_RV_FREEWALL	7	1.0	21
-60.69746	-2.51623	-82.81224	LAX_RV_FREEWALL	7	1.0	21
-59.07617	-4.11752	-84.97903	LAX_RV_FREEWALL	7	1.0	21
-58.85466	-5.71881	-87.28054	LAX_RV_FREEWALL	7	1.0	21
-55.83358	-7.32010	-89.31260	LAX_RV_FREEWALL	7	1.0	21
-54.21229	-8.92139	-91.47939	LAX_RV_FREEWALL	7	1.0	21
-51.19121	-10.52269	-93.51145	LAX_RV_FREEWALL	7	1.0	21
-48.17014	-12.12398	-95.54351	LAX_RV_FREEWALL	7	1.0	21
-45.14906	-13.72527	-97.57557	LAX_RV_FREEWALL	7	1.0	21
-42.12798	-15.32656	-99.60763	LAX_RV_FREEWALL	7	1.0	21
-39.21767	-16.12721	-100.48894	LAX_RV_FREEWALL	7	1.0	21
-36.19659	-17.72850	-102.52100	LAX_RV_FREEWALL	7	1.0	21
-33.39703	-17.72850	-102.25155	LAX_RV_FREEWALL	7	1.0	21
-30.48671	-18.52915	-103.13286	LAX_RV_FREEWALL	7	1.0	21
-27.57639	-19.32979	-104.01416	LAX_RV_FREEWALL	7	1.0	21
-24.77683	-19.32979	-103.74471	LAX_RV_FREEWALL	7	1.0	21
-21.86651	-20.13044	-104.62602	LAX_RV_FREEWALL	7	1.0	21
-18.95619	-20.93109	-105.50733	LAX_RV_FREEWALL	7	1.0	21
-16.04587	-21.73173	-106.38863	LAX_RV_FREEWALL	7	1.0	21
-13.24631	-21.73174	-106.11918	LAX_RV_FREEWALL	7	1.0	21
-10.33599	-22.53238	-107.00049	LAX_RV_FREEWALL	7	1.0	21
-7.53643	-22.53238	-106.73104	LAX_RV_FREEWALL	7	1.0	21
-4.73686	-22.53238	-106.46159	LAX_RV_FREEWALL	7	1.0	21
-1.93730	-22.53238	-106.19214	LAX_RV_FREEWALL	7	1.0	21
0.97302	-23.33303	-107.07345	LAX_RV_FREEWALL	7	1.0	21
3.77258	-23.33303	-106.80400	LAX_RV_FREEWALL	7	1.0	21
6.68290	-24.13368	-107.68530	LAX_RV_FREEWALL	7	1.0	21
9.48246	-24.13368	-107.41585	LAX_RV_FREEWALL	7	1.0	21
12.39278	-24.93432	-108.29716	LAX_RV_FREEWALL	7	1.0	21
15.19234	-24.93433	-108.02771	LAX_RV_FREEWALL	7	1.0	21
17.99191	-24.93433	-107.75826	LAX_RV_FREEWALL	7	1.0	21
20.68071	-24.13368	-106.33806	LAX_RV_FREEWALL	7	1.0	21
23.36952	-23.33304	-104.91785	LAX_RV_FREEWALL	7	1.0	21
-63.64784	8.69281	-66.83639	LAX_RV_EPICARDIAL	7	1.0	21
-66.44740	8.69281	-67.10584	LAX_RV_EPICARDIAL	7	1.0	21
-69.13621	7.89217	-68.52604	LAX_RV_EPICARDIAL	7	1.0	21
-70.31447	6.29088	-70.96228	LAX_RV_EPICARDIAL	7	1.0	21
-71.49274	4.68959	-73.39851	LAX_RV_EPICARDIAL	7	1.0	21
-69.87145	3.08829	-75.56530	LAX_RV_EPICARDIAL	7	1.0	21
-69.64993	1.48700	-77.86681	LAX_RV_EPICARDIAL	7	1.0	21
-69.42842	-0.11429	-80.16832	LAX_RV_EPICARDIAL	7	1.0	21
-67.80713	-1.71558	-82.33511	LAX_RV_EPICARDIAL	7	1.0	21
-66.18583	-3.31687	-84.50189	LAX_RV_EPICARDIAL	7	1.0	21
-65.96432	-4.91816	-86.80341	LAX_RV_EPICARDIAL	7	1.0	21
-64.34303	-6.51945	-88.97019	LAX_RV_EPICARDIAL	7	1.0	21
-62.72173	-8.12075	-91.13698	LAX_RV_EPICARDIAL	7	1.0	21
-59.70066	-9.72204	-93.16904	LAX_RV_EPICARDIAL	7	1.0	21
-58.07936	-11.32333	-95.33583	LAX_RV_EPICARDIAL	7	1.0	21
-55.16904	-12.12398	-96.21713	LAX_RV_EPICARDIAL	7	1.0	21
-52.14797	-13.72527	-98.24919	LAX_RV_EPICARDIAL	7	1.0	21
-49.12689	-15.32656	-100.28126	LAX_RV_EPICARDIAL	7	1.0	21
-46.10582	-16.92785	-102.31332	LAX_RV_EPICARDIAL	7	1.0	21
-43.08474	-18.52914	-104.34538	LAX_RV_EPICARDIAL	7	1.0	21
-40.17442	-19.32979	-105.22668	LAX_RV_EPICARDIAL	7	1.0	21
-37.26410	-20.13044	-106.10799	LAX_RV_EPICARDIAL	7	1.0	21
-34.46454	-20.13044	-105.83854	LAX_RV_EPICARDIAL	7	1.0	21
-31.55422	-20.93108	-106.71985	LAX_RV_EPICARDIAL	7	1.0	21
-28.75466	-20.93109	-106.45040	LAX_RV_EPICARDIAL	7	1.0	21
-25.84434	-21.73173	-107.33170	LAX_RV_EPICARDIAL	7	1.0	21
-22.93402	-22.53238	-108.21301	LAX_RV_EPICARDIAL	7	1.0	21
-20.02370	-23.33302	-109.09432	LAX_RV_EPICARDIAL	7	1.0	21
-17.22414	-23.33303	-108.82487	LAX_RV_EPICARDIAL	7	1.0	21
-14.31382	-24.13367	-109.70617	LAX_RV_EPICARDIAL	7	1.0	21
-11.40350	-24.93432	-110.58748	LAX_RV_EPICARDIAL	7	1.0	21
-8.60394	-24.93432	-110.31803	LAX_RV_EPICARDIAL	7	1.0	21
-5.80438	-24.93432	-110.04858	LAX_RV_EPICARDIAL	7	1.0	21
-3.00481	-24.93432	-109.77913	LAX_RV_EPICARDIAL	7	1.0	21
-0.20525	-24.93432	-109.50968	LAX_RV_EPICARDIAL	7	1.0	21
2.59431	-24.93432	-109.24023	LAX_RV_EPICARDIAL	7	1.0	21
5.39387	-24.93432	-108.97078	LAX_RV_EPICARDIAL	7	1.0	21
8.30419	-25.73497	-109.85209	LAX_RV_EPICARDIAL	7	1.0	21
11.10376	-25.73497	-109.58264	LAX_RV_EPICARDIAL	7	1.0	21
14.01408	-26.53562	-110.46395	LAX_RV_EPICARDIAL	7	1.0	21
16.81364	-26.53562	-110.19450	LAX_RV_EPICARDIAL	7	1.0	21
19.61320	-26.53562	-109.92505	LAX_RV_EPICARDIAL	7	1.0	21
22.30201	-25.73497	-108.50484	LAX_RV_EPICARDIAL	7	1.0	21
24.99081	-24.93433	-107.08464	LAX_RV_EPICARDIAL	7	1.0	21
27.56886	-23.33304	-104.51368	LAX_RV_EPICARDIAL	7	1.0	21
24.54779	-21.73175	-102.48162	LAX_RV_EPICARDIAL	7	1.0	21
24.54779	-21.73175	-102.48162	LAX_RV_SEPTUM	7	1.0	21
21.52671	-20.13045	-100.44956	LAX_RV_SEPTUM	7	1.0	21
18.50564	-18.52916	-98.41749	LAX_RV_SEPTUM	7	1.0	21
15.48456	-16.92787	-96.38543	LAX_RV_SEPTUM	7	1.0	21
12.46348	-15.32658	-94.35337	LAX_RV_SEPTUM	7	1.0	21
9.44241	-13.72529	-92.32131	LAX_RV_SEPTUM	7	1.0	21
6.42133	-12.12399	-90.28925	LAX_RV_SEPTUM	7	1.0	21
3.40026	-10.52270	-88.25719	LAX_RV_SEPTUM	7	1.0	21
0.37918	-8.92141	-86.22512	LAX_RV_SEPTUM	7	1.0	21
-2.64189	-7.32012	-84.19306	LAX_RV_SEPTUM	7	1.0	21
-4.26319	-5.71883	-82.02628	LAX_RV_SEPTUM	7	1.0	21
-5.88448	-4.11753	-79.85949	LAX_RV_SEPTUM	7	1.0	21
-7.50578	-2.51624	-77.69270	LAX_RV_SEPTUM	7	1.0	21
-9.12707	-0.91495	-75.52592	LAX_RV_SEPTUM	7	1.0	21
-10.74837	0.68634	-73.35913	LAX_RV_SEPTUM	7	1.0	21
-12.36966	2.28763	-71.19234	LAX_RV_SEPTUM	7	1.0	21
-13.99095	3.88892	-69.02556	LAX_RV_SEPTUM	7	1.0	21
-15.61225	5.49022	-66.85877	LAX_RV_SEPTUM	7	1.0	21
-17.23354	7.09151	-64.69199	LAX_RV_SEPTUM	7	1.0	21
-20.25462	8.69280	-62.65992	LAX_RV_SEPTUM	7	1.0	21
-21.87591	10.29409	-60.49314	LAX_RV_SEPTUM	7	1.0	21
-23.49721	11.89538	-58.32635	LAX_RV_SEPTUM	7	1.0	21
-23.71872	13.49667	-56.02484	LAX_RV_SEPTUM	7	1.0	21
17.53007	39.11732	-14.88948	LAX_LV_EPICARDIAL	7	1.0	21
-22.35899	23.90507	-40.79557	LAX_LV_EPICARDIAL	7	1.0	21
-23.53726	22.30378	-43.23181	LAX_LV_EPICARDIAL	7	1.0	21
-23.31575	20.70248	-45.53332	LAX_LV_EPICARDIAL	7	1.0	21
-24.49402	19.10119	-47.96955	LAX_LV_EPICARDIAL	7	1.0	21
-24.27250	17.49990	-50.27106	LAX_LV_EPICARDIAL	7	1.0	21
-24.05099	15.89861	-52.57257	LAX_LV_EPICARDIAL	7	1.0	21
27.34735	-21.73175	-102.21217	LAX_LV_EPICARDIAL	7	1.0	21
30.14691	-21.73175	-101.94272	LAX_LV_EPICARDIAL	7	1.0	21
32.94647	-21.73175	-101.67327	LAX_LV_EPICARDIAL	7	1.0	21
35.85679	-22.53239	-102.55458	LAX_LV_EPICARDIAL	7	1.0	21
38.54560	-21.73175	-101.13437	LAX_LV_EPICARDIAL	7	1.0	21
41.23440	-20.93110	-99.71417	LAX_LV_EPICARDIAL	7	1.0	21
43.92321	-20.13046	-98.29396	LAX_LV_EPICARDIAL	7	1.0	21
45.10148	-18.52917	-95.85773	LAX_LV_EPICARDIAL	7	1.0	21
47.67953	-16.92788	-93.28676	LAX_LV_EPICARDIAL	7	1.0	21
48.85780	-15.32659	-90.85053	LAX_LV_EPICARDIAL	7	1.0	21
50.03606	-13.72530	-88.41429	LAX_LV_EPICARDIAL	7	1.0	21
51.21433	-12.12401	-85.97806	LAX_LV_EPICARDIAL	7	1.0	21
52.39260	-10.52272	-83.54182	LAX_LV_EPICARDIAL	7	1.0	21
52.17109	-8.92142	-81.24031	LAX_LV_EPICARDIAL	7	1.0	21
53.34936	-7.32013	-78.80408	LAX_LV_EPICARDIAL	7	1.0	21
54.52762	-5.71884	-76.36784	LAX_LV_EPICARDIAL	7	1.0	21
55.70589	-4.11755	-73.93160	LAX_LV_EPICARDIAL	7	1.0	21
55.48438	-2.51626	-71.63009	LAX_LV_EPICARDIAL	7	1.0	21
56.66265	-0.91497	-69.19386	LAX_LV_EPICARDIAL	7	1.0	21
56.44113	0.68632	-66.89235	LAX_LV_EPICARDIAL	7	1.0	21
56.21962	2.28761	-64.59084	LAX_LV_EPICARDIAL	7	1.0	21
55.99811	3.88890	-62.28933	LAX_LV_EPICARDIAL	7	1.0	21
55.77660	5.49020	-59.98781	LAX_LV_EPICARDIAL	7	1.0	21
55.55508	7.09149	-57.68630	LAX_LV_EPICARDIAL	7	1.0	21
55.33357	8.69278	-55.38479	LAX_LV_EPICARDIAL	7	1.0	21
53.71227	10.29407	-53.21801	LAX_LV_EPICARDIAL	7	1.0	21
53.49076	11.89536	-50.91650	LAX_LV_EPICARDIAL	7	1.0	21
53.26925	13.49665	-48.61498	LAX_LV_EPICARDIAL	7	1.0	21
53.04774	15.09794	-46.31347	LAX_LV_EPICARDIAL	7	1.0	21
51.42644	16.69924	-44.14669	LAX_LV_EPICARDIAL	7	1.0	21
51.20493	18.30053	-41.84518	LAX_LV_EPICARDIAL	7	1.0	21
49.58363	19.90182	-39.67839	LAX_LV_EPICARDIAL	7	1.0	21
49.36212	21.50311	-37.37688	LAX_LV_EPICARDIAL	7	1.0	21
47.74083	23.10440	-35.21009	LAX_LV_EPICARDIAL	7	1.0	21
46.11953	24.70569	-33.04331	LAX_LV_EPICARDIAL	7	1.0	21
45.89802	26.30698	-30.74180	LAX_LV_EPICARDIAL	7	1.0	21
44.27672	27.90828	-28.57501	LAX_LV_EPICARDIAL	7	1.0	21
42.65543	29.50957	-26.40822	LAX_LV_EPICARDIAL	7	1.0	21
39.63436	31.11086	-24.37616	LAX_LV_EPICARDIAL	7	1.0	21
38.01306	32.71215	-22.20938	LAX_LV_EPICARDIAL	7	1.0	21
34.99199	34.31344	-20.17731	LAX_LV_EPICARDIAL	7	1.0	21
31.97091	35.91473	-18.14525	LAX_LV_EPICARDIAL	7	1.0	21
28.94983	37.51603	-16.11319	LAX_LV_EPICARDIAL	7	1.0	21
26.03952	38.31667	-15.23188	LAX_LV_EPICARDIAL	7	1.0	21
23.12920	39.11732	-14.35058	LAX_LV_EPICARDIAL	7	1.0	21
20.32963	39.11732	-14.62003	LAX_LV_EPICARDIAL	7	1.0	21
-20.95921	23.90507	-40.66085	LAX_LV_ENDOCARDIAL	7	1.0	21
-19.33792	22.30377	-42.82763	LAX_LV_ENDOCARDIAL	7	1.0	21
-19.11640	20.70248	-45.12914	LAX_LV_ENDOCARDIAL	7	1.0	21
-18.89489	19.10119	-47.43065	LAX_LV_ENDOCARDIAL	7	1.0	21
-17.27360	17.49990	-49.59744	LAX_LV_ENDOCARDIAL	7	1.0	21
-15.65230	15.89861	-51.76423	LAX_LV_ENDOCARDIAL	7	1.0	21
-15.43079	14.29732	-54.06574	LAX_LV_ENDOCARDIAL	7	1.0	21
-12.40971	12.69603	-56.09780	LAX_LV_ENDOCARDIAL	7	1.0	21
-10.78842	11.09473	-58.26459	LAX_LV_ENDOCARDIAL	7	1.0	21
-7.76734	9.49344	-60.29665	LAX_LV_ENDOCARDIAL	7	1.0	21
-6.14605	7.89215	-62.46343	LAX_LV_ENDOCARDIAL	7	1.0	21
-3.12497	6.29086	-64.49549	LAX_LV_ENDOCARDIAL	7	1.0	21
-1.50368	4.68957	-66.66228	LAX_LV_ENDOCARDIAL	7	1.0	21
0.11761	3.08827	-68.82907	LAX_LV_ENDOCARDIAL	7	1.0	21
1.73891	1.48698	-70.99585	LAX_LV_ENDOCARDIAL	7	1.0	21
3.36020	-0.11431	-73.16264	LAX_LV_ENDOCARDIAL	7	1.0	21
4.98150	-1.71560	-75.32943	LAX_LV_ENDOCARDIAL	7	1.0	21
6.60279	-3.31689	-77.49621	LAX_LV_ENDOCARDIAL	7	1.0	21
8.22409	-4.91818	-79.66300	LAX_LV_ENDOCARDIAL	7	1.0	21
9.84538	-6.51948	-81.82978	LAX_LV_ENDOCARDIAL	7	1.0	21
11.46668	-8.12077	-83.99657	LAX_LV_ENDOCARDIAL	7	1.0	21
14.48775	-9.72206	-86.02863	LAX_LV_ENDOCARDIAL	7	1.0	21
16.10905	-11.32335	-88.19542	LAX_LV_ENDOCARDIAL	7	1.0	21
19.13012	-12.92464	-90.22748	LAX_LV_ENDOCARDIAL	7	1.0	21
22.15120	-14.52593	-92.25954	LAX_LV_ENDOCARDIAL	7	1.0	21
25.17227	-16.12723	-94.29160	LAX_LV_ENDOCARDIAL	7	1.0	21
28.19335	-17.72852	-96.32367	LAX_LV_ENDOCARDIAL	7	1.0	21
31.10367	-18.52917	-97.20497	LAX_LV_ENDOCARDIAL	7	1.0	21
34.01399	-19.32981	-98.08628	LAX_LV_ENDOCARDIAL	7	1.0	21
36.92430	-20.13046	-98.96758	LAX_LV_ENDOCARDIAL	7	1.0	21
39.61311	-19.32981	-97.54738	LAX_LV_ENDOCARDIAL	7	1.0	21
42.19116	-17.72852	-94.97642	LAX_LV_ENDOCARDIAL	7	1.0	21
43.36943	-16.12723	-92.54018	LAX_LV_ENDOCARDIAL	7	1.0	21
43.14791	-14.52594	-90.23867	LAX_LV_ENDOCARDIAL	7	1.0	21
44.32618	-12.92465	-87.80244	LAX_LV_ENDOCARDIAL	7	1.0	21
44.10467	-11.32336	-85.50093	LAX_LV_ENDOCARDIAL	7	1.0	21
45.28294	-9.72207	-83.06469	LAX_LV_ENDOCARDIAL	7	1.0	21
46.46121	-8.12078	-80.62845	LAX_LV_ENDOCARDIAL	7	1.0	21
46.23969	-6.51949	-78.32694	LAX_LV_ENDOCARDIAL	7	1.0	21
47.41796	-4.91819	-75.89071	LAX_LV_ENDOCARDIAL	7	1.0	21
48.59623	-3.31690	-73.45447	LAX_LV_ENDOCARDIAL	7	1.0	21
48.37472	-1.71561	-71.15296	LAX_LV_ENDOCARDIAL	7	1.0	21
49.55298	-0.11432	-68.71673	LAX_LV_ENDOCARDIAL	7	1.0	21
49.33147	1.48697	-66.41522	LAX_LV_ENDOCARDIAL	7	1.0	21
49.10996	3.08826	-64.11370	LAX_LV_ENDOCARDIAL	7	1.0	21
48.88845	4.68955	-61.81219	LAX_LV_ENDOCARDIAL	7	1.0	21
48.66693	6.29084	-59.51068	LAX_LV_ENDOCARDIAL	7	1.0	21
48.44542	7.89213	-57.20917	LAX_LV_ENDOCARDIAL	7	1.0	21
48.22391	9.49343	-54.90766	LAX_LV_ENDOCARDIAL	7	1.0	21
48.00239	11.09472	-52.60615	LAX_LV_ENDOCARDIAL	7	1.0	21
46.38110	12.69601	-50.43936	LAX_LV_ENDOCARDIAL	7	1.0	21
46.15959	14.29730	-48.13785	LAX_LV_ENDOCARDIAL	7	1.0	21
45.93807	15.89859	-45.83634	LAX_LV_ENDOCARDIAL	7	1.0	21
44.31678	17.49988	-43.66956	LAX_LV_ENDOCARDIAL	7	1.0	21
44.09527	19.10117	-41.36804	LAX_LV_ENDOCARDIAL	7	1.0	21
42.47397	20.70247	-39.20126	LAX_LV_ENDOCARDIAL	7	1.0	21
40.85268	22.30376	-37.03447	LAX_LV_ENDOCARDIAL	7	1.0	21
39.23138	23.90505	-34.86769	LAX_LV_ENDOCARDIAL	7	1.0	21
37.61009	25.50634	-32.70090	LAX_LV_ENDOCARDIAL	7	1.0	21
34.58901	27.10763	-30.66884	LAX_LV_ENDOCARDIAL	7	1.0	21
32.96772	28.70892	-28.50205	LAX_LV_ENDOCARDIAL	7	1.0	21
31.34642	30.31022	-26.33526	LAX_LV_ENDOCARDIAL	7	1.0	21
28.32535	31.91151	-24.30320	LAX_LV_ENDOCARDIAL	7	1.0	21
25.41503	32.71215	-23.42190	LAX_LV_ENDOCARDIAL	7	1.0	21
22.39395	34.31345	-21.38984	LAX_LV_ENDOCARDIAL	7	1.0	21
19.48363	35.11409	-20.50853	LAX_LV_ENDOCARDIAL	7	1.0	21
-63.64784	8.69281	-66.83639	LAX_RV_EPICARDIAL	7	1.0	21
-66.44740	8.69281	-67.10584	LAX_RV_EPICARDIAL	7	1.0	21
-69.13621	7.89217	-68.52604	LAX_RV_EPICARDIAL	7	1.0	21
-70.31447	6.29088	-70.96228	LAX_RV_EPICARDIAL	7	1.0	21
-71.49274	4.68959	-73.39851	LAX_RV_EPICARDIAL	7	1.0	21
-69.87145	3.08829	-75.56530	LAX_RV_EPICARDIAL	7	1.0	21
-69.64993	1.48700	-77.86681	LAX_RV_EPICARDIAL	7	1.0	21
-69.42842	-0.11429	-80.16832	LAX_RV_EPICARDIAL	7	1.0	21
-67.80713	-1.71558	-82.33511	LAX_RV_EPICARDIAL	7	1.0	21
-66.18583	-3.31687	-84.50189	LAX_RV_EPICARDIAL	7	1.0	21
-65.96432	-4.91816	-86.80341	LAX_RV_EPICARDIAL	7	1.0	21
-64.34303	-6.51945	-88.97019	LAX_RV_EPICARDIAL	7	1.0	21
-62.72173	-8.12075	-91.13698	LAX_RV_EPICARDIAL	7	1.0	21
-59.70066	-9.72204	-93.16904	LAX_RV_EPICARDIAL	7	1.0	21
-58.07936	-11.32333	-95.33583	LAX_RV_EPICARDIAL	7	1.0	21
-55.16904	-12.12398	-96.21713	LAX_RV_EPICARDIAL	7	1.0	21
-52.14797	-13.72527	-98.24919	LAX_RV_EPICARDIAL	7	1.0	21
-49.12689	-15.32656	-100.28126	LAX_RV_EPICARDIAL	7	1.0	21
-46.10582	-16.92785	-102.31332	LAX_RV_EPICARDIAL	7	1.0	21
-43.08474	-18.52914	-104.34538	LAX_RV_EPICARDIAL	7	1.0	21
-40.17442	-19.32979	-105.22668	LAX_RV_EPICARDIAL	7	1.0	21
-37.26410	-20.13044	-106.10799	LAX_RV_EPICARDIAL	7	1.0	21
-34.46454	-20.13044	-105.83854	LAX_RV_EPICARDIAL	7	1.0	21
-31.55422	-20.93108	-106.71985	LAX_RV_EPICARDIAL	7	1.0	21
-28.75466	-20.93109	-106.45040	LAX_RV_EPICARDIAL	7	1.0	21
-25.84434	-21.73173	-107.33170	LAX_RV_EPICARDIAL	7	1.0	21
-22.93402	-22.53238	-108.21301	LAX_RV_EPICARDIAL	7	1.0	21
-20.02370	-23.33302	-109.09432	LAX_RV_EPICARDIAL	7	1.0	21
-17.22414	-23.33303	-108.82487	LAX_RV_EPICARDIAL	7	1.0	21
-14.31382	-24.13367	-109.70617	LAX_RV_EPICARDIAL	7	1.0	21
-11.40350	-24.93432	-110.58748	LAX_RV_EPICARDIAL	7	1.0	21
-8.60394	-24.93432	-110.31803	LAX_RV_EPICARDIAL	7	1.0	21
-5.80438	-24.93432	-110.04858	LAX_RV_EPICARDIAL	7	1.0	21
-3.00481	-24.93432	-109.77913	LAX_RV_EPICARDIAL	7	1.0	21
-0.20525	-24.93432	-109.50968	LAX_RV_EPICARDIAL	7	1.0	21
2.59431	-24.93432	-109.24023	LAX_RV_EPICARDIAL	7	1.0	21
5.39387	-24.93432	-108.97078	LAX_RV_EPICARDIAL	7	1.0	21
8.30419	-25.73497	-109.85209	LAX_RV_EPICARDIAL	7	1.0	21
11.10376	-25.73497	-109.58264	LAX_RV_EPICARDIAL	7	1.0	21
14.01408	-26.53562	-110.46395	LAX_RV_EPICARDIAL	7	1.0	21
16.81364	-26.53562	-110.19450	LAX_RV_EPICARDIAL	7	1.0	21
19.61320	-26.53562	-109.92505	LAX_RV_EPICARDIAL	7	1.0	21
22.30201	-25.73497	-108.50484	LAX_RV_EPICARDIAL	7	1.0	21
24.99081	-24.93433	-107.08464	LAX_RV_EPICARDIAL	7	1.0	21
27.56886	-23.33304	-104.51368	LAX_RV_EPICARDIAL	7	1.0	21
24.54779	-21.73175	-102.48162	LAX_RV_EPICARDIAL	7	1.0	21
16.46256	36.71538	-18.47647	MITRAL_VALVE	7	1.0	21
-19.78094	25.50636	-38.22461	MITRAL_VALVE	7	1.0	21
-62.24806	8.69281	-66.70166	TRICUSPID_VALVE	7	1.0	21
-26.73980	15.09797	-53.99278	TRICUSPID_VALVE	7	1.0	21
35.85679	-22.53239	-102.55458	APEX_POINT	7	1.0	21
-11.15988	-15.79247	-1.17451	LAX_RV_FREEWALL	11	1.0	21
-10.69615	-17.18623	-3.95481	LAX_RV_FREEWALL	11	1.0	21
-10.23242	-18.57999	-6.73512	LAX_RV_FREEWALL	11	1.0	21
-9.85411	-18.57011	-9.52204	LAX_RV_FREEWALL	11	1.0	21
-9.39038	-19.96387	-12.30234	LAX_RV_FREEWALL	11	1.0	21
-8.92665	-21.35763	-15.08265	LAX_RV_FREEWALL	11	1.0	21
-8.54834	-21.34775	-17.86957	LAX_RV_FREEWALL	11	1.0	21
-8.08461	-22.74151	-20.64987	LAX_RV_FREEWALL	11	1.0	21
-7.62089	-24.13527	-23.43018	LAX_RV_FREEWALL	11	1.0	21
-7.24257	-24.12539	-26.21710	LAX_RV_FREEWALL	11	1.0	21
-6.86426	-24.11551	-29.00402	LAX_RV_FREEWALL	11	1.0	21
-6.48595	-24.10563	-31.79095	LAX_RV_FREEWALL	11	1.0	21
-6.10764	-24.09576	-34.57787	LAX_RV_FREEWALL	11	1.0	21
-5.72932	-24.08588	-37.36479	LAX_RV_FREEWALL	11	1.0	21
-5.35101	-24.07600	-40.15172	LAX_RV_FREEWALL	11	1.0	21
-4.88728	-25.46976	-42.93202	LAX_RV_FREEWALL	11	1.0	21
-4.50897	-25.45988	-45.71894	LAX_RV_FREEWALL	11	1.0	21
-4.13066	-25.45000	-48.50587	LAX_RV_FREEWALL	11	1.0	21
-3.66693	-26.84376	-51.28617	LAX_RV_FREEWALL	11	1.0	21
-3.28862	-26.83388	-54.07309	LAX_RV_FREEWALL	11	1.0	21
-2.91031	-26.82400	-56.86002	LAX_RV_FREEWALL	11	1.0	21
-2.53200	-26.81412	-59.64694	LAX_RV_FREEWALL	11	1.0	21
-2.15368	-26.80425	-62.43386	LAX_RV_FREEWALL	11	1.0	21
-1.68995	-28.19801	-65.21417	LAX_RV_FREEWALL	11	1.0	21
-1.31164	-28.18813	-68.00109	LAX_RV_FREEWALL	11	1.0	21
-0.93333	-28.17825	-70.78801	LAX_RV_FREEWALL	11	1.0	21
-0.64043	-26.76473	-73.58155	LAX_RV_FREEWALL	11	1.0	21
-0.34754	-25.35121	-76.37510	LAX_RV_FREEWALL	11	1.0	21
0.11619	-26.74497	-79.15540	LAX_RV_FREEWALL	11	1.0	21
0.49450	-26.73509	-81.94232	LAX_RV_FREEWALL	11	1.0	21
0.87281	-26.72521	-84.72925	LAX_RV_FREEWALL	11	1.0	21
1.25113	-26.71534	-87.51617	LAX_RV_FREEWALL	11	1.0	21
1.62944	-26.70546	-90.30309	LAX_RV_FREEWALL	11	1.0	21
2.00775	-26.69558	-93.09002	LAX_RV_FREEWALL	11	1.0	21
2.38606	-26.68570	-95.87694	LAX_RV_FREEWALL	11	1.0	21
2.76438	-26.67582	-98.66386	LAX_RV_FREEWALL	11	1.0	21
3.14269	-26.66594	-101.45079	LAX_RV_FREEWALL	11	1.0	21
3.52100	-26.65606	-104.23771	LAX_RV_FREEWALL	11	1.0	21
3.81390	-25.24255	-107.03125	LAX_RV_FREEWALL	11	1.0	21
4.02138	-22.42539	-109.83141	LAX_RV_FREEWALL	11	1.0	21
3.85054	-19.61811	-109.84465	LAX_RV_FREEWALL	11	1.0	21
3.67971	-16.81084	-109.85789	LAX_RV_FREEWALL	11	1.0	21
3.31972	-14.00850	-108.47767	LAX_RV_FREEWALL	11	1.0	21
2.95974	-11.20616	-107.09745	LAX_RV_FREEWALL	11	1.0	21
2.41059	-8.40876	-104.32376	LAX_RV_FREEWALL	11	1.0	21
2.05061	-5.60642	-102.94354	LAX_RV_FREEWALL	11	1.0	21
1.69062	-2.80409	-101.56332	LAX_RV_FREEWALL	11	1.0	21
1.33063	-0.00175	-100.18309	LAX_RV_FREEWALL	11	1.0	21
0.78149	2.79565	-97.40941	LAX_RV_FREEWALL	11	1.0	21
0.31776	4.18941	-94.62910	LAX_RV_FREEWALL	11	1.0	21
-0.14597	5.58317	-91.84880	LAX_RV_FREEWALL	11	1.0	21
-0.60970	6.97693	-89.06850	LAX_RV_FREEWALL	11	1.0	21
-0.62802	4.16471	-87.66180	LAX_RV_SEPTUM	11	1.0	21
-0.64635	1.35250	-86.25510	LAX_RV_SEPTUM	11	1.0	21
-0.66467	-1.45972	-84.84840	LAX_RV_SEPTUM	11	1.0	21
-0.87215	-4.27688	-82.04823	LAX_RV_SEPTUM	11	1.0	21
-0.89048	-7.08909	-80.64153	LAX_RV_SEPTUM	11	1.0	21
-1.09796	-9.90625	-77.84137	LAX_RV_SEPTUM	11	1.0	21
-1.39085	-11.31977	-75.04783	LAX_RV_SEPTUM	11	1.0	21
-1.68375	-12.73328	-72.25429	LAX_RV_SEPTUM	11	1.0	21
-2.06206	-12.74316	-69.46736	LAX_RV_SEPTUM	11	1.0	21
-2.44037	-12.75304	-66.68044	LAX_RV_SEPTUM	11	1.0	21
-2.81869	-12.76292	-63.89352	LAX_RV_SEPTUM	11	1.0	21
-3.19700	-12.77280	-61.10659	LAX_RV_SEPTUM	11	1.0	21
-3.57531	-12.78268	-58.31967	LAX_RV_SEPTUM	11	1.0	21
-3.86821	-14.19619	-55.52613	LAX_RV_SEPTUM	11	1.0	21
-4.16110	-15.60971	-52.73259	LAX_RV_SEPTUM	11	1.0	21
-4.53942	-15.61959	-49.94566	LAX_RV_SEPTUM	11	1.0	21
-4.91773	-15.62947	-47.15874	LAX_RV_SEPTUM	11	1.0	21
-5.29604	-15.63935	-44.37182	LAX_RV_SEPTUM	11	1.0	21
-5.75977	-14.24559	-41.59151	LAX_RV_SEPTUM	11	1.0	21
-6.22350	-12.85183	-38.81121	LAX_RV_SEPTUM	11	1.0	21
-6.60181	-12.86171	-36.02429	LAX_RV_SEPTUM	11	1.0	21
-7.06554	-11.46795	-33.24398	LAX_RV_SEPTUM	11	1.0	21
-7.44385	-11.47783	-30.45706	LAX_RV_SEPTUM	11	1.0	21
-7.90758	-10.08407	-27.67676	LAX_RV_SEPTUM	11	1.0	21
-8.37130	-8.69031	-24.89645	LAX_RV_SEPTUM	11	1.0	21
-8.74962	-8.70019	-22.10953	LAX_RV_SEPTUM	11	1.0	21
-9.21334	-7.30643	-19.32922	LAX_RV_SEPTUM	11	1.0	21
-9.67707	-5.91267	-16.54892	LAX_RV_SEPTUM	11	1.0	21
-10.14080	-4.51891	-13.76862	LAX_RV_SEPTUM	11	1.0	21
-10.60453	-3.12515	-10.98831	LAX_RV_SEPTUM	11	1.0	21
-10.98284	-3.13503	-8.20139	LAX_RV_SEPTUM	11	1.0	21
-11.17820	-18.60469	0.23219	LAX_RV_EPICARDIAL	11	1.0	21
-10.71447	-19.99845	-2.54811	LAX_RV_EPICARDIAL	11	1.0	21
-10.25075	-21.39221	-5.32842	LAX_RV_EPICARDIAL	11	1.0	21
-9.78702	-22.78597	-8.10872	LAX_RV_EPICARDIAL	11	1.0	21
-9.40871	-22.77609	-10.89564	LAX_RV_EPICARDIAL	11	1.0	21
-8.94498	-24.16985	-13.67595	LAX_RV_EPICARDIAL	11	1.0	21
-8.48125	-25.56361	-16.45625	LAX_RV_EPICARDIAL	11	1.0	21
-8.01752	-26.95737	-19.23655	LAX_RV_EPICARDIAL	11	1.0	21
-7.63921	-26.94749	-22.02348	LAX_RV_EPICARDIAL	11	1.0	21
-7.26090	-26.93761	-24.81040	LAX_RV_EPICARDIAL	11	1.0	21
-6.88259	-26.92773	-27.59732	LAX_RV_EPICARDIAL	11	1.0	21
-6.41886	-28.32149	-30.37763	LAX_RV_EPICARDIAL	11	1.0	21
-6.04055	-28.31161	-33.16455	LAX_RV_EPICARDIAL	11	1.0	21
-5.66223	-28.30173	-35.95147	LAX_RV_EPICARDIAL	11	1.0	21
-5.28392	-28.29185	-38.73840	LAX_RV_EPICARDIAL	11	1.0	21
-4.90561	-28.28197	-41.52532	LAX_RV_EPICARDIAL	11	1.0	21
-4.52730	-28.27210	-44.31224	LAX_RV_EPICARDIAL	11	1.0	21
-4.14898	-28.26222	-47.09917	LAX_RV_EPICARDIAL	11	1.0	21
-3.77067	-28.25234	-49.88609	LAX_RV_EPICARDIAL	11	1.0	21
-3.39236	-28.24246	-52.67301	LAX_RV_EPICARDIAL	11	1.0	21
-3.01405	-28.23258	-55.45993	LAX_RV_EPICARDIAL	11	1.0	21
-2.55032	-29.62634	-58.24024	LAX_RV_EPICARDIAL	11	1.0	21
-2.17201	-29.61646	-61.02716	LAX_RV_EPICARDIAL	11	1.0	21
-1.79370	-29.60658	-63.81408	LAX_RV_EPICARDIAL	11	1.0	21
-1.32997	-31.00034	-66.59439	LAX_RV_EPICARDIAL	11	1.0	21
-0.95165	-30.99046	-69.38131	LAX_RV_EPICARDIAL	11	1.0	21
-0.57334	-30.98059	-72.16823	LAX_RV_EPICARDIAL	11	1.0	21
-0.19503	-30.97071	-74.95516	LAX_RV_EPICARDIAL	11	1.0	21
0.09787	-29.55719	-77.74870	LAX_RV_EPICARDIAL	11	1.0	21
0.47618	-29.54731	-80.53562	LAX_RV_EPICARDIAL	11	1.0	21
0.85449	-29.53743	-83.32255	LAX_RV_EPICARDIAL	11	1.0	21
1.23280	-29.52755	-86.10947	LAX_RV_EPICARDIAL	11	1.0	21
1.61111	-29.51767	-88.89639	LAX_RV_EPICARDIAL	11	1.0	21
1.98943	-29.50780	-91.68332	LAX_RV_EPICARDIAL	11	1.0	21
2.36774	-29.49792	-94.47024	LAX_RV_EPICARDIAL	11	1.0	21
2.74605	-29.48804	-97.25716	LAX_RV_EPICARDIAL	11	1.0	21
3.12436	-29.47816	-100.04409	LAX_RV_EPICARDIAL	11	1.0	21
3.50268	-29.46828	-102.83101	LAX_RV_EPICARDIAL	11	1.0	21
3.79557	-28.05476	-105.62455	LAX_RV_EPICARDIAL	11	1.0	21
4.17388	-28.04488	-108.41147	LAX_RV_EPICARDIAL	11	1.0	21
4.38136	-25.22773	-111.21164	LAX_RV_EPICARDIAL	11	1.0	21
4.58884	-22.41057	-114.01180	LAX_RV_EPICARDIAL	11	1.0	21
4.41801	-19.60329	-114.02504	LAX_RV_EPICARDIAL	11	1.0	21
4.05803	-16.80096	-112.64481	LAX_RV_EPICARDIAL	11	1.0	21
3.88719	-13.99368	-112.65805	LAX_RV_EPICARDIAL	11	1.0	21
3.52721	-11.19134	-111.27783	LAX_RV_EPICARDIAL	11	1.0	21
3.16722	-8.38900	-109.89761	LAX_RV_EPICARDIAL	11	1.0	21
2.80723	-5.58667	-108.51738	LAX_RV_EPICARDIAL	11	1.0	21
2.44724	-2.78433	-107.13716	LAX_RV_EPICARDIAL	11	1.0	21
1.89810	0.01307	-104.36348	LAX_RV_EPICARDIAL	11	1.0	21
1.53811	2.81541	-102.98325	LAX_RV_EPICARDIAL	11	1.0	21
0.98897	5.61281	-100.20957	LAX_RV_EPICARDIAL	11	1.0	21
0.52524	7.00657	-97.42927	LAX_RV_EPICARDIAL	11	1.0	21
-0.02391	9.80396	-94.65558	LAX_RV_EPICARDIAL	11	1.0	21
-0.57305	12.60136	-91.88190	LAX_RV_EPICARDIAL	11	1.0	21
-0.95136	12.59148	-89.09497	LAX_RV_EPICARDIAL	11	1.0	21
-0.96969	9.77927	-87.68827	LAX_RV_EPICARDIAL	11	1.0	21
-0.60970	6.97693	-89.06850	LAX_RV_EPICARDIAL	11	1.0	21
-11.36115	-3.14490	-5.41447	PULMONARY_VALVE	11	1.0	21
-11.81276	-14.40365	2.99926	PULMONARY_VALVE	11	1.0	21
