x	y	z	contour type	frameID	weight	time frame
-38.85636	-20.95398	-31.36729	SAX_RV_FREEWALL	2	1.0	5
-40.55293	-19.84921	-33.77329	SAX_RV_FREEWALL	2	1.0	5
-42.78062	-19.84921	-35.49013	SAX_RV_FREEWALL	2	1.0	5
-44.47718	-18.74445	-37.89614	SAX_RV_FREEWALL	2	1.0	5
-46.17375	-17.63968	-40.30214	SAX_RV_FREEWALL	2	1.0	5
-47.87032	-16.53492	-42.70814	SAX_RV_FREEWALL	2	1.0	5
-49.56689	-15.43015	-45.11414	SAX_RV_FREEWALL	2	1.0	5
-51.79458	-15.43015	-46.83099	SAX_RV_FREEWALL	2	1.0	5
-52.96002	-13.22062	-49.92615	SAX_RV_FREEWALL	2	1.0	5
-54.65659	-12.11585	-52.33215	SAX_RV_FREEWALL	2	1.0	5
-56.35316	-11.01109	-54.73815	SAX_RV_FREEWALL	2	1.0	5
-57.51860	-8.80155	-57.83331	SAX_RV_FREEWALL	2	1.0	5
-57.57021	-6.59202	-60.07005	SAX_RV_FREEWALL	2	1.0	5
-59.26677	-5.48725	-62.47605	SAX_RV_FREEWALL	2	1.0	5
-60.43222	-3.27772	-65.57121	SAX_RV_FREEWALL	2	1.0	5
-60.48382	-1.06818	-67.80795	SAX_RV_FREEWALL	2	1.0	5
-58.30774	1.14136	-68.32784	SAX_RV_FREEWALL	2	1.0	5
-57.24549	3.35089	-69.70615	SAX_RV_FREEWALL	2	1.0	5
-56.18325	5.56043	-71.08446	SAX_RV_FREEWALL	2	1.0	5
-55.12101	7.76997	-72.46278	SAX_RV_FREEWALL	2	1.0	5
-52.94492	9.97951	-72.98267	SAX_RV_FREEWALL	2	1.0	5
-50.76884	12.18904	-73.50256	SAX_RV_FREEWALL	2	1.0	5
-48.59275	14.39858	-74.02245	SAX_RV_FREEWALL	2	1.0	5
-45.83394	15.50335	-72.99476	SAX_RV_FREEWALL	2	1.0	5
-43.07513	16.60812	-71.96707	SAX_RV_FREEWALL	2	1.0	5
-40.31632	17.71289	-70.93938	SAX_RV_FREEWALL	2	1.0	5
-38.08864	17.71289	-69.22254	SAX_RV_FREEWALL	2	1.0	5
-35.32983	18.81767	-68.19485	SAX_RV_FREEWALL	2	1.0	5
-32.57102	19.92244	-67.16716	SAX_RV_FREEWALL	2	1.0	5
-30.34333	19.92244	-65.45031	SAX_RV_FREEWALL	2	1.0	5
-27.58452	21.02721	-64.42262	SAX_RV_FREEWALL	2	1.0	5
-25.35683	21.02721	-62.70578	SAX_RV_FREEWALL	2	1.0	5
-17.42021	-8.80151	-26.93009	SAX_RV_FREEWALL	2	1.0	5
-17.36861	-11.01105	-24.69335	SAX_RV_FREEWALL	2	1.0	5
-17.31701	-13.22058	-22.45662	SAX_RV_FREEWALL	2	1.0	5
-15.62044	-14.32535	-20.05062	SAX_RV_FREEWALL	2	1.0	5
-16.68268	-16.53488	-18.67230	SAX_RV_FREEWALL	2	1.0	5
-18.91037	-16.53489	-20.38915	SAX_RV_FREEWALL	2	1.0	5
-21.66918	-17.63966	-21.41684	SAX_RV_FREEWALL	2	1.0	5
-22.73142	-19.84919	-20.03852	SAX_RV_FREEWALL	2	1.0	5
-24.95911	-19.84920	-21.75537	SAX_RV_FREEWALL	2	1.0	5
-27.18680	-19.84920	-23.47222	SAX_RV_FREEWALL	2	1.0	5
-29.41449	-19.84920	-25.18906	SAX_RV_FREEWALL	2	1.0	5
-31.64217	-19.84920	-26.90591	SAX_RV_FREEWALL	2	1.0	5
-34.40098	-20.95397	-27.93360	SAX_RV_FREEWALL	2	1.0	5
-36.62867	-20.95398	-29.65044	SAX_RV_FREEWALL	2	1.0	5
-28.32205	28.76058	-72.68041	SAX_RV_EPICARDIAL	2	1.0	5
-24.34619	25.44628	-66.32083	SAX_RV_EPICARDIAL	2	1.0	5
-23.81507	26.55105	-67.00999	SAX_RV_EPICARDIAL	2	1.0	5
-22.11850	25.44628	-64.60398	SAX_RV_EPICARDIAL	2	1.0	5
-16.57948	-20.95396	-14.19883	SAX_RV_EPICARDIAL	2	1.0	5
-14.35179	-20.95395	-12.48198	SAX_RV_EPICARDIAL	2	1.0	5
-11.59298	-19.84918	-11.45430	SAX_RV_EPICARDIAL	2	1.0	5
-8.83417	-18.74441	-10.42661	SAX_RV_EPICARDIAL	2	1.0	5
-6.07536	-17.63964	-9.39892	SAX_RV_EPICARDIAL	2	1.0	5
-5.49264	-18.74441	-7.85134	SAX_RV_EPICARDIAL	2	1.0	5
-8.25145	-19.84918	-8.87903	SAX_RV_EPICARDIAL	2	1.0	5
-10.47913	-19.84918	-10.59587	SAX_RV_EPICARDIAL	2	1.0	5
-12.70682	-19.84918	-12.31272	SAX_RV_EPICARDIAL	2	1.0	5
-15.46563	-20.95395	-13.34041	SAX_RV_EPICARDIAL	2	1.0	5
-38.80476	-23.16351	-29.13055	SAX_RV_EPICARDIAL	2	1.0	5
-40.50133	-22.05875	-31.53655	SAX_RV_EPICARDIAL	2	1.0	5
-42.72901	-22.05875	-33.25340	SAX_RV_EPICARDIAL	2	1.0	5
-44.42558	-20.95398	-35.65940	SAX_RV_EPICARDIAL	2	1.0	5
-46.12215	-19.84922	-38.06540	SAX_RV_EPICARDIAL	2	1.0	5
-48.34984	-19.84922	-39.78225	SAX_RV_EPICARDIAL	2	1.0	5
-50.04641	-18.74445	-42.18825	SAX_RV_EPICARDIAL	2	1.0	5
-51.74297	-17.63969	-44.59425	SAX_RV_EPICARDIAL	2	1.0	5
-53.43954	-16.53492	-47.00026	SAX_RV_EPICARDIAL	2	1.0	5
-55.13611	-15.43016	-49.40626	SAX_RV_EPICARDIAL	2	1.0	5
-52.37730	-14.32538	-48.37857	SAX_RV_EPICARDIAL	2	1.0	5
-58.10133	-7.69678	-59.38089	SAX_RV_EPICARDIAL	2	1.0	5
-60.96334	-4.38248	-64.88205	SAX_RV_EPICARDIAL	2	1.0	5
-62.12879	-2.17295	-67.97721	SAX_RV_EPICARDIAL	2	1.0	5
-62.71151	-1.06818	-69.52479	SAX_RV_EPICARDIAL	2	1.0	5
-60.53542	1.14136	-70.04468	SAX_RV_EPICARDIAL	2	1.0	5
-59.47318	3.35089	-71.42300	SAX_RV_EPICARDIAL	2	1.0	5
-57.29710	5.56043	-71.94289	SAX_RV_EPICARDIAL	2	1.0	5
-56.23485	7.76997	-73.32120	SAX_RV_EPICARDIAL	2	1.0	5
-55.17261	9.97950	-74.69951	SAX_RV_EPICARDIAL	2	1.0	5
-54.11037	12.18904	-76.07783	SAX_RV_EPICARDIAL	2	1.0	5
-52.41380	11.08427	-73.67182	SAX_RV_EPICARDIAL	2	1.0	5
-33.28714	-20.95397	-27.07517	SAX_RV_EPICARDIAL	2	1.0	5
-31.59057	-22.05874	-24.66917	SAX_RV_EPICARDIAL	2	1.0	5
-29.36288	-22.05874	-22.95232	SAX_RV_EPICARDIAL	2	1.0	5
-27.13520	-22.05873	-21.23548	SAX_RV_EPICARDIAL	2	1.0	5
-24.90751	-22.05873	-19.51863	SAX_RV_EPICARDIAL	2	1.0	5
-24.90751	-22.05873	-19.51863	SAX_RV_EPICARDIAL	2	1.0	5
-27.13520	-22.05873	-21.23548	SAX_RV_EPICARDIAL	2	1.0	5
-29.36288	-22.05874	-22.95232	SAX_RV_EPICARDIAL	2	1.0	5
-31.59057	-22.05874	-24.66917	SAX_RV_EPICARDIAL	2	1.0	5
-33.28714	-20.95397	-27.07517	SAX_RV_EPICARDIAL	2	1.0	5
-38.27364	-22.05874	-29.81971	SAX_RV_EPICARDIAL	2	1.0	5
-41.08405	-20.95398	-33.08413	SAX_RV_EPICARDIAL	2	1.0	5
-38.85636	-20.95398	-31.36729	SAX_RV_EPICARDIAL	2	1.0	5
-23.12914	21.02721	-60.98893	SAX_RV_SEPTUM	2	1.0	5
-23.07754	18.81768	-58.75220	SAX_RV_SEPTUM	2	1.0	5
-23.02594	16.60814	-56.51546	SAX_RV_SEPTUM	2	1.0	5
-22.97434	14.39861	-54.27872	SAX_RV_SEPTUM	2	1.0	5
-24.03658	12.18907	-52.90041	SAX_RV_SEPTUM	2	1.0	5
-22.87113	9.97954	-49.80525	SAX_RV_SEPTUM	2	1.0	5
-22.81953	7.77000	-47.56852	SAX_RV_SEPTUM	2	1.0	5
-22.76793	5.56046	-45.33178	SAX_RV_SEPTUM	2	1.0	5
-22.71632	3.35093	-43.09504	SAX_RV_SEPTUM	2	1.0	5
-22.66472	1.14139	-40.85831	SAX_RV_SEPTUM	2	1.0	5
-21.49927	-1.06814	-37.76315	SAX_RV_SEPTUM	2	1.0	5
-20.33383	-3.27768	-34.66799	SAX_RV_SEPTUM	2	1.0	5
-18.10614	-3.27767	-32.95114	SAX_RV_SEPTUM	2	1.0	5
-16.94069	-5.48721	-29.85598	SAX_RV_SEPTUM	2	1.0	5
-16.35797	-6.59197	-28.30840	SAX_RV_SEPTUM	2	1.0	5
-19.89081	25.44629	-62.88714	SAX_LV_EPICARDIAL	2	1.0	5
-18.82857	27.65582	-64.26545	SAX_LV_EPICARDIAL	2	1.0	5
-17.76633	29.86536	-65.64376	SAX_LV_EPICARDIAL	2	1.0	5
-15.59024	32.07490	-66.16365	SAX_LV_EPICARDIAL	2	1.0	5
-13.41416	34.28444	-66.68355	SAX_LV_EPICARDIAL	2	1.0	5
-12.35192	36.49397	-68.06186	SAX_LV_EPICARDIAL	2	1.0	5
-10.17583	38.70351	-68.58175	SAX_LV_EPICARDIAL	2	1.0	5
-6.88590	40.91305	-68.24322	SAX_LV_EPICARDIAL	2	1.0	5
-3.59597	43.12259	-67.90469	SAX_LV_EPICARDIAL	2	1.0	5
-0.30604	45.33213	-67.56615	SAX_LV_EPICARDIAL	2	1.0	5
2.98389	47.54166	-67.22762	SAX_LV_EPICARDIAL	2	1.0	5
5.74270	48.64644	-66.19993	SAX_LV_EPICARDIAL	2	1.0	5
8.50151	49.75121	-65.17224	SAX_LV_EPICARDIAL	2	1.0	5
10.72920	49.75121	-63.45540	SAX_LV_EPICARDIAL	2	1.0	5
13.48801	50.85598	-62.42771	SAX_LV_EPICARDIAL	2	1.0	5
15.71570	50.85598	-60.71086	SAX_LV_EPICARDIAL	2	1.0	5
17.94338	50.85598	-58.99402	SAX_LV_EPICARDIAL	2	1.0	5
20.17107	50.85599	-57.27717	SAX_LV_EPICARDIAL	2	1.0	5
22.39876	50.85599	-55.56033	SAX_LV_EPICARDIAL	2	1.0	5
24.62645	50.85599	-53.84348	SAX_LV_EPICARDIAL	2	1.0	5
26.32302	49.75122	-51.43748	SAX_LV_EPICARDIAL	2	1.0	5
28.55071	49.75123	-49.72063	SAX_LV_EPICARDIAL	2	1.0	5
30.24727	48.64646	-47.31463	SAX_LV_EPICARDIAL	2	1.0	5
31.41272	46.43693	-44.21947	SAX_LV_EPICARDIAL	2	1.0	5
33.10929	45.33216	-41.81347	SAX_LV_EPICARDIAL	2	1.0	5
34.27473	43.12262	-38.71831	SAX_LV_EPICARDIAL	2	1.0	5
34.32634	40.91309	-36.48157	SAX_LV_EPICARDIAL	2	1.0	5
34.37794	38.70355	-34.24484	SAX_LV_EPICARDIAL	2	1.0	5
34.42954	36.49402	-32.00810	SAX_LV_EPICARDIAL	2	1.0	5
34.48114	34.28448	-29.77136	SAX_LV_EPICARDIAL	2	1.0	5
33.41890	32.07495	-28.39305	SAX_LV_EPICARDIAL	2	1.0	5
32.35666	29.86541	-27.01474	SAX_LV_EPICARDIAL	2	1.0	5
32.40826	27.65587	-24.77800	SAX_LV_EPICARDIAL	2	1.0	5
31.34602	25.44634	-23.39969	SAX_LV_EPICARDIAL	2	1.0	5
29.16993	23.23680	-22.87980	SAX_LV_EPICARDIAL	2	1.0	5
28.10769	21.02726	-21.50148	SAX_LV_EPICARDIAL	2	1.0	5
27.04545	18.81773	-20.12317	SAX_LV_EPICARDIAL	2	1.0	5
24.86936	16.60819	-19.60328	SAX_LV_EPICARDIAL	2	1.0	5
22.69328	14.39865	-19.08339	SAX_LV_EPICARDIAL	2	1.0	5
20.51719	12.18911	-18.56350	SAX_LV_EPICARDIAL	2	1.0	5
17.22726	9.97958	-18.90203	SAX_LV_EPICARDIAL	2	1.0	5
13.93733	7.77004	-19.24056	SAX_LV_EPICARDIAL	2	1.0	5
10.64740	5.56050	-19.57910	SAX_LV_EPICARDIAL	2	1.0	5
7.88859	4.45573	-20.60678	SAX_LV_EPICARDIAL	2	1.0	5
5.12978	3.35096	-21.63447	SAX_LV_EPICARDIAL	2	1.0	5
2.37097	2.24619	-22.66216	SAX_LV_EPICARDIAL	2	1.0	5
-0.38784	1.14142	-23.68985	SAX_LV_EPICARDIAL	2	1.0	5
-3.67777	-1.06812	-24.02838	SAX_LV_EPICARDIAL	2	1.0	5
-6.43658	-2.17289	-25.05607	SAX_LV_EPICARDIAL	2	1.0	5
-9.19539	-3.27766	-26.08376	SAX_LV_EPICARDIAL	2	1.0	5
-11.42307	-3.27767	-27.80061	SAX_LV_EPICARDIAL	2	1.0	5
-16.61598	4.45570	-39.49209	SAX_LV_ENDOCARDIAL	2	1.0	5
-16.66758	6.66524	-41.72882	SAX_LV_ENDOCARDIAL	2	1.0	5
-16.71919	8.87477	-43.96556	SAX_LV_ENDOCARDIAL	2	1.0	5
-16.77079	11.08431	-46.20229	SAX_LV_ENDOCARDIAL	2	1.0	5
-16.82239	13.29384	-48.43903	SAX_LV_ENDOCARDIAL	2	1.0	5
-16.87399	15.50338	-50.67577	SAX_LV_ENDOCARDIAL	2	1.0	5
-15.81175	17.71292	-52.05408	SAX_LV_ENDOCARDIAL	2	1.0	5
-15.86335	19.92245	-54.29082	SAX_LV_ENDOCARDIAL	2	1.0	5
-14.80111	22.13199	-55.66913	SAX_LV_ENDOCARDIAL	2	1.0	5
-13.73887	24.34153	-57.04744	SAX_LV_ENDOCARDIAL	2	1.0	5
-12.67663	26.55106	-58.42576	SAX_LV_ENDOCARDIAL	2	1.0	5
-11.61439	28.76060	-59.80407	SAX_LV_ENDOCARDIAL	2	1.0	5
-10.55214	30.97013	-61.18238	SAX_LV_ENDOCARDIAL	2	1.0	5
-8.37606	33.17967	-61.70227	SAX_LV_ENDOCARDIAL	2	1.0	5
-6.19997	35.38921	-62.22217	SAX_LV_ENDOCARDIAL	2	1.0	5
-2.91004	37.59875	-61.88363	SAX_LV_ENDOCARDIAL	2	1.0	5
0.37989	39.80829	-61.54510	SAX_LV_ENDOCARDIAL	2	1.0	5
3.13870	40.91306	-60.51741	SAX_LV_ENDOCARDIAL	2	1.0	5
5.89751	42.01783	-59.48972	SAX_LV_ENDOCARDIAL	2	1.0	5
9.18744	44.22737	-59.15119	SAX_LV_ENDOCARDIAL	2	1.0	5
11.94625	45.33214	-58.12350	SAX_LV_ENDOCARDIAL	2	1.0	5
14.17394	45.33214	-56.40666	SAX_LV_ENDOCARDIAL	2	1.0	5
16.40162	45.33214	-54.68981	SAX_LV_ENDOCARDIAL	2	1.0	5
18.62931	45.33214	-52.97297	SAX_LV_ENDOCARDIAL	2	1.0	5
20.85700	45.33215	-51.25612	SAX_LV_ENDOCARDIAL	2	1.0	5
22.55357	44.22738	-48.85012	SAX_LV_ENDOCARDIAL	2	1.0	5
24.25014	43.12261	-46.44411	SAX_LV_ENDOCARDIAL	2	1.0	5
25.41558	40.91308	-43.34896	SAX_LV_ENDOCARDIAL	2	1.0	5
25.46718	38.70355	-41.11222	SAX_LV_ENDOCARDIAL	2	1.0	5
25.51879	36.49401	-38.87548	SAX_LV_ENDOCARDIAL	2	1.0	5
25.57039	34.28447	-36.63875	SAX_LV_ENDOCARDIAL	2	1.0	5
25.62199	32.07494	-34.40201	SAX_LV_ENDOCARDIAL	2	1.0	5
24.55975	29.86540	-33.02370	SAX_LV_ENDOCARDIAL	2	1.0	5
23.49751	27.65587	-31.64538	SAX_LV_ENDOCARDIAL	2	1.0	5
23.54911	25.44633	-29.40865	SAX_LV_ENDOCARDIAL	2	1.0	5
21.37302	23.23679	-28.88876	SAX_LV_ENDOCARDIAL	2	1.0	5
20.31078	21.02726	-27.51044	SAX_LV_ENDOCARDIAL	2	1.0	5
17.02085	18.81772	-27.84898	SAX_LV_ENDOCARDIAL	2	1.0	5
15.90701	18.81772	-28.70740	SAX_LV_ENDOCARDIAL	2	1.0	5
16.43813	19.92248	-29.39656	SAX_LV_ENDOCARDIAL	2	1.0	5
14.74156	21.02725	-31.80256	SAX_LV_ENDOCARDIAL	2	1.0	5
11.98275	19.92248	-32.83025	SAX_LV_ENDOCARDIAL	2	1.0	5
10.33779	18.81771	-32.99951	SAX_LV_ENDOCARDIAL	2	1.0	5
8.16170	16.60817	-32.47962	SAX_LV_ENDOCARDIAL	2	1.0	5
5.98561	14.39864	-31.95973	SAX_LV_ENDOCARDIAL	2	1.0	5
2.69568	12.18910	-32.29826	SAX_LV_ENDOCARDIAL	2	1.0	5
2.74729	9.97956	-30.06153	SAX_LV_ENDOCARDIAL	2	1.0	5
-0.54264	7.77002	-30.40006	SAX_LV_ENDOCARDIAL	2	1.0	5
-3.30145	6.66525	-31.42775	SAX_LV_ENDOCARDIAL	2	1.0	5
-6.06026	5.56048	-32.45544	SAX_LV_ENDOCARDIAL	2	1.0	5
-8.81907	4.45571	-33.48313	SAX_LV_ENDOCARDIAL	2	1.0	5
-11.04676	4.45571	-35.19997	SAX_LV_ENDOCARDIAL	2	1.0	5
-13.27445	4.45571	-36.91682	SAX_LV_ENDOCARDIAL	2	1.0	5
-15.50214	4.45570	-38.63366	SAX_LV_ENDOCARDIAL	2	1.0	5
-23.12914	21.02721	-60.98893	RV_INSERT	2	1.0	5
-16.35797	-6.59197	-28.30840	RV_INSERT	2	1.0	5
-36.03979	-27.48641	-51.14687	SAX_RV_FREEWALL	3	1.0	5
-37.73635	-26.38165	-53.55288	SAX_RV_FREEWALL	3	1.0	5
-39.96404	-26.38165	-55.26972	SAX_RV_FREEWALL	3	1.0	5
-42.19173	-26.38165	-56.98657	SAX_RV_FREEWALL	3	1.0	5
-43.88830	-25.27688	-59.39257	SAX_RV_FREEWALL	3	1.0	5
-45.58487	-24.17212	-61.79857	SAX_RV_FREEWALL	3	1.0	5
-47.28143	-23.06735	-64.20457	SAX_RV_FREEWALL	3	1.0	5
-48.44688	-20.85782	-67.29973	SAX_RV_FREEWALL	3	1.0	5
-49.61233	-18.64828	-70.39489	SAX_RV_FREEWALL	3	1.0	5
-50.77777	-16.43875	-73.49005	SAX_RV_FREEWALL	3	1.0	5
-50.82938	-14.22921	-75.72679	SAX_RV_FREEWALL	3	1.0	5
-50.88098	-12.01968	-77.96352	SAX_RV_FREEWALL	3	1.0	5
-49.81874	-9.81014	-79.34184	SAX_RV_FREEWALL	3	1.0	5
-48.75649	-7.60061	-80.72015	SAX_RV_FREEWALL	3	1.0	5
-47.69425	-5.39107	-82.09846	SAX_RV_FREEWALL	3	1.0	5
-45.51817	-3.18153	-82.61835	SAX_RV_FREEWALL	3	1.0	5
-42.22824	-0.97199	-82.27982	SAX_RV_FREEWALL	3	1.0	5
-40.05215	1.23755	-82.79971	SAX_RV_FREEWALL	3	1.0	5
-37.87606	3.44708	-83.31960	SAX_RV_FREEWALL	3	1.0	5
-34.58613	5.65662	-82.98107	SAX_RV_FREEWALL	3	1.0	5
-32.41005	7.86616	-83.50096	SAX_RV_FREEWALL	3	1.0	5
-30.23396	10.07570	-84.02085	SAX_RV_FREEWALL	3	1.0	5
-26.94403	12.28524	-83.68232	SAX_RV_FREEWALL	3	1.0	5
-24.18522	13.39001	-82.65463	SAX_RV_FREEWALL	3	1.0	5
-21.42641	14.49478	-81.62694	SAX_RV_FREEWALL	3	1.0	5
-18.66760	15.59955	-80.59925	SAX_RV_FREEWALL	3	1.0	5
-16.43991	15.59955	-78.88241	SAX_RV_FREEWALL	3	1.0	5
-14.21223	15.59955	-77.16556	SAX_RV_FREEWALL	3	1.0	5
2.73835	-18.64823	-30.04902	SAX_RV_FREEWALL	3	1.0	5
-0.02046	-19.75300	-31.07671	SAX_RV_FREEWALL	3	1.0	5
-2.24815	-19.75300	-32.79355	SAX_RV_FREEWALL	3	1.0	5
-5.00696	-20.85777	-33.82124	SAX_RV_FREEWALL	3	1.0	5
-8.29689	-23.06731	-34.15978	SAX_RV_FREEWALL	3	1.0	5
-11.05570	-24.17208	-35.18746	SAX_RV_FREEWALL	3	1.0	5
-13.81450	-25.27685	-36.21515	SAX_RV_FREEWALL	3	1.0	5
-16.04219	-25.27686	-37.93200	SAX_RV_FREEWALL	3	1.0	5
-18.80100	-26.38163	-38.95969	SAX_RV_FREEWALL	3	1.0	5
-21.55981	-27.48640	-39.98738	SAX_RV_FREEWALL	3	1.0	5
-23.78750	-27.48640	-41.70422	SAX_RV_FREEWALL	3	1.0	5
-26.01519	-27.48640	-43.42107	SAX_RV_FREEWALL	3	1.0	5
-28.24288	-27.48640	-45.13791	SAX_RV_FREEWALL	3	1.0	5
-30.47057	-27.48641	-46.85476	SAX_RV_FREEWALL	3	1.0	5
-32.69825	-27.48641	-48.57160	SAX_RV_FREEWALL	3	1.0	5
-34.92594	-27.48641	-50.28845	SAX_RV_FREEWALL	3	1.0	5
-37.05043	-31.90548	-47.53182	SAX_RV_EPICARDIAL	3	1.0	5
-38.74699	-30.80072	-49.93783	SAX_RV_EPICARDIAL	3	1.0	5
-40.97468	-30.80072	-51.65467	SAX_RV_EPICARDIAL	3	1.0	5
-42.67125	-29.69595	-54.06067	SAX_RV_EPICARDIAL	3	1.0	5
-44.36782	-28.59119	-56.46668	SAX_RV_EPICARDIAL	3	1.0	5
-46.59551	-28.59119	-58.18352	SAX_RV_EPICARDIAL	3	1.0	5
-48.29207	-27.48642	-60.58952	SAX_RV_EPICARDIAL	3	1.0	5
-49.98864	-26.38166	-62.99553	SAX_RV_EPICARDIAL	3	1.0	5
-50.04024	-24.17212	-65.23226	SAX_RV_EPICARDIAL	3	1.0	5
-51.73681	-23.06736	-67.63827	SAX_RV_EPICARDIAL	3	1.0	5
-52.90226	-20.85782	-70.73342	SAX_RV_EPICARDIAL	3	1.0	5
-54.59882	-19.75306	-73.13943	SAX_RV_EPICARDIAL	3	1.0	5
-54.65043	-17.54352	-75.37616	SAX_RV_EPICARDIAL	3	1.0	5
-53.58819	-15.33398	-76.75448	SAX_RV_EPICARDIAL	3	1.0	5
-53.63979	-13.12445	-78.99121	SAX_RV_EPICARDIAL	3	1.0	5
-52.57755	-10.91491	-80.36953	SAX_RV_EPICARDIAL	3	1.0	5
-51.51530	-8.70538	-81.74784	SAX_RV_EPICARDIAL	3	1.0	5
-50.45306	-6.49584	-83.12615	SAX_RV_EPICARDIAL	3	1.0	5
-49.39082	-4.28630	-84.50447	SAX_RV_EPICARDIAL	3	1.0	5
-47.21473	-2.07677	-85.02436	SAX_RV_EPICARDIAL	3	1.0	5
-45.03865	0.13277	-85.54425	SAX_RV_EPICARDIAL	3	1.0	5
-42.86256	2.34231	-86.06414	SAX_RV_EPICARDIAL	3	1.0	5
-40.68648	4.55185	-86.58403	SAX_RV_EPICARDIAL	3	1.0	5
-38.51039	6.76139	-87.10392	SAX_RV_EPICARDIAL	3	1.0	5
-35.22046	8.97092	-86.76539	SAX_RV_EPICARDIAL	3	1.0	5
-31.93053	11.18046	-86.42685	SAX_RV_EPICARDIAL	3	1.0	5
-28.64060	13.39000	-86.08832	SAX_RV_EPICARDIAL	3	1.0	5
-25.88179	14.49477	-85.06063	SAX_RV_EPICARDIAL	3	1.0	5
-22.59186	16.70431	-84.72210	SAX_RV_EPICARDIAL	3	1.0	5
-19.30193	18.91385	-84.38357	SAX_RV_EPICARDIAL	3	1.0	5
-16.54312	20.01862	-83.35588	SAX_RV_EPICARDIAL	3	1.0	5
-14.31543	20.01862	-81.63903	SAX_RV_EPICARDIAL	3	1.0	5
-11.55662	21.12339	-80.61135	SAX_RV_EPICARDIAL	3	1.0	5
-9.86005	20.01863	-78.20534	SAX_RV_EPICARDIAL	3	1.0	5
-10.33957	16.70432	-75.27945	SAX_RV_EPICARDIAL	3	1.0	5
7.67325	-15.33392	-29.54122	SAX_RV_EPICARDIAL	3	1.0	5
9.90094	-15.33392	-27.82438	SAX_RV_EPICARDIAL	3	1.0	5
8.83869	-17.54346	-26.44606	SAX_RV_EPICARDIAL	3	1.0	5
5.54876	-19.75300	-26.78459	SAX_RV_EPICARDIAL	3	1.0	5
2.25883	-21.96254	-27.12313	SAX_RV_EPICARDIAL	3	1.0	5
-0.49998	-23.06731	-28.15082	SAX_RV_EPICARDIAL	3	1.0	5
-3.25879	-24.17208	-29.17850	SAX_RV_EPICARDIAL	3	1.0	5
-6.01760	-25.27685	-30.20619	SAX_RV_EPICARDIAL	3	1.0	5
-8.77640	-26.38162	-31.23388	SAX_RV_EPICARDIAL	3	1.0	5
-11.53521	-27.48639	-32.26157	SAX_RV_EPICARDIAL	3	1.0	5
-14.29402	-28.59116	-33.28926	SAX_RV_EPICARDIAL	3	1.0	5
-17.05283	-29.69593	-34.31695	SAX_RV_EPICARDIAL	3	1.0	5
-19.81164	-30.80070	-35.34464	SAX_RV_EPICARDIAL	3	1.0	5
-22.03933	-30.80070	-37.06148	SAX_RV_EPICARDIAL	3	1.0	5
-24.79814	-31.90547	-38.08917	SAX_RV_EPICARDIAL	3	1.0	5
-27.02583	-31.90547	-39.80602	SAX_RV_EPICARDIAL	3	1.0	5
-29.25352	-31.90548	-41.52286	SAX_RV_EPICARDIAL	3	1.0	5
-31.48121	-31.90548	-43.23971	SAX_RV_EPICARDIAL	3	1.0	5
-33.70889	-31.90548	-44.95656	SAX_RV_EPICARDIAL	3	1.0	5
-35.93658	-31.90548	-46.67340	SAX_RV_EPICARDIAL	3	1.0	5
-12.51566	14.49479	-74.75956	SAX_RV_SEPTUM	3	1.0	5
-12.46406	12.28525	-72.52282	SAX_RV_SEPTUM	3	1.0	5
-12.41245	10.07571	-70.28609	SAX_RV_SEPTUM	3	1.0	5
-12.36085	7.86618	-68.04935	SAX_RV_SEPTUM	3	1.0	5
-12.30925	5.65664	-65.81262	SAX_RV_SEPTUM	3	1.0	5
-13.37149	3.44711	-64.43430	SAX_RV_SEPTUM	3	1.0	5
-13.31989	1.23757	-62.19757	SAX_RV_SEPTUM	3	1.0	5
-13.26829	-0.97196	-59.96083	SAX_RV_SEPTUM	3	1.0	5
-12.10284	-3.18150	-56.86567	SAX_RV_SEPTUM	3	1.0	5
-12.05124	-5.39103	-54.62893	SAX_RV_SEPTUM	3	1.0	5
-10.88579	-7.60057	-51.53377	SAX_RV_SEPTUM	3	1.0	5
-9.72034	-9.81010	-48.43862	SAX_RV_SEPTUM	3	1.0	5
-8.02378	-10.91487	-46.03261	SAX_RV_SEPTUM	3	1.0	5
-6.32721	-12.01963	-43.62661	SAX_RV_SEPTUM	3	1.0	5
-4.09952	-12.01963	-41.90977	SAX_RV_SEPTUM	3	1.0	5
-2.40295	-13.12440	-39.50376	SAX_RV_SEPTUM	3	1.0	5
-0.17526	-13.12440	-37.78692	SAX_RV_SEPTUM	3	1.0	5
2.05242	-13.12439	-36.07007	SAX_RV_SEPTUM	3	1.0	5
3.74899	-14.22916	-33.66407	SAX_RV_SEPTUM	3	1.0	5
5.97668	-14.22916	-31.94722	SAX_RV_SEPTUM	3	1.0	5
6.02828	-16.43869	-29.71049	SAX_RV_SEPTUM	3	1.0	5
-8.16349	18.91386	-75.79934	SAX_LV_EPICARDIAL	3	1.0	5
-7.10124	21.12340	-77.17765	SAX_LV_EPICARDIAL	3	1.0	5
-6.03900	23.33293	-78.55597	SAX_LV_EPICARDIAL	3	1.0	5
-3.86292	25.54247	-79.07586	SAX_LV_EPICARDIAL	3	1.0	5
-0.57299	27.75201	-78.73733	SAX_LV_EPICARDIAL	3	1.0	5
1.60310	29.96155	-79.25722	SAX_LV_EPICARDIAL	3	1.0	5
4.89303	32.17109	-78.91869	SAX_LV_EPICARDIAL	3	1.0	5
8.18296	34.38063	-78.58015	SAX_LV_EPICARDIAL	3	1.0	5
10.94177	35.48540	-77.55246	SAX_LV_EPICARDIAL	3	1.0	5
14.23170	37.69494	-77.21393	SAX_LV_EPICARDIAL	3	1.0	5
16.99051	38.79971	-76.18624	SAX_LV_EPICARDIAL	3	1.0	5
19.74932	39.90448	-75.15855	SAX_LV_EPICARDIAL	3	1.0	5
22.50813	41.00925	-74.13087	SAX_LV_EPICARDIAL	3	1.0	5
24.73582	41.00925	-72.41402	SAX_LV_EPICARDIAL	3	1.0	5
26.96351	41.00925	-70.69717	SAX_LV_EPICARDIAL	3	1.0	5
29.72231	42.11402	-69.66948	SAX_LV_EPICARDIAL	3	1.0	5
31.95000	42.11402	-67.95264	SAX_LV_EPICARDIAL	3	1.0	5
33.64657	41.00926	-65.54664	SAX_LV_EPICARDIAL	3	1.0	5
35.87426	41.00926	-63.82979	SAX_LV_EPICARDIAL	3	1.0	5
38.10195	41.00926	-62.11295	SAX_LV_EPICARDIAL	3	1.0	5
40.32964	41.00926	-60.39610	SAX_LV_EPICARDIAL	3	1.0	5
42.02620	39.90450	-57.99010	SAX_LV_EPICARDIAL	3	1.0	5
43.19165	37.69496	-54.89494	SAX_LV_EPICARDIAL	3	1.0	5
44.88822	36.59020	-52.48894	SAX_LV_EPICARDIAL	3	1.0	5
46.05366	34.38066	-49.39378	SAX_LV_EPICARDIAL	3	1.0	5
47.21911	32.17113	-46.29862	SAX_LV_EPICARDIAL	3	1.0	5
47.27071	29.96159	-44.06188	SAX_LV_EPICARDIAL	3	1.0	5
48.43616	27.75206	-40.96672	SAX_LV_EPICARDIAL	3	1.0	5
47.37392	25.54252	-39.58841	SAX_LV_EPICARDIAL	3	1.0	5
47.42552	23.33299	-37.35167	SAX_LV_EPICARDIAL	3	1.0	5
47.47712	21.12345	-35.11494	SAX_LV_EPICARDIAL	3	1.0	5
46.41488	18.91392	-33.73662	SAX_LV_EPICARDIAL	3	1.0	5
45.35264	16.70438	-32.35831	SAX_LV_EPICARDIAL	3	1.0	5
44.29040	14.49484	-30.98000	SAX_LV_EPICARDIAL	3	1.0	5
43.22815	12.28531	-29.60168	SAX_LV_EPICARDIAL	3	1.0	5
42.16591	10.07577	-28.22337	SAX_LV_EPICARDIAL	3	1.0	5
41.10367	7.86623	-26.84506	SAX_LV_EPICARDIAL	3	1.0	5
38.92758	5.65669	-26.32517	SAX_LV_EPICARDIAL	3	1.0	5
37.86534	3.44716	-24.94685	SAX_LV_EPICARDIAL	3	1.0	5
35.68926	1.23762	-24.42696	SAX_LV_EPICARDIAL	3	1.0	5
33.51317	-0.97192	-23.90707	SAX_LV_EPICARDIAL	3	1.0	5
31.33708	-3.18145	-23.38718	SAX_LV_EPICARDIAL	3	1.0	5
28.04715	-5.39099	-23.72571	SAX_LV_EPICARDIAL	3	1.0	5
25.87107	-7.60053	-23.20582	SAX_LV_EPICARDIAL	3	1.0	5
23.11226	-8.70530	-24.23351	SAX_LV_EPICARDIAL	3	1.0	5
19.82233	-10.91484	-24.57204	SAX_LV_EPICARDIAL	3	1.0	5
17.06352	-12.01961	-25.59973	SAX_LV_EPICARDIAL	3	1.0	5
14.83583	-12.01961	-27.31658	SAX_LV_EPICARDIAL	3	1.0	5
12.07702	-13.12438	-28.34427	SAX_LV_EPICARDIAL	3	1.0	5
9.84933	-13.12439	-30.06111	SAX_LV_EPICARDIAL	3	1.0	5
8.52908	-4.28625	-39.86648	SAX_LV_ENDOCARDIAL	3	1.0	5
6.83251	-3.18148	-42.27248	SAX_LV_ENDOCARDIAL	3	1.0	5
5.13594	-2.07671	-44.67848	SAX_LV_ENDOCARDIAL	3	1.0	5
2.90826	-2.07672	-46.39533	SAX_LV_ENDOCARDIAL	3	1.0	5
1.74281	0.13282	-49.49049	SAX_LV_ENDOCARDIAL	3	1.0	5
0.04624	1.23759	-51.89649	SAX_LV_ENDOCARDIAL	3	1.0	5
-0.00536	3.44712	-54.13323	SAX_LV_ENDOCARDIAL	3	1.0	5
-1.17081	5.65666	-57.22839	SAX_LV_ENDOCARDIAL	3	1.0	5
-1.22241	7.86619	-59.46512	SAX_LV_ENDOCARDIAL	3	1.0	5
-2.38786	10.07572	-62.56028	SAX_LV_ENDOCARDIAL	3	1.0	5
-1.32561	12.28526	-63.93860	SAX_LV_ENDOCARDIAL	3	1.0	5
-1.37722	14.49480	-66.17533	SAX_LV_ENDOCARDIAL	3	1.0	5
-0.31497	16.70433	-67.55365	SAX_LV_ENDOCARDIAL	3	1.0	5
0.74727	18.91387	-68.93196	SAX_LV_ENDOCARDIAL	3	1.0	5
1.80951	21.12341	-70.31027	SAX_LV_ENDOCARDIAL	3	1.0	5
3.98560	23.33294	-70.83016	SAX_LV_ENDOCARDIAL	3	1.0	5
6.16168	25.54248	-71.35005	SAX_LV_ENDOCARDIAL	3	1.0	5
9.45161	27.75202	-71.01152	SAX_LV_ENDOCARDIAL	3	1.0	5
12.74154	29.96156	-70.67299	SAX_LV_ENDOCARDIAL	3	1.0	5
15.50035	31.06633	-69.64530	SAX_LV_ENDOCARDIAL	3	1.0	5
18.25916	32.17110	-68.61761	SAX_LV_ENDOCARDIAL	3	1.0	5
21.01797	33.27587	-67.58992	SAX_LV_ENDOCARDIAL	3	1.0	5
23.77678	34.38064	-66.56223	SAX_LV_ENDOCARDIAL	3	1.0	5
26.00447	34.38064	-64.84539	SAX_LV_ENDOCARDIAL	3	1.0	5
28.23216	34.38065	-63.12854	SAX_LV_ENDOCARDIAL	3	1.0	5
30.45984	34.38065	-61.41170	SAX_LV_ENDOCARDIAL	3	1.0	5
32.68753	34.38065	-59.69485	SAX_LV_ENDOCARDIAL	3	1.0	5
34.91522	34.38065	-57.97801	SAX_LV_ENDOCARDIAL	3	1.0	5
36.61179	33.27589	-55.57200	SAX_LV_ENDOCARDIAL	3	1.0	5
38.30836	32.17112	-53.16600	SAX_LV_ENDOCARDIAL	3	1.0	5
39.47380	29.96159	-50.07084	SAX_LV_ENDOCARDIAL	3	1.0	5
39.52541	27.75205	-47.83411	SAX_LV_ENDOCARDIAL	3	1.0	5
40.69085	25.54252	-44.73895	SAX_LV_ENDOCARDIAL	3	1.0	5
40.74245	23.33298	-42.50221	SAX_LV_ENDOCARDIAL	3	1.0	5
40.79406	21.12345	-40.26547	SAX_LV_ENDOCARDIAL	3	1.0	5
39.73181	18.91391	-38.88716	SAX_LV_ENDOCARDIAL	3	1.0	5
39.78342	16.70437	-36.65042	SAX_LV_ENDOCARDIAL	3	1.0	5
37.60733	14.49484	-36.13053	SAX_LV_ENDOCARDIAL	3	1.0	5
36.54509	12.28530	-34.75222	SAX_LV_ENDOCARDIAL	3	1.0	5
35.48285	10.07576	-33.37391	SAX_LV_ENDOCARDIAL	3	1.0	5
33.30676	7.86622	-32.85402	SAX_LV_ENDOCARDIAL	3	1.0	5
32.24452	5.65669	-31.47570	SAX_LV_ENDOCARDIAL	3	1.0	5
30.06843	3.44715	-30.95581	SAX_LV_ENDOCARDIAL	3	1.0	5
27.89235	1.23761	-30.43592	SAX_LV_ENDOCARDIAL	3	1.0	5
25.71626	-0.97192	-29.91603	SAX_LV_ENDOCARDIAL	3	1.0	5
22.95745	-2.07670	-30.94372	SAX_LV_ENDOCARDIAL	3	1.0	5
20.19864	-3.18147	-31.97141	SAX_LV_ENDOCARDIAL	3	1.0	5
17.43983	-4.28624	-32.99910	SAX_LV_ENDOCARDIAL	3	1.0	5
15.21214	-4.28624	-34.71594	SAX_LV_ENDOCARDIAL	3	1.0	5
12.98446	-4.28624	-36.43279	SAX_LV_ENDOCARDIAL	3	1.0	5
10.75677	-4.28624	-38.14963	SAX_LV_ENDOCARDIAL	3	1.0	5
6.02828	-16.43869	-29.71049	RV_INSERT	3	1.0	5
-14.21223	15.59955	-77.16556	RV_INSERT	3	1.0	5
-33.27581	-31.80881	-73.16270	SAX_RV_FREEWALL	4	1.0	5
-34.97238	-30.70405	-75.56870	SAX_RV_FREEWALL	4	1.0	5
-36.13783	-28.49451	-78.66386	SAX_RV_FREEWALL	4	1.0	5
-37.30328	-26.28498	-81.75902	SAX_RV_FREEWALL	4	1.0	5
-38.46872	-24.07544	-84.85418	SAX_RV_FREEWALL	4	1.0	5
-38.52032	-21.86591	-87.09091	SAX_RV_FREEWALL	4	1.0	5
-37.45808	-19.65637	-88.46923	SAX_RV_FREEWALL	4	1.0	5
-37.50968	-17.44683	-90.70596	SAX_RV_FREEWALL	4	1.0	5
-35.33360	-15.23730	-91.22585	SAX_RV_FREEWALL	4	1.0	5
-33.15751	-13.02776	-91.74574	SAX_RV_FREEWALL	4	1.0	5
-30.98143	-10.81822	-92.26563	SAX_RV_FREEWALL	4	1.0	5
-28.80534	-8.60868	-92.78552	SAX_RV_FREEWALL	4	1.0	5
-25.51541	-6.39915	-92.44699	SAX_RV_FREEWALL	4	1.0	5
-23.33932	-4.18961	-92.96688	SAX_RV_FREEWALL	4	1.0	5
-20.04939	-1.98007	-92.62835	SAX_RV_FREEWALL	4	1.0	5
-16.75946	0.22947	-92.28982	SAX_RV_FREEWALL	4	1.0	5
-14.00065	1.33424	-91.26213	SAX_RV_FREEWALL	4	1.0	5
-10.71072	3.54378	-90.92360	SAX_RV_FREEWALL	4	1.0	5
-7.95191	4.64855	-89.89591	SAX_RV_FREEWALL	4	1.0	5
-5.19311	5.75332	-88.86822	SAX_RV_FREEWALL	4	1.0	5
-2.43430	6.85809	-87.84053	SAX_RV_FREEWALL	4	1.0	5
-0.20661	6.85809	-86.12368	SAX_RV_FREEWALL	4	1.0	5
3.85736	-24.07540	-52.23411	SAX_RV_FREEWALL	4	1.0	5
1.09855	-25.18017	-53.26180	SAX_RV_FREEWALL	4	1.0	5
-1.12914	-25.18017	-54.97864	SAX_RV_FREEWALL	4	1.0	5
-3.88795	-26.28494	-56.00633	SAX_RV_FREEWALL	4	1.0	5
-6.11564	-26.28495	-57.72318	SAX_RV_FREEWALL	4	1.0	5
-8.34333	-26.28495	-59.44002	SAX_RV_FREEWALL	4	1.0	5
-11.10214	-27.38972	-60.46771	SAX_RV_FREEWALL	4	1.0	5
-13.86094	-28.49449	-61.49540	SAX_RV_FREEWALL	4	1.0	5
-16.61975	-29.59926	-62.52309	SAX_RV_FREEWALL	4	1.0	5
-19.37856	-30.70403	-63.55078	SAX_RV_FREEWALL	4	1.0	5
-22.13737	-31.80880	-64.57847	SAX_RV_FREEWALL	4	1.0	5
-24.36506	-31.80880	-66.29531	SAX_RV_FREEWALL	4	1.0	5
-26.59275	-31.80880	-68.01216	SAX_RV_FREEWALL	4	1.0	5
-28.82044	-31.80881	-69.72900	SAX_RV_FREEWALL	4	1.0	5
-31.04813	-31.80881	-71.44585	SAX_RV_FREEWALL	4	1.0	5
-35.98302	-35.12312	-71.95365	SAX_RV_EPICARDIAL	4	1.0	5
-37.67959	-34.01835	-74.35965	SAX_RV_EPICARDIAL	4	1.0	5
-38.84504	-31.80882	-77.45481	SAX_RV_EPICARDIAL	4	1.0	5
-40.01048	-29.59928	-80.54997	SAX_RV_EPICARDIAL	4	1.0	5
-41.17593	-27.38975	-83.64513	SAX_RV_EPICARDIAL	4	1.0	5
-41.22753	-25.18021	-85.88186	SAX_RV_EPICARDIAL	4	1.0	5
-41.27913	-22.97068	-88.11860	SAX_RV_EPICARDIAL	4	1.0	5
-41.33074	-20.76114	-90.35534	SAX_RV_EPICARDIAL	4	1.0	5
-40.26849	-18.55161	-91.73365	SAX_RV_EPICARDIAL	4	1.0	5
-39.20625	-16.34207	-93.11196	SAX_RV_EPICARDIAL	4	1.0	5
-38.14401	-14.13253	-94.49028	SAX_RV_EPICARDIAL	4	1.0	5
-35.96792	-11.92299	-95.01017	SAX_RV_EPICARDIAL	4	1.0	5
-33.79184	-9.71346	-95.53006	SAX_RV_EPICARDIAL	4	1.0	5
-30.50191	-7.50392	-95.19153	SAX_RV_EPICARDIAL	4	1.0	5
-28.32582	-5.29438	-95.71142	SAX_RV_EPICARDIAL	4	1.0	5
-26.14974	-3.08484	-96.23131	SAX_RV_EPICARDIAL	4	1.0	5
-23.97365	-0.87531	-96.75120	SAX_RV_EPICARDIAL	4	1.0	5
-20.68372	1.33423	-96.41267	SAX_RV_EPICARDIAL	4	1.0	5
-17.92491	2.43900	-95.38498	SAX_RV_EPICARDIAL	4	1.0	5
-15.16610	3.54377	-94.35729	SAX_RV_EPICARDIAL	4	1.0	5
-11.87617	5.75331	-94.01876	SAX_RV_EPICARDIAL	4	1.0	5
-9.11736	6.85808	-92.99107	SAX_RV_EPICARDIAL	4	1.0	5
-6.35855	7.96285	-91.96338	SAX_RV_EPICARDIAL	4	1.0	5
-3.59974	9.06762	-90.93569	SAX_RV_EPICARDIAL	4	1.0	5
-0.84093	10.17240	-89.90800	SAX_RV_EPICARDIAL	4	1.0	5
1.91788	11.27717	-88.88031	SAX_RV_EPICARDIAL	4	1.0	5
2.02108	6.85810	-84.40684	SAX_RV_EPICARDIAL	4	1.0	5
9.37498	-21.86586	-50.17873	SAX_RV_EPICARDIAL	4	1.0	5
7.78161	-25.18016	-48.11126	SAX_RV_EPICARDIAL	4	1.0	5
5.02280	-26.28493	-49.13895	SAX_RV_EPICARDIAL	4	1.0	5
2.26400	-27.38971	-50.16664	SAX_RV_EPICARDIAL	4	1.0	5
0.03631	-27.38971	-51.88348	SAX_RV_EPICARDIAL	4	1.0	5
-2.19138	-27.38971	-53.60033	SAX_RV_EPICARDIAL	4	1.0	5
-4.95019	-28.49448	-54.62802	SAX_RV_EPICARDIAL	4	1.0	5
-7.17788	-28.49448	-56.34486	SAX_RV_EPICARDIAL	4	1.0	5
-9.93669	-29.59925	-57.37255	SAX_RV_EPICARDIAL	4	1.0	5
-12.69550	-30.70402	-58.40024	SAX_RV_EPICARDIAL	4	1.0	5
-15.98543	-32.91356	-58.73877	SAX_RV_EPICARDIAL	4	1.0	5
-18.74424	-34.01833	-59.76646	SAX_RV_EPICARDIAL	4	1.0	5
-20.97193	-34.01833	-61.48331	SAX_RV_EPICARDIAL	4	1.0	5
-23.73074	-35.12311	-62.51100	SAX_RV_EPICARDIAL	4	1.0	5
-25.95842	-35.12311	-64.22784	SAX_RV_EPICARDIAL	4	1.0	5
-28.18611	-35.12311	-65.94469	SAX_RV_EPICARDIAL	4	1.0	5
-30.41380	-35.12311	-67.66153	SAX_RV_EPICARDIAL	4	1.0	5
-32.64149	-35.12311	-69.37838	SAX_RV_EPICARDIAL	4	1.0	5
-34.86918	-35.12312	-71.09523	SAX_RV_EPICARDIAL	4	1.0	5
2.02108	6.85810	-84.40684	SAX_RV_SEPTUM	4	1.0	5
0.95884	4.64856	-83.02853	SAX_RV_SEPTUM	4	1.0	5
-1.21725	2.43902	-82.50864	SAX_RV_SEPTUM	4	1.0	5
-1.16564	0.22949	-80.27190	SAX_RV_SEPTUM	4	1.0	5
-2.22789	-1.98005	-78.89359	SAX_RV_SEPTUM	4	1.0	5
-2.17628	-4.18959	-76.65685	SAX_RV_SEPTUM	4	1.0	5
-2.12468	-6.39912	-74.42011	SAX_RV_SEPTUM	4	1.0	5
-3.18692	-8.60866	-73.04180	SAX_RV_SEPTUM	4	1.0	5
-3.13532	-10.81819	-70.80506	SAX_RV_SEPTUM	4	1.0	5
-1.96987	-13.02773	-67.70990	SAX_RV_SEPTUM	4	1.0	5
-0.27331	-14.13249	-65.30390	SAX_RV_SEPTUM	4	1.0	5
0.89214	-16.34203	-62.20874	SAX_RV_SEPTUM	4	1.0	5
2.05759	-18.55156	-59.11358	SAX_RV_SEPTUM	4	1.0	5
3.75415	-19.65633	-56.70758	SAX_RV_SEPTUM	4	1.0	5
5.45072	-20.76110	-54.30158	SAX_RV_SEPTUM	4	1.0	5
7.67841	-20.76109	-52.58473	SAX_RV_SEPTUM	4	1.0	5
6.61617	-22.97063	-51.20642	SAX_RV_SEPTUM	4	1.0	5
11.60267	-21.86586	-48.46189	SAX_LV_EPICARDIAL	4	1.0	5
4.72829	10.17240	-85.61589	SAX_LV_EPICARDIAL	4	1.0	5
6.90437	12.38194	-86.13578	SAX_LV_EPICARDIAL	4	1.0	5
9.08046	14.59148	-86.65567	SAX_LV_EPICARDIAL	4	1.0	5
11.25655	16.80101	-87.17556	SAX_LV_EPICARDIAL	4	1.0	5
14.54648	19.01055	-86.83703	SAX_LV_EPICARDIAL	4	1.0	5
17.83641	21.22009	-86.49849	SAX_LV_EPICARDIAL	4	1.0	5
21.12634	23.42963	-86.15996	SAX_LV_EPICARDIAL	4	1.0	5
24.41627	25.63917	-85.82143	SAX_LV_EPICARDIAL	4	1.0	5
27.17508	26.74394	-84.79374	SAX_LV_EPICARDIAL	4	1.0	5
29.93389	27.84871	-83.76605	SAX_LV_EPICARDIAL	4	1.0	5
32.16157	27.84871	-82.04921	SAX_LV_EPICARDIAL	4	1.0	5
34.92038	28.95348	-81.02152	SAX_LV_EPICARDIAL	4	1.0	5
37.14807	28.95349	-79.30467	SAX_LV_EPICARDIAL	4	1.0	5
39.37576	28.95349	-77.58783	SAX_LV_EPICARDIAL	4	1.0	5
41.60345	28.95349	-75.87098	SAX_LV_EPICARDIAL	4	1.0	5
43.30002	27.84872	-73.46498	SAX_LV_EPICARDIAL	4	1.0	5
45.52771	27.84873	-71.74813	SAX_LV_EPICARDIAL	4	1.0	5
47.22427	26.74396	-69.34213	SAX_LV_EPICARDIAL	4	1.0	5
48.38972	24.53443	-66.24697	SAX_LV_EPICARDIAL	4	1.0	5
50.08629	23.42966	-63.84097	SAX_LV_EPICARDIAL	4	1.0	5
51.78285	22.32489	-61.43497	SAX_LV_EPICARDIAL	4	1.0	5
52.94830	20.11536	-58.33981	SAX_LV_EPICARDIAL	4	1.0	5
52.99990	17.90582	-56.10307	SAX_LV_EPICARDIAL	4	1.0	5
53.05151	15.69629	-53.86633	SAX_LV_EPICARDIAL	4	1.0	5
53.10311	13.48675	-51.62960	SAX_LV_EPICARDIAL	4	1.0	5
53.15471	11.27722	-49.39286	SAX_LV_EPICARDIAL	4	1.0	5
52.09247	9.06768	-48.01455	SAX_LV_EPICARDIAL	4	1.0	5
52.14407	6.85814	-45.77781	SAX_LV_EPICARDIAL	4	1.0	5
51.08183	4.64861	-44.39950	SAX_LV_EPICARDIAL	4	1.0	5
50.01959	2.43907	-43.02119	SAX_LV_EPICARDIAL	4	1.0	5
47.84350	0.22953	-42.50130	SAX_LV_EPICARDIAL	4	1.0	5
46.78126	-1.98000	-41.12298	SAX_LV_EPICARDIAL	4	1.0	5
44.60517	-4.18954	-40.60309	SAX_LV_EPICARDIAL	4	1.0	5
43.54293	-6.39908	-39.22478	SAX_LV_EPICARDIAL	4	1.0	5
41.36685	-8.60861	-38.70489	SAX_LV_EPICARDIAL	4	1.0	5
39.19076	-10.81815	-38.18500	SAX_LV_EPICARDIAL	4	1.0	5
37.01467	-13.02769	-37.66511	SAX_LV_EPICARDIAL	4	1.0	5
33.72474	-15.23723	-38.00364	SAX_LV_EPICARDIAL	4	1.0	5
30.43481	-17.44677	-38.34217	SAX_LV_EPICARDIAL	4	1.0	5
27.67600	-18.55154	-39.36986	SAX_LV_EPICARDIAL	4	1.0	5
24.91719	-19.65631	-40.39755	SAX_LV_EPICARDIAL	4	1.0	5
22.15838	-20.76108	-41.42524	SAX_LV_EPICARDIAL	4	1.0	5
19.93070	-20.76108	-43.14208	SAX_LV_EPICARDIAL	4	1.0	5
17.17189	-21.86585	-44.16977	SAX_LV_EPICARDIAL	4	1.0	5
14.94420	-21.86585	-45.88662	SAX_LV_EPICARDIAL	4	1.0	5
12.71651	-21.86586	-47.60346	SAX_LV_EPICARDIAL	4	1.0	5
18.66204	-14.13248	-50.71071	SAX_LV_ENDOCARDIAL	4	1.0	5
16.96548	-13.02771	-53.11672	SAX_LV_ENDOCARDIAL	4	1.0	5
15.26891	-11.92294	-55.52272	SAX_LV_ENDOCARDIAL	4	1.0	5
13.04122	-11.92295	-57.23956	SAX_LV_ENDOCARDIAL	4	1.0	5
11.34465	-10.81818	-59.64557	SAX_LV_ENDOCARDIAL	4	1.0	5
10.17921	-8.60865	-62.74073	SAX_LV_ENDOCARDIAL	4	1.0	5
8.48264	-7.50388	-65.14673	SAX_LV_ENDOCARDIAL	4	1.0	5
8.43104	-5.29434	-67.38346	SAX_LV_ENDOCARDIAL	4	1.0	5
7.26559	-3.08481	-70.47862	SAX_LV_ENDOCARDIAL	4	1.0	5
7.21399	-0.87527	-72.71536	SAX_LV_ENDOCARDIAL	4	1.0	5
8.27623	1.33426	-74.09367	SAX_LV_ENDOCARDIAL	4	1.0	5
8.22463	3.54380	-76.33041	SAX_LV_ENDOCARDIAL	4	1.0	5
9.28687	5.75333	-77.70872	SAX_LV_ENDOCARDIAL	4	1.0	5
11.46296	7.96287	-78.22861	SAX_LV_ENDOCARDIAL	4	1.0	5
12.52520	10.17241	-79.60693	SAX_LV_ENDOCARDIAL	4	1.0	5
13.58744	12.38195	-80.98524	SAX_LV_ENDOCARDIAL	4	1.0	5
15.76353	14.59148	-81.50513	SAX_LV_ENDOCARDIAL	4	1.0	5
19.05346	16.80102	-81.16660	SAX_LV_ENDOCARDIAL	4	1.0	5
22.34339	19.01056	-80.82807	SAX_LV_ENDOCARDIAL	4	1.0	5
25.10220	20.11533	-79.80038	SAX_LV_ENDOCARDIAL	4	1.0	5
27.86100	21.22010	-78.77269	SAX_LV_ENDOCARDIAL	4	1.0	5
30.08869	21.22010	-77.05584	SAX_LV_ENDOCARDIAL	4	1.0	5
32.31638	21.22011	-75.33900	SAX_LV_ENDOCARDIAL	4	1.0	5
34.54407	21.22011	-73.62215	SAX_LV_ENDOCARDIAL	4	1.0	5
36.77176	21.22011	-71.90531	SAX_LV_ENDOCARDIAL	4	1.0	5
38.99945	21.22011	-70.18846	SAX_LV_ENDOCARDIAL	4	1.0	5
41.22714	21.22011	-68.47161	SAX_LV_ENDOCARDIAL	4	1.0	5
42.92370	20.11535	-66.06561	SAX_LV_ENDOCARDIAL	4	1.0	5
44.08915	17.90581	-62.97045	SAX_LV_ENDOCARDIAL	4	1.0	5
45.78572	16.80105	-60.56445	SAX_LV_ENDOCARDIAL	4	1.0	5
45.83732	14.59151	-58.32771	SAX_LV_ENDOCARDIAL	4	1.0	5
45.88892	12.38198	-56.09098	SAX_LV_ENDOCARDIAL	4	1.0	5
45.94052	10.17244	-53.85424	SAX_LV_ENDOCARDIAL	4	1.0	5
45.99213	7.96291	-51.61751	SAX_LV_ENDOCARDIAL	4	1.0	5
44.92988	5.75337	-50.23919	SAX_LV_ENDOCARDIAL	4	1.0	5
43.86764	3.54383	-48.86088	SAX_LV_ENDOCARDIAL	4	1.0	5
41.69156	1.33430	-48.34099	SAX_LV_ENDOCARDIAL	4	1.0	5
40.62931	-0.87524	-46.96268	SAX_LV_ENDOCARDIAL	4	1.0	5
38.45323	-3.08478	-46.44278	SAX_LV_ENDOCARDIAL	4	1.0	5
36.27714	-5.29432	-45.92289	SAX_LV_ENDOCARDIAL	4	1.0	5
32.98721	-7.50385	-46.26143	SAX_LV_ENDOCARDIAL	4	1.0	5
30.81113	-9.71339	-45.74154	SAX_LV_ENDOCARDIAL	4	1.0	5
28.05232	-10.81816	-46.76922	SAX_LV_ENDOCARDIAL	4	1.0	5
25.29351	-11.92293	-47.79691	SAX_LV_ENDOCARDIAL	4	1.0	5
22.53470	-13.02770	-48.82460	SAX_LV_ENDOCARDIAL	4	1.0	5
19.77589	-14.13247	-49.85229	SAX_LV_ENDOCARDIAL	4	1.0	5
-0.20661	6.85809	-86.12368	RV_INSERT	4	1.0	5
6.61617	-22.97063	-51.20642	RV_INSERT	4	1.0	5
-8.44137	-27.29305	-86.95751	SAX_RV_FREEWALL	5	1.0	5
-10.13794	-26.18828	-89.36351	SAX_RV_FREEWALL	5	1.0	5
-11.83450	-25.08351	-91.76951	SAX_RV_FREEWALL	5	1.0	5
-10.77226	-22.87398	-93.14783	SAX_RV_FREEWALL	5	1.0	5
-9.71002	-20.66444	-94.52614	SAX_RV_FREEWALL	5	1.0	5
-7.53393	-18.45490	-95.04603	SAX_RV_FREEWALL	5	1.0	5
-6.47169	-16.24537	-96.42434	SAX_RV_FREEWALL	5	1.0	5
-3.18176	-14.03583	-96.08581	SAX_RV_FREEWALL	5	1.0	5
0.10817	-11.82629	-95.74728	SAX_RV_FREEWALL	5	1.0	5
3.39810	-9.61675	-95.40875	SAX_RV_FREEWALL	5	1.0	5
6.68803	-7.40721	-95.07021	SAX_RV_FREEWALL	5	1.0	5
9.44684	-6.30244	-94.04253	SAX_RV_FREEWALL	5	1.0	5
12.73677	-4.09290	-93.70399	SAX_RV_FREEWALL	5	1.0	5
14.96446	-4.09290	-91.98715	SAX_RV_FREEWALL	5	1.0	5
11.50462	-22.87396	-75.97937	SAX_RV_FREEWALL	5	1.0	5
9.27693	-22.87396	-77.69622	SAX_RV_FREEWALL	5	1.0	5
7.04925	-22.87396	-79.41306	SAX_RV_FREEWALL	5	1.0	5
4.29044	-23.97873	-80.44075	SAX_RV_FREEWALL	5	1.0	5
1.53163	-25.08350	-81.46844	SAX_RV_FREEWALL	5	1.0	5
-1.22718	-26.18827	-82.49613	SAX_RV_FREEWALL	5	1.0	5
-3.45487	-26.18827	-84.21297	SAX_RV_FREEWALL	5	1.0	5
-6.21368	-27.29304	-85.24066	SAX_RV_FREEWALL	5	1.0	5
-16.13507	-31.71213	-88.49299	SAX_RV_EPICARDIAL	5	1.0	5
-17.83164	-30.60736	-90.89900	SAX_RV_EPICARDIAL	5	1.0	5
-17.88324	-28.39782	-93.13573	SAX_RV_EPICARDIAL	5	1.0	5
-17.93485	-26.18829	-95.37247	SAX_RV_EPICARDIAL	5	1.0	5
-16.87260	-23.97875	-96.75078	SAX_RV_EPICARDIAL	5	1.0	5
-14.69652	-21.76921	-97.27067	SAX_RV_EPICARDIAL	5	1.0	5
-12.52043	-19.55968	-97.79056	SAX_RV_EPICARDIAL	5	1.0	5
-10.34434	-17.35014	-98.31045	SAX_RV_EPICARDIAL	5	1.0	5
-8.16826	-15.14060	-98.83035	SAX_RV_EPICARDIAL	5	1.0	5
-5.99217	-12.93106	-99.35024	SAX_RV_EPICARDIAL	5	1.0	5
-2.70224	-10.72152	-99.01170	SAX_RV_EPICARDIAL	5	1.0	5
0.58769	-8.51199	-98.67317	SAX_RV_EPICARDIAL	5	1.0	5
3.87762	-6.30245	-98.33464	SAX_RV_EPICARDIAL	5	1.0	5
6.63643	-5.19768	-97.30695	SAX_RV_EPICARDIAL	5	1.0	5
9.39524	-4.09291	-96.27926	SAX_RV_EPICARDIAL	5	1.0	5
12.15405	-2.98814	-95.25157	SAX_RV_EPICARDIAL	5	1.0	5
14.91286	-1.88337	-94.22388	SAX_RV_EPICARDIAL	5	1.0	5
17.14054	-1.88336	-92.50704	SAX_RV_EPICARDIAL	5	1.0	5
17.19215	-4.09290	-90.27030	SAX_RV_EPICARDIAL	5	1.0	5
15.42888	-23.97872	-71.85652	SAX_RV_EPICARDIAL	5	1.0	5
13.78391	-25.08349	-72.02579	SAX_RV_EPICARDIAL	5	1.0	5
11.55623	-25.08349	-73.74263	SAX_RV_EPICARDIAL	5	1.0	5
9.32854	-25.08349	-75.45948	SAX_RV_EPICARDIAL	5	1.0	5
6.56973	-26.18826	-76.48717	SAX_RV_EPICARDIAL	5	1.0	5
3.81092	-27.29303	-77.51486	SAX_RV_EPICARDIAL	5	1.0	5
1.05211	-28.39780	-78.54255	SAX_RV_EPICARDIAL	5	1.0	5
-1.70670	-29.50258	-79.57023	SAX_RV_EPICARDIAL	5	1.0	5
-4.46551	-30.60735	-80.59792	SAX_RV_EPICARDIAL	5	1.0	5
-6.69320	-30.60735	-82.31477	SAX_RV_EPICARDIAL	5	1.0	5
-8.92089	-30.60735	-84.03161	SAX_RV_EPICARDIAL	5	1.0	5
-11.67970	-31.71212	-85.05930	SAX_RV_EPICARDIAL	5	1.0	5
-13.90738	-31.71212	-86.77615	SAX_RV_EPICARDIAL	5	1.0	5
17.19215	-4.09290	-90.27030	SAX_RV_SEPTUM	5	1.0	5
16.12990	-6.30243	-88.89199	SAX_RV_SEPTUM	5	1.0	5
15.06766	-8.51197	-87.51368	SAX_RV_SEPTUM	5	1.0	5
14.00542	-10.72151	-86.13536	SAX_RV_SEPTUM	5	1.0	5
14.05702	-12.93104	-83.89863	SAX_RV_SEPTUM	5	1.0	5
12.99478	-15.14058	-82.52031	SAX_RV_SEPTUM	5	1.0	5
13.04638	-17.35012	-80.28358	SAX_RV_SEPTUM	5	1.0	5
14.21183	-19.55965	-77.18842	SAX_RV_SEPTUM	5	1.0	5
15.37728	-21.76918	-74.09326	SAX_RV_SEPTUM	5	1.0	5
13.73231	-22.87395	-74.26252	SAX_RV_SEPTUM	5	1.0	5
19.35313	-25.08348	-67.73367	SAX_LV_EPICARDIAL	5	1.0	5
17.65657	-23.97872	-70.13968	SAX_LV_EPICARDIAL	5	1.0	5
21.01320	-0.77859	-90.62093	SAX_LV_EPICARDIAL	5	1.0	5
24.30313	1.43095	-90.28239	SAX_LV_EPICARDIAL	5	1.0	5
26.47921	3.64049	-90.80229	SAX_LV_EPICARDIAL	5	1.0	5
29.23802	4.74526	-89.77460	SAX_LV_EPICARDIAL	5	1.0	5
32.52795	6.95479	-89.43606	SAX_LV_EPICARDIAL	5	1.0	5
35.28676	8.05956	-88.40838	SAX_LV_EPICARDIAL	5	1.0	5
37.51445	8.05957	-86.69153	SAX_LV_EPICARDIAL	5	1.0	5
40.27326	9.16434	-85.66384	SAX_LV_EPICARDIAL	5	1.0	5
42.50095	9.16434	-83.94699	SAX_LV_EPICARDIAL	5	1.0	5
44.19752	8.05957	-81.54099	SAX_LV_EPICARDIAL	5	1.0	5
46.42521	8.05958	-79.82415	SAX_LV_EPICARDIAL	5	1.0	5
48.65289	8.05958	-78.10730	SAX_LV_EPICARDIAL	5	1.0	5
50.34946	6.95481	-75.70130	SAX_LV_EPICARDIAL	5	1.0	5
52.04603	5.85005	-73.29530	SAX_LV_EPICARDIAL	5	1.0	5
53.21148	3.64051	-70.20014	SAX_LV_EPICARDIAL	5	1.0	5
54.37692	1.43098	-67.10498	SAX_LV_EPICARDIAL	5	1.0	5
54.42852	-0.77856	-64.86824	SAX_LV_EPICARDIAL	5	1.0	5
54.48013	-2.98809	-62.63151	SAX_LV_EPICARDIAL	5	1.0	5
53.41788	-5.19763	-61.25319	SAX_LV_EPICARDIAL	5	1.0	5
52.35564	-7.40717	-59.87488	SAX_LV_EPICARDIAL	5	1.0	5
51.29340	-9.61670	-58.49657	SAX_LV_EPICARDIAL	5	1.0	5
50.23116	-11.82624	-57.11825	SAX_LV_EPICARDIAL	5	1.0	5
48.05507	-14.03578	-56.59836	SAX_LV_EPICARDIAL	5	1.0	5
45.87899	-16.24532	-56.07847	SAX_LV_EPICARDIAL	5	1.0	5
43.70290	-18.45485	-55.55858	SAX_LV_EPICARDIAL	5	1.0	5
40.41297	-20.66439	-55.89711	SAX_LV_EPICARDIAL	5	1.0	5
37.12304	-22.87393	-56.23564	SAX_LV_EPICARDIAL	5	1.0	5
34.36423	-23.97870	-57.26333	SAX_LV_EPICARDIAL	5	1.0	5
31.60542	-25.08347	-58.29102	SAX_LV_EPICARDIAL	5	1.0	5
29.37773	-25.08347	-60.00787	SAX_LV_EPICARDIAL	5	1.0	5
27.15004	-25.08348	-61.72471	SAX_LV_EPICARDIAL	5	1.0	5
24.92236	-25.08348	-63.44156	SAX_LV_EPICARDIAL	5	1.0	5
22.69467	-25.08348	-65.15841	SAX_LV_EPICARDIAL	5	1.0	5
20.46698	-25.08348	-66.87525	SAX_LV_EPICARDIAL	5	1.0	5
25.88139	-18.45487	-69.29335	SAX_LV_ENDOCARDIAL	5	1.0	5
24.71595	-16.24534	-72.38850	SAX_LV_ENDOCARDIAL	5	1.0	5
23.01938	-15.14057	-74.79451	SAX_LV_ENDOCARDIAL	5	1.0	5
22.96778	-12.93103	-77.03124	SAX_LV_ENDOCARDIAL	5	1.0	5
22.91617	-10.72150	-79.26798	SAX_LV_ENDOCARDIAL	5	1.0	5
22.86457	-8.51196	-81.50472	SAX_LV_ENDOCARDIAL	5	1.0	5
23.92681	-6.30243	-82.88303	SAX_LV_ENDOCARDIAL	5	1.0	5
26.10290	-4.09289	-83.40292	SAX_LV_ENDOCARDIAL	5	1.0	5
28.27899	-1.88335	-83.92281	SAX_LV_ENDOCARDIAL	5	1.0	5
31.56892	0.32619	-83.58428	SAX_LV_ENDOCARDIAL	5	1.0	5
34.32773	1.43096	-82.55659	SAX_LV_ENDOCARDIAL	5	1.0	5
37.08654	2.53573	-81.52890	SAX_LV_ENDOCARDIAL	5	1.0	5
39.31422	2.53573	-79.81205	SAX_LV_ENDOCARDIAL	5	1.0	5
41.01079	1.43096	-77.40605	SAX_LV_ENDOCARDIAL	5	1.0	5
43.23848	1.43097	-75.68921	SAX_LV_ENDOCARDIAL	5	1.0	5
44.93505	0.32620	-73.28320	SAX_LV_ENDOCARDIAL	5	1.0	5
46.10049	-1.88333	-70.18805	SAX_LV_ENDOCARDIAL	5	1.0	5
46.15210	-4.09287	-67.95131	SAX_LV_ENDOCARDIAL	5	1.0	5
45.08985	-6.30241	-66.57300	SAX_LV_ENDOCARDIAL	5	1.0	5
45.14146	-8.51194	-64.33626	SAX_LV_ENDOCARDIAL	5	1.0	5
42.96537	-10.72148	-63.81637	SAX_LV_ENDOCARDIAL	5	1.0	5
40.78928	-12.93102	-63.29648	SAX_LV_ENDOCARDIAL	5	1.0	5
38.61320	-15.14055	-62.77659	SAX_LV_ENDOCARDIAL	5	1.0	5
35.32327	-17.35009	-63.11512	SAX_LV_ENDOCARDIAL	5	1.0	5
32.56446	-18.45486	-64.14281	SAX_LV_ENDOCARDIAL	5	1.0	5
30.33677	-18.45487	-65.85965	SAX_LV_ENDOCARDIAL	5	1.0	5
28.10908	-18.45487	-67.57650	SAX_LV_ENDOCARDIAL	5	1.0	5
14.96446	-4.09290	-91.98715	RV_INSERT	5	1.0	5
13.73231	-22.87395	-74.26252	RV_INSERT	5	1.0	5
15.33184	-24.98782	-99.37401	SAX_RV_FREEWALL	6	1.0	5
15.28023	-22.77828	-101.61074	SAX_RV_FREEWALL	6	1.0	5
15.22863	-20.56875	-103.84748	SAX_RV_FREEWALL	6	1.0	5
16.29087	-18.35921	-105.22579	SAX_RV_FREEWALL	6	1.0	5
19.58080	-16.14967	-104.88726	SAX_RV_FREEWALL	6	1.0	5
21.80849	-16.14967	-103.17041	SAX_RV_FREEWALL	6	1.0	5
24.03618	-16.14967	-101.45357	SAX_RV_FREEWALL	6	1.0	5
19.78721	-24.98781	-95.94031	SAX_RV_FREEWALL	6	1.0	5
17.55953	-24.98782	-97.65716	SAX_RV_FREEWALL	6	1.0	5
13.15575	-27.19736	-98.85412	SAX_RV_EPICARDIAL	6	1.0	5
11.99030	-24.98782	-101.94927	SAX_RV_EPICARDIAL	6	1.0	5
10.82486	-22.77829	-105.04443	SAX_RV_EPICARDIAL	6	1.0	5
11.88710	-20.56875	-106.42275	SAX_RV_EPICARDIAL	6	1.0	5
14.06319	-18.35921	-106.94264	SAX_RV_EPICARDIAL	6	1.0	5
16.23927	-16.14968	-107.46253	SAX_RV_EPICARDIAL	6	1.0	5
18.99808	-15.04490	-106.43484	SAX_RV_EPICARDIAL	6	1.0	5
21.75689	-13.94013	-105.40715	SAX_RV_EPICARDIAL	6	1.0	5
23.45346	-15.04490	-103.00115	SAX_RV_EPICARDIAL	6	1.0	5
25.68115	-15.04490	-101.28430	SAX_RV_EPICARDIAL	6	1.0	5
25.73275	-17.25443	-99.04757	SAX_RV_EPICARDIAL	6	1.0	5
24.77371	-23.88304	-93.19578	SAX_RV_EPICARDIAL	6	1.0	5
23.71147	-26.09258	-91.81747	SAX_RV_EPICARDIAL	6	1.0	5
21.48378	-26.09258	-93.53431	SAX_RV_EPICARDIAL	6	1.0	5
18.72497	-27.19735	-94.56200	SAX_RV_EPICARDIAL	6	1.0	5
16.49728	-27.19735	-96.27885	SAX_RV_EPICARDIAL	6	1.0	5
14.26960	-27.19735	-97.99569	SAX_RV_EPICARDIAL	6	1.0	5
25.20163	-18.35920	-98.35841	SAX_RV_SEPTUM	6	1.0	5
25.25323	-20.56874	-96.12167	SAX_RV_SEPTUM	6	1.0	5
24.19099	-22.77827	-94.74336	SAX_RV_SEPTUM	6	1.0	5
22.54602	-23.88304	-94.91263	SAX_RV_SEPTUM	6	1.0	5
29.91502	-29.40687	-83.74104	SAX_LV_EPICARDIAL	6	1.0	5
28.21845	-28.30211	-86.14704	SAX_LV_EPICARDIAL	6	1.0	5
26.52188	-27.19734	-88.55304	SAX_LV_EPICARDIAL	6	1.0	5
30.66764	-13.94013	-98.53977	SAX_LV_EPICARDIAL	6	1.0	5
33.95757	-11.73059	-98.20124	SAX_LV_EPICARDIAL	6	1.0	5
37.24750	-9.52105	-97.86270	SAX_LV_EPICARDIAL	6	1.0	5
40.00631	-8.41628	-96.83501	SAX_LV_EPICARDIAL	6	1.0	5
42.23400	-8.41628	-95.11817	SAX_LV_EPICARDIAL	6	1.0	5
44.46169	-8.41627	-93.40132	SAX_LV_EPICARDIAL	6	1.0	5
46.68938	-8.41627	-91.68448	SAX_LV_EPICARDIAL	6	1.0	5
48.38595	-9.52104	-89.27848	SAX_LV_EPICARDIAL	6	1.0	5
49.55139	-11.73057	-86.18332	SAX_LV_EPICARDIAL	6	1.0	5
49.60300	-13.94011	-83.94658	SAX_LV_EPICARDIAL	6	1.0	5
49.65460	-16.14964	-81.70984	SAX_LV_EPICARDIAL	6	1.0	5
48.59236	-18.35918	-80.33153	SAX_LV_EPICARDIAL	6	1.0	5
47.53011	-20.56872	-78.95322	SAX_LV_EPICARDIAL	6	1.0	5
45.35403	-22.77825	-78.43333	SAX_LV_EPICARDIAL	6	1.0	5
43.17794	-24.98779	-77.91344	SAX_LV_EPICARDIAL	6	1.0	5
41.00186	-27.19733	-77.39354	SAX_LV_EPICARDIAL	6	1.0	5
38.24305	-28.30210	-78.42123	SAX_LV_EPICARDIAL	6	1.0	5
35.48424	-29.40687	-79.44892	SAX_LV_EPICARDIAL	6	1.0	5
33.25655	-29.40687	-81.16577	SAX_LV_EPICARDIAL	6	1.0	5
31.02886	-29.40687	-82.88261	SAX_LV_EPICARDIAL	6	1.0	5
33.68447	-23.88303	-86.32840	SAX_LV_ENDOCARDIAL	6	1.0	5
31.98790	-22.77827	-88.73440	SAX_LV_ENDOCARDIAL	6	1.0	5
31.93630	-20.56873	-90.97114	SAX_LV_ENDOCARDIAL	6	1.0	5
32.99854	-18.35919	-92.34945	SAX_LV_ENDOCARDIAL	6	1.0	5
34.06078	-16.14966	-93.72776	SAX_LV_ENDOCARDIAL	6	1.0	5
36.23687	-13.94012	-94.24765	SAX_LV_ENDOCARDIAL	6	1.0	5
38.99567	-12.83535	-93.21996	SAX_LV_ENDOCARDIAL	6	1.0	5
41.22336	-12.83535	-91.50312	SAX_LV_ENDOCARDIAL	6	1.0	5
42.91993	-13.94011	-89.09712	SAX_LV_ENDOCARDIAL	6	1.0	5
44.08538	-16.14965	-86.00196	SAX_LV_ENDOCARDIAL	6	1.0	5
43.02314	-18.35918	-84.62364	SAX_LV_ENDOCARDIAL	6	1.0	5
41.96089	-20.56872	-83.24533	SAX_LV_ENDOCARDIAL	6	1.0	5
39.78481	-22.77826	-82.72544	SAX_LV_ENDOCARDIAL	6	1.0	5
37.02600	-23.88303	-83.75313	SAX_LV_ENDOCARDIAL	6	1.0	5
34.79831	-23.88303	-85.46997	SAX_LV_ENDOCARDIAL	6	1.0	5
22.54602	-23.88304	-94.91263	RV_INSERT	6	1.0	5
25.20163	-18.35920	-98.35841	RV_INSERT	6	1.0	5
6.04363	22.69813	-25.55534	LAX_LV_ENDOCARDIAL	9	1.0	5
7.84642	20.52980	-26.94672	LAX_LV_ENDOCARDIAL	9	1.0	5
9.64921	18.36146	-28.33811	LAX_LV_ENDOCARDIAL	9	1.0	5
11.45200	16.19313	-29.72950	LAX_LV_ENDOCARDIAL	9	1.0	5
13.25480	14.02479	-31.12088	LAX_LV_ENDOCARDIAL	9	1.0	5
15.05759	11.85646	-32.51227	LAX_LV_ENDOCARDIAL	9	1.0	5
16.80533	9.65297	-32.49893	LAX_LV_ENDOCARDIAL	9	1.0	5
18.55308	7.44949	-32.48558	LAX_LV_ENDOCARDIAL	9	1.0	5
20.30083	5.24600	-32.47223	LAX_LV_ENDOCARDIAL	9	1.0	5
22.04857	3.04251	-32.45889	LAX_LV_ENDOCARDIAL	9	1.0	5
23.85136	0.87418	-33.85027	LAX_LV_ENDOCARDIAL	9	1.0	5
25.65416	-1.29416	-35.24166	LAX_LV_ENDOCARDIAL	9	1.0	5
27.51199	-3.42734	-38.03778	LAX_LV_ENDOCARDIAL	9	1.0	5
28.49595	-4.45878	-40.84057	LAX_LV_ENDOCARDIAL	9	1.0	5
29.47992	-5.49022	-43.64337	LAX_LV_ENDOCARDIAL	9	1.0	5
30.46388	-6.52166	-46.44616	LAX_LV_ENDOCARDIAL	9	1.0	5
32.32171	-8.65484	-49.24228	LAX_LV_ENDOCARDIAL	9	1.0	5
33.30568	-9.68628	-52.04507	LAX_LV_ENDOCARDIAL	9	1.0	5
34.28964	-10.71772	-54.84786	LAX_LV_ENDOCARDIAL	9	1.0	5
35.27360	-11.74916	-57.65066	LAX_LV_ENDOCARDIAL	9	1.0	5
36.25756	-12.78060	-60.45345	LAX_LV_ENDOCARDIAL	9	1.0	5
37.24153	-13.81204	-63.25624	LAX_LV_ENDOCARDIAL	9	1.0	5
38.22549	-14.84348	-66.05903	LAX_LV_ENDOCARDIAL	9	1.0	5
39.20945	-15.87492	-68.86182	LAX_LV_ENDOCARDIAL	9	1.0	5
39.31954	-15.80462	-71.67129	LAX_LV_ENDOCARDIAL	9	1.0	5
40.30350	-16.83606	-74.47408	LAX_LV_ENDOCARDIAL	9	1.0	5
41.28746	-17.86750	-77.27688	LAX_LV_ENDOCARDIAL	9	1.0	5
42.27143	-18.89894	-80.07967	LAX_LV_ENDOCARDIAL	9	1.0	5
42.38152	-18.82863	-82.88913	LAX_LV_ENDOCARDIAL	9	1.0	5
42.49161	-18.75833	-85.69860	LAX_LV_ENDOCARDIAL	9	1.0	5
42.60169	-18.68803	-88.50806	LAX_LV_ENDOCARDIAL	9	1.0	5
41.83791	-17.51598	-91.32420	LAX_LV_ENDOCARDIAL	9	1.0	5
41.07413	-16.34393	-94.14034	LAX_LV_ENDOCARDIAL	9	1.0	5
39.38142	-14.10529	-95.55842	LAX_LV_ENDOCARDIAL	9	1.0	5
37.57863	-11.93696	-94.16703	LAX_LV_ENDOCARDIAL	9	1.0	5
35.83089	-9.73347	-94.18038	LAX_LV_ENDOCARDIAL	9	1.0	5
34.02810	-7.56514	-92.78899	LAX_LV_ENDOCARDIAL	9	1.0	5
32.22530	-5.39680	-91.39760	LAX_LV_ENDOCARDIAL	9	1.0	5
30.42251	-3.22847	-90.00622	LAX_LV_ENDOCARDIAL	9	1.0	5
28.61972	-1.06013	-88.61483	LAX_LV_ENDOCARDIAL	9	1.0	5
26.81693	1.10820	-87.22344	LAX_LV_ENDOCARDIAL	9	1.0	5
25.01414	3.27654	-85.83206	LAX_LV_ENDOCARDIAL	9	1.0	5
23.21135	5.44487	-84.44067	LAX_LV_ENDOCARDIAL	9	1.0	5
21.35351	7.57806	-81.64455	LAX_LV_ENDOCARDIAL	9	1.0	5
19.55072	9.74639	-80.25316	LAX_LV_ENDOCARDIAL	9	1.0	5
17.74793	11.91473	-78.86178	LAX_LV_ENDOCARDIAL	9	1.0	5
16.00018	14.11821	-78.87512	LAX_LV_ENDOCARDIAL	9	1.0	5
14.19739	16.28655	-77.48373	LAX_LV_ENDOCARDIAL	9	1.0	5
12.39460	18.45488	-76.09235	LAX_LV_ENDOCARDIAL	9	1.0	5
10.64686	20.65837	-76.10569	LAX_LV_ENDOCARDIAL	9	1.0	5
8.84406	22.82671	-74.71431	LAX_LV_ENDOCARDIAL	9	1.0	5
7.04127	24.99504	-73.32292	LAX_LV_ENDOCARDIAL	9	1.0	5
5.23848	27.16338	-71.93153	LAX_LV_ENDOCARDIAL	9	1.0	5
3.43569	29.33171	-70.54015	LAX_LV_ENDOCARDIAL	9	1.0	5
1.57786	31.46489	-67.74403	LAX_LV_ENDOCARDIAL	9	1.0	5
-0.22494	33.63323	-66.35264	LAX_LV_ENDOCARDIAL	9	1.0	5
-2.08277	35.76641	-63.55652	LAX_LV_ENDOCARDIAL	9	1.0	5
-3.88556	37.93475	-62.16513	LAX_LV_ENDOCARDIAL	9	1.0	5
-4.81448	39.00134	-60.76707	LAX_LV_ENDOCARDIAL	9	1.0	5
17.23885	8.27001	-21.25439	LAX_LV_EPICARDIAL	9	1.0	5
19.04164	6.10168	-22.64578	LAX_LV_EPICARDIAL	9	1.0	5
20.78939	3.89819	-22.63243	LAX_LV_EPICARDIAL	9	1.0	5
22.59218	1.72986	-24.02382	LAX_LV_EPICARDIAL	9	1.0	5
24.33993	-0.47363	-24.01047	LAX_LV_EPICARDIAL	9	1.0	5
26.14272	-2.64197	-25.40186	LAX_LV_EPICARDIAL	9	1.0	5
28.00055	-4.77515	-28.19798	LAX_LV_EPICARDIAL	9	1.0	5
29.85839	-6.90833	-30.99410	LAX_LV_EPICARDIAL	9	1.0	5
31.71622	-9.04151	-33.79022	LAX_LV_EPICARDIAL	9	1.0	5
33.57406	-11.17470	-36.58634	LAX_LV_EPICARDIAL	9	1.0	5
34.55802	-12.20614	-39.38913	LAX_LV_EPICARDIAL	9	1.0	5
36.41586	-14.33932	-42.18525	LAX_LV_EPICARDIAL	9	1.0	5
37.39982	-15.37076	-44.98804	LAX_LV_EPICARDIAL	9	1.0	5
38.38378	-16.40220	-47.79084	LAX_LV_EPICARDIAL	9	1.0	5
39.36774	-17.43364	-50.59363	LAX_LV_EPICARDIAL	9	1.0	5
40.35171	-18.46508	-53.39642	LAX_LV_EPICARDIAL	9	1.0	5
41.33567	-19.49652	-56.19921	LAX_LV_EPICARDIAL	9	1.0	5
42.31963	-20.52796	-59.00200	LAX_LV_EPICARDIAL	9	1.0	5
43.30359	-21.55940	-61.80480	LAX_LV_EPICARDIAL	9	1.0	5
43.41368	-21.48909	-64.61426	LAX_LV_EPICARDIAL	9	1.0	5
44.39765	-22.52053	-67.41705	LAX_LV_EPICARDIAL	9	1.0	5
44.50774	-22.45023	-70.22652	LAX_LV_EPICARDIAL	9	1.0	5
45.49170	-23.48167	-73.02931	LAX_LV_EPICARDIAL	9	1.0	5
45.60179	-23.41137	-75.83878	LAX_LV_EPICARDIAL	9	1.0	5
45.71188	-23.34106	-78.64824	LAX_LV_EPICARDIAL	9	1.0	5
45.82196	-23.27076	-81.45771	LAX_LV_EPICARDIAL	9	1.0	5
45.93205	-23.20045	-84.26717	LAX_LV_EPICARDIAL	9	1.0	5
46.04214	-23.13015	-87.07664	LAX_LV_EPICARDIAL	9	1.0	5
45.27836	-21.95810	-89.89278	LAX_LV_EPICARDIAL	9	1.0	5
45.38845	-21.88780	-92.70224	LAX_LV_EPICARDIAL	9	1.0	5
44.62466	-20.71575	-95.51838	LAX_LV_EPICARDIAL	9	1.0	5
43.86088	-19.54371	-98.33452	LAX_LV_EPICARDIAL	9	1.0	5
42.16818	-17.30507	-99.75260	LAX_LV_EPICARDIAL	9	1.0	5
40.47548	-15.06643	-101.17068	LAX_LV_EPICARDIAL	9	1.0	5
38.72773	-12.86294	-101.18402	LAX_LV_EPICARDIAL	9	1.0	5
36.97998	-10.65945	-101.19737	LAX_LV_EPICARDIAL	9	1.0	5
35.17719	-8.49112	-99.80598	LAX_LV_EPICARDIAL	9	1.0	5
33.42944	-6.28763	-99.81933	LAX_LV_EPICARDIAL	9	1.0	5
31.62665	-4.11930	-98.42794	LAX_LV_EPICARDIAL	9	1.0	5
29.82386	-1.95096	-97.03655	LAX_LV_EPICARDIAL	9	1.0	5
28.07612	0.25252	-97.04990	LAX_LV_EPICARDIAL	9	1.0	5
26.27333	2.42086	-95.65851	LAX_LV_EPICARDIAL	9	1.0	5
24.52558	4.62435	-95.67186	LAX_LV_EPICARDIAL	9	1.0	5
22.72279	6.79268	-94.28047	LAX_LV_EPICARDIAL	9	1.0	5
20.92000	8.96102	-92.88908	LAX_LV_EPICARDIAL	9	1.0	5
19.17225	11.16450	-92.90243	LAX_LV_EPICARDIAL	9	1.0	5
17.36946	13.33284	-91.51104	LAX_LV_EPICARDIAL	9	1.0	5
15.62171	15.53633	-91.52439	LAX_LV_EPICARDIAL	9	1.0	5
13.81892	17.70466	-90.13300	LAX_LV_EPICARDIAL	9	1.0	5
12.01613	19.87300	-88.74161	LAX_LV_EPICARDIAL	9	1.0	5
10.21334	22.04133	-87.35023	LAX_LV_EPICARDIAL	9	1.0	5
8.46559	24.24482	-87.36357	LAX_LV_EPICARDIAL	9	1.0	5
6.66280	26.41315	-85.97219	LAX_LV_EPICARDIAL	9	1.0	5
4.86001	28.58149	-84.58080	LAX_LV_EPICARDIAL	9	1.0	5
3.05722	30.74982	-83.18941	LAX_LV_EPICARDIAL	9	1.0	5
1.25443	32.91816	-81.79803	LAX_LV_EPICARDIAL	9	1.0	5
-0.54836	35.08649	-80.40664	LAX_LV_EPICARDIAL	9	1.0	5
-2.40620	37.21968	-77.61052	LAX_LV_EPICARDIAL	9	1.0	5
-4.20899	39.38801	-76.21913	LAX_LV_EPICARDIAL	9	1.0	5
-6.06683	41.52119	-73.42301	LAX_LV_EPICARDIAL	9	1.0	5
-7.05079	42.55263	-70.62022	LAX_LV_EPICARDIAL	9	1.0	5
-7.16088	42.48233	-67.81076	LAX_LV_EPICARDIAL	9	1.0	5
-7.27097	42.41203	-65.00129	LAX_LV_EPICARDIAL	9	1.0	5
-5.63331	40.13823	-62.17848	LAX_LV_EPICARDIAL	9	1.0	5
6.75237	21.49093	-21.33447	LAX_LV_EPICARDIAL	9	1.0	5
8.50012	19.28745	-21.32112	LAX_LV_EPICARDIAL	9	1.0	5
10.24786	17.08396	-21.30777	LAX_LV_EPICARDIAL	9	1.0	5
11.99561	14.88047	-21.29443	LAX_LV_EPICARDIAL	9	1.0	5
13.74336	12.67699	-21.28108	LAX_LV_EPICARDIAL	9	1.0	5
15.49110	10.47350	-21.26774	LAX_LV_EPICARDIAL	9	1.0	5
-4.92457	38.93104	-57.95761	MITRAL_VALVE	9	1.0	5
3.47706	26.03852	-26.98009	MITRAL_VALVE	9	1.0	5
-27.43206	-10.52195	-6.37042	LAX_RV_FREEWALL	8	1.0	1.0
-26.18601	-13.23885	-8.99456	LAX_RV_FREEWALL	8	1.0	1.0
-24.93995	-15.95575	-11.61870	LAX_RV_FREEWALL	8	1.0	1.0
-23.41498	-17.31420	-14.00968	LAX_RV_FREEWALL	8	1.0	1.0
-21.89001	-18.67265	-16.40066	LAX_RV_FREEWALL	8	1.0	1.0
-20.36504	-20.03110	-18.79164	LAX_RV_FREEWALL	8	1.0	1.0
-18.56116	-20.03111	-20.94946	LAX_RV_FREEWALL	8	1.0	1.0
-17.03619	-21.38956	-23.34044	LAX_RV_FREEWALL	8	1.0	1.0
-15.51123	-22.74801	-25.73142	LAX_RV_FREEWALL	8	1.0	1.0
-13.70735	-22.74801	-27.88924	LAX_RV_FREEWALL	8	1.0	1.0
-12.18238	-24.10646	-30.28021	LAX_RV_FREEWALL	8	1.0	1.0
-10.37850	-24.10646	-32.43803	LAX_RV_FREEWALL	8	1.0	1.0
-8.57461	-24.10646	-34.59585	LAX_RV_FREEWALL	8	1.0	1.0
-6.49182	-22.74802	-36.52050	LAX_RV_FREEWALL	8	1.0	1.0
-4.68794	-22.74802	-38.67832	LAX_RV_FREEWALL	8	1.0	1.0
-2.88406	-22.74802	-40.83614	LAX_RV_FREEWALL	8	1.0	1.0
-1.08018	-22.74802	-42.99396	LAX_RV_FREEWALL	8	1.0	1.0
0.72370	-22.74802	-45.15178	LAX_RV_FREEWALL	8	1.0	1.0
2.52759	-22.74802	-47.30959	LAX_RV_FREEWALL	8	1.0	1.0
4.05255	-24.10647	-49.70057	LAX_RV_FREEWALL	8	1.0	1.0
6.13535	-22.74803	-51.62523	LAX_RV_FREEWALL	8	1.0	1.0
7.93923	-22.74803	-53.78304	LAX_RV_FREEWALL	8	1.0	1.0
-9.80257	-3.72973	-24.62497	LAX_RV_FREEWALL	8	1.0	1.0
-11.60645	-3.72972	-22.46715	LAX_RV_FREEWALL	8	1.0	1.0
-13.41033	-3.72972	-20.30933	LAX_RV_FREEWALL	8	1.0	1.0
-14.93530	-2.37127	-17.91835	LAX_RV_FREEWALL	8	1.0	1.0
-16.73918	-2.37127	-15.76054	LAX_RV_FREEWALL	8	1.0	1.0
-18.54306	-2.37127	-13.60272	LAX_RV_FREEWALL	8	1.0	1.0
-20.06803	-1.01282	-11.21174	LAX_RV_FREEWALL	8	1.0	1.0
-21.87191	-1.01282	-9.05392	LAX_RV_FREEWALL	8	1.0	1.0
-23.67579	-1.01281	-6.89610	LAX_RV_FREEWALL	8	1.0	1.0
-25.13556	-3.72971	-6.28352	LAX_RV_FREEWALL	8	1.0	1.0
-26.59532	-6.44661	-5.67094	LAX_RV_FREEWALL	8	1.0	1.0
-27.15315	-9.16350	-6.13726	LAX_RV_FREEWALL	8	1.0	1.0
-28.89183	-13.23885	-5.75784	LAX_RV_EPICARDIAL	8	1.0	1.0
-27.64577	-15.95575	-8.38198	LAX_RV_EPICARDIAL	8	1.0	1.0
-26.39972	-18.67265	-11.00612	LAX_RV_EPICARDIAL	8	1.0	1.0
-25.15366	-21.38955	-13.63026	LAX_RV_EPICARDIAL	8	1.0	1.0
-23.62869	-22.74800	-16.02124	LAX_RV_EPICARDIAL	8	1.0	1.0
-22.10372	-24.10645	-18.41222	LAX_RV_EPICARDIAL	8	1.0	1.0
-20.29984	-24.10645	-20.57004	LAX_RV_EPICARDIAL	8	1.0	1.0
-18.77487	-25.46490	-22.96102	LAX_RV_EPICARDIAL	8	1.0	1.0
-17.24991	-26.82335	-25.35199	LAX_RV_EPICARDIAL	8	1.0	1.0
-15.44602	-26.82335	-27.50981	LAX_RV_EPICARDIAL	8	1.0	1.0
-13.64214	-26.82336	-29.66763	LAX_RV_EPICARDIAL	8	1.0	1.0
-11.83826	-26.82336	-31.82545	LAX_RV_EPICARDIAL	8	1.0	1.0
-10.03438	-26.82336	-33.98326	LAX_RV_EPICARDIAL	8	1.0	1.0
-8.23050	-26.82336	-36.14108	LAX_RV_EPICARDIAL	8	1.0	1.0
-6.42662	-26.82336	-38.29890	LAX_RV_EPICARDIAL	8	1.0	1.0
-4.34382	-25.46492	-40.22356	LAX_RV_EPICARDIAL	8	1.0	1.0
-2.53994	-25.46492	-42.38137	LAX_RV_EPICARDIAL	8	1.0	1.0
-0.73606	-25.46492	-44.53919	LAX_RV_EPICARDIAL	8	1.0	1.0
0.78891	-26.82337	-46.93017	LAX_RV_EPICARDIAL	8	1.0	1.0
2.87170	-25.46492	-48.85483	LAX_RV_EPICARDIAL	8	1.0	1.0
4.67558	-25.46492	-51.01264	LAX_RV_EPICARDIAL	8	1.0	1.0
6.47946	-25.46493	-53.17046	LAX_RV_EPICARDIAL	8	1.0	1.0
8.28334	-25.46493	-55.32828	LAX_RV_EPICARDIAL	8	1.0	1.0
10.08723	-25.46493	-57.48610	LAX_RV_EPICARDIAL	8	1.0	1.0
-15.00050	1.70408	-16.13996	LAX_RV_EPICARDIAL	8	1.0	1.0
-16.80438	1.70408	-13.98214	LAX_RV_EPICARDIAL	8	1.0	1.0
-18.88717	0.34563	-12.05749	LAX_RV_EPICARDIAL	8	1.0	1.0
-20.69106	0.34563	-9.89967	LAX_RV_EPICARDIAL	8	1.0	1.0
-24.29882	0.34564	-5.58403	LAX_RV_EPICARDIAL	8	1.0	1.0
-25.75858	-2.37126	-4.97145	LAX_RV_EPICARDIAL	8	1.0	1.0
-27.21835	-5.08816	-4.35886	LAX_RV_EPICARDIAL	8	1.0	1.0
-27.77618	-7.80506	-4.82519	LAX_RV_EPICARDIAL	8	1.0	1.0
-28.33400	-10.52195	-5.29151	LAX_RV_EPICARDIAL	8	1.0	1.0
8.21814	-21.38958	-53.54988	LAX_RV_SEPTUM	8	1.0	1.0
6.69317	-20.03113	-51.15890	LAX_RV_SEPTUM	8	1.0	1.0
5.16821	-18.67268	-48.76792	LAX_RV_SEPTUM	8	1.0	1.0
3.64324	-17.31423	-46.37694	LAX_RV_SEPTUM	8	1.0	1.0
2.11827	-15.95578	-43.98597	LAX_RV_SEPTUM	8	1.0	1.0
0.59330	-14.59733	-41.59499	LAX_RV_SEPTUM	8	1.0	1.0
-0.93167	-13.23888	-39.20401	LAX_RV_SEPTUM	8	1.0	1.0
-2.17772	-10.52198	-36.57987	LAX_RV_SEPTUM	8	1.0	1.0
-3.70269	-9.16353	-34.18889	LAX_RV_SEPTUM	8	1.0	1.0
-4.94875	-6.44663	-31.56475	LAX_RV_SEPTUM	8	1.0	1.0
-6.47372	-5.08818	-29.17377	LAX_RV_SEPTUM	8	1.0	1.0
-7.99868	-3.72973	-26.78279	LAX_RV_SEPTUM	8	1.0	1.0
-12.29468	1.70407	-19.37669	LAX_LV_EPICARDIAL	8	1.0	1.0
-10.76971	0.34562	-21.76767	LAX_LV_EPICARDIAL	8	1.0	1.0
-9.24474	-1.01283	-24.15864	LAX_LV_EPICARDIAL	8	1.0	1.0
9.74311	-22.74803	-55.94086	LAX_LV_EPICARDIAL	8	1.0	1.0
11.54699	-22.74803	-58.09868	LAX_LV_EPICARDIAL	8	1.0	1.0
13.07196	-24.10648	-60.48966	LAX_LV_EPICARDIAL	8	1.0	1.0
14.87584	-24.10648	-62.64748	LAX_LV_EPICARDIAL	8	1.0	1.0
16.40081	-25.46494	-65.03846	LAX_LV_EPICARDIAL	8	1.0	1.0
18.20469	-25.46494	-67.19627	LAX_LV_EPICARDIAL	8	1.0	1.0
19.72966	-26.82339	-69.58725	LAX_LV_EPICARDIAL	8	1.0	1.0
21.53354	-26.82339	-71.74507	LAX_LV_EPICARDIAL	8	1.0	1.0
23.33742	-26.82339	-73.90289	LAX_LV_EPICARDIAL	8	1.0	1.0
24.86239	-28.18184	-76.29387	LAX_LV_EPICARDIAL	8	1.0	1.0
26.66627	-28.18184	-78.45169	LAX_LV_EPICARDIAL	8	1.0	1.0
28.47015	-28.18184	-80.60950	LAX_LV_EPICARDIAL	8	1.0	1.0
30.55295	-26.82340	-82.53416	LAX_LV_EPICARDIAL	8	1.0	1.0
32.35683	-26.82340	-84.69198	LAX_LV_EPICARDIAL	8	1.0	1.0
34.16071	-26.82340	-86.84979	LAX_LV_EPICARDIAL	8	1.0	1.0
35.96459	-26.82340	-89.00761	LAX_LV_EPICARDIAL	8	1.0	1.0
38.04739	-25.46496	-90.93227	LAX_LV_EPICARDIAL	8	1.0	1.0
40.13018	-24.10651	-92.85692	LAX_LV_EPICARDIAL	8	1.0	1.0
42.49189	-21.38961	-94.54842	LAX_LV_EPICARDIAL	8	1.0	1.0
43.95165	-18.67272	-95.16100	LAX_LV_EPICARDIAL	8	1.0	1.0
45.41142	-15.95582	-95.77359	LAX_LV_EPICARDIAL	8	1.0	1.0
45.96924	-13.23892	-95.30726	LAX_LV_EPICARDIAL	8	1.0	1.0
46.52707	-10.52203	-94.84094	LAX_LV_EPICARDIAL	8	1.0	1.0
46.18296	-7.80513	-93.29571	LAX_LV_EPICARDIAL	8	1.0	1.0
46.74078	-5.08823	-92.82938	LAX_LV_EPICARDIAL	8	1.0	1.0
46.39667	-2.37133	-91.28415	LAX_LV_EPICARDIAL	8	1.0	1.0
46.05255	0.34557	-89.73892	LAX_LV_EPICARDIAL	8	1.0	1.0
45.70844	3.06247	-88.19368	LAX_LV_EPICARDIAL	8	1.0	1.0
45.36432	5.77936	-86.64845	LAX_LV_EPICARDIAL	8	1.0	1.0
45.02021	8.49626	-85.10322	LAX_LV_EPICARDIAL	8	1.0	1.0
44.67609	11.21316	-83.55799	LAX_LV_EPICARDIAL	8	1.0	1.0
44.33198	13.93006	-82.01275	LAX_LV_EPICARDIAL	8	1.0	1.0
43.98786	16.64696	-80.46752	LAX_LV_EPICARDIAL	8	1.0	1.0
43.64375	19.36386	-78.92229	LAX_LV_EPICARDIAL	8	1.0	1.0
43.29963	22.08075	-77.37706	LAX_LV_EPICARDIAL	8	1.0	1.0
42.05358	24.79765	-74.75292	LAX_LV_EPICARDIAL	8	1.0	1.0
41.70946	27.51455	-73.20768	LAX_LV_EPICARDIAL	8	1.0	1.0
41.36535	30.23145	-71.66245	LAX_LV_EPICARDIAL	8	1.0	1.0
41.02123	32.94835	-70.11722	LAX_LV_EPICARDIAL	8	1.0	1.0
39.77517	35.66525	-67.49308	LAX_LV_EPICARDIAL	8	1.0	1.0
39.43106	38.38215	-65.94784	LAX_LV_EPICARDIAL	8	1.0	1.0
37.90609	39.74060	-63.55686	LAX_LV_EPICARDIAL	8	1.0	1.0
36.66004	42.45750	-60.93272	LAX_LV_EPICARDIAL	8	1.0	1.0
35.13507	43.81595	-58.54174	LAX_LV_EPICARDIAL	8	1.0	1.0
33.61010	45.17440	-56.15076	LAX_LV_EPICARDIAL	8	1.0	1.0
32.36404	47.89130	-53.52662	LAX_LV_EPICARDIAL	8	1.0	1.0
30.83907	49.24975	-51.13564	LAX_LV_EPICARDIAL	8	1.0	1.0
29.31411	50.60820	-48.74467	LAX_LV_EPICARDIAL	8	1.0	1.0
27.51022	50.60820	-46.58685	LAX_LV_EPICARDIAL	8	1.0	1.0
25.70634	50.60820	-44.42903	LAX_LV_EPICARDIAL	8	1.0	1.0
23.90246	50.60820	-42.27121	LAX_LV_EPICARDIAL	8	1.0	1.0
22.09858	50.60820	-40.11340	LAX_LV_EPICARDIAL	8	1.0	1.0
20.01579	49.24976	-38.18874	LAX_LV_EPICARDIAL	8	1.0	1.0
17.93299	47.89131	-36.26408	LAX_LV_EPICARDIAL	8	1.0	1.0
1.46625	24.79769	-26.20202	LAX_LV_EPICARDIAL	8	1.0	1.0
-0.89546	22.08080	-24.51053	LAX_LV_EPICARDIAL	8	1.0	1.0
-2.69934	22.08080	-22.35271	LAX_LV_EPICARDIAL	8	1.0	1.0
-4.50322	22.08080	-20.19489	LAX_LV_EPICARDIAL	8	1.0	1.0
-9.93297	4.42097	-21.06818	LAX_LV_EPICARDIAL	8	1.0	1.0
-12.01576	3.06252	-19.14352	LAX_LV_EPICARDIAL	8	1.0	1.0
-9.03103	4.42097	-22.14709	LAX_LV_ENDOCARDIAL	8	1.0	1.0
-6.94824	5.77941	-24.07174	LAX_LV_ENDOCARDIAL	8	1.0	1.0
-5.14435	5.77941	-26.22956	LAX_LV_ENDOCARDIAL	8	1.0	1.0
-3.06156	7.13786	-28.15422	LAX_LV_ENDOCARDIAL	8	1.0	1.0
-1.25768	7.13786	-30.31204	LAX_LV_ENDOCARDIAL	8	1.0	1.0
0.82512	8.49631	-32.23669	LAX_LV_ENDOCARDIAL	8	1.0	1.0
2.35008	7.13785	-34.62767	LAX_LV_ENDOCARDIAL	8	1.0	1.0
3.87505	5.77940	-37.01865	LAX_LV_ENDOCARDIAL	8	1.0	1.0
5.40002	4.42095	-39.40963	LAX_LV_ENDOCARDIAL	8	1.0	1.0
6.64608	1.70405	-42.03377	LAX_LV_ENDOCARDIAL	8	1.0	1.0
7.89213	-1.01284	-44.65791	LAX_LV_ENDOCARDIAL	8	1.0	1.0
9.13819	-3.72974	-47.28205	LAX_LV_ENDOCARDIAL	8	1.0	1.0
10.66316	-5.08819	-49.67303	LAX_LV_ENDOCARDIAL	8	1.0	1.0
11.90921	-7.80509	-52.29717	LAX_LV_ENDOCARDIAL	8	1.0	1.0
13.43418	-9.16354	-54.68815	LAX_LV_ENDOCARDIAL	8	1.0	1.0
14.95915	-10.52199	-57.07913	LAX_LV_ENDOCARDIAL	8	1.0	1.0
16.48412	-11.88045	-59.47011	LAX_LV_ENDOCARDIAL	8	1.0	1.0
18.00909	-13.23890	-61.86109	LAX_LV_ENDOCARDIAL	8	1.0	1.0
19.53405	-14.59735	-64.25207	LAX_LV_ENDOCARDIAL	8	1.0	1.0
21.33793	-14.59735	-66.40989	LAX_LV_ENDOCARDIAL	8	1.0	1.0
22.86290	-15.95580	-68.80087	LAX_LV_ENDOCARDIAL	8	1.0	1.0
24.38787	-17.31425	-71.19185	LAX_LV_ENDOCARDIAL	8	1.0	1.0
25.91284	-18.67270	-73.58283	LAX_LV_ENDOCARDIAL	8	1.0	1.0
27.71672	-18.67270	-75.74064	LAX_LV_ENDOCARDIAL	8	1.0	1.0
29.52060	-18.67270	-77.89846	LAX_LV_ENDOCARDIAL	8	1.0	1.0
31.04557	-20.03115	-80.28944	LAX_LV_ENDOCARDIAL	8	1.0	1.0
32.84945	-20.03115	-82.44726	LAX_LV_ENDOCARDIAL	8	1.0	1.0
34.65333	-20.03116	-84.60508	LAX_LV_ENDOCARDIAL	8	1.0	1.0
36.45721	-20.03116	-86.76289	LAX_LV_ENDOCARDIAL	8	1.0	1.0
37.98218	-21.38961	-89.15387	LAX_LV_ENDOCARDIAL	8	1.0	1.0
40.06498	-20.03116	-91.07853	LAX_LV_ENDOCARDIAL	8	1.0	1.0
42.42668	-17.31427	-92.77002	LAX_LV_ENDOCARDIAL	8	1.0	1.0
42.98451	-14.59737	-92.30370	LAX_LV_ENDOCARDIAL	8	1.0	1.0
42.64039	-11.88047	-90.75847	LAX_LV_ENDOCARDIAL	8	1.0	1.0
41.39434	-9.16357	-88.13432	LAX_LV_ENDOCARDIAL	8	1.0	1.0
41.05022	-6.44667	-86.58909	LAX_LV_ENDOCARDIAL	8	1.0	1.0
39.80417	-3.72977	-83.96495	LAX_LV_ENDOCARDIAL	8	1.0	1.0
39.46005	-1.01288	-82.41972	LAX_LV_ENDOCARDIAL	8	1.0	1.0
39.11594	1.70402	-80.87448	LAX_LV_ENDOCARDIAL	8	1.0	1.0
37.86988	4.42092	-78.25034	LAX_LV_ENDOCARDIAL	8	1.0	1.0
37.52577	7.13782	-76.70511	LAX_LV_ENDOCARDIAL	8	1.0	1.0
36.27971	9.85472	-74.08097	LAX_LV_ENDOCARDIAL	8	1.0	1.0
35.03366	12.57162	-71.45683	LAX_LV_ENDOCARDIAL	8	1.0	1.0
33.78760	15.28852	-68.83269	LAX_LV_ENDOCARDIAL	8	1.0	1.0
33.44349	18.00542	-67.28746	LAX_LV_ENDOCARDIAL	8	1.0	1.0
33.09937	20.72232	-65.74222	LAX_LV_ENDOCARDIAL	8	1.0	1.0
34.55914	23.43921	-66.35481	LAX_LV_ENDOCARDIAL	8	1.0	1.0
34.21502	26.15611	-64.80958	LAX_LV_ENDOCARDIAL	8	1.0	1.0
32.96897	28.87301	-62.18543	LAX_LV_ENDOCARDIAL	8	1.0	1.0
32.62485	31.58991	-60.64020	LAX_LV_ENDOCARDIAL	8	1.0	1.0
31.09988	32.94836	-58.24922	LAX_LV_ENDOCARDIAL	8	1.0	1.0
29.57491	34.30681	-55.85824	LAX_LV_ENDOCARDIAL	8	1.0	1.0
28.32886	37.02371	-53.23410	LAX_LV_ENDOCARDIAL	8	1.0	1.0
26.80389	38.38216	-50.84312	LAX_LV_ENDOCARDIAL	8	1.0	1.0
25.55784	41.09906	-48.21898	LAX_LV_ENDOCARDIAL	8	1.0	1.0
24.03287	42.45751	-45.82800	LAX_LV_ENDOCARDIAL	8	1.0	1.0
22.22899	42.45751	-43.67018	LAX_LV_ENDOCARDIAL	8	1.0	1.0
20.42510	42.45751	-41.51237	LAX_LV_ENDOCARDIAL	8	1.0	1.0
18.62122	42.45751	-39.35455	LAX_LV_ENDOCARDIAL	8	1.0	1.0
0.28539	23.43925	-25.35627	LAX_LV_ENDOCARDIAL	8	1.0	1.0
-1.79740	22.08080	-23.43162	LAX_LV_ENDOCARDIAL	8	1.0	1.0
-3.60128	22.08080	-21.27380	LAX_LV_ENDOCARDIAL	8	1.0	1.0
-28.89183	-13.23885	-5.75784	LAX_RV_EPICARDIAL	8	1.0	1.0
-27.64577	-15.95575	-8.38198	LAX_RV_EPICARDIAL	8	1.0	1.0
-26.39972	-18.67265	-11.00612	LAX_RV_EPICARDIAL	8	1.0	1.0
-25.15366	-21.38955	-13.63026	LAX_RV_EPICARDIAL	8	1.0	1.0
-23.62869	-22.74800	-16.02124	LAX_RV_EPICARDIAL	8	1.0	1.0
-22.10372	-24.10645	-18.41222	LAX_RV_EPICARDIAL	8	1.0	1.0
-20.29984	-24.10645	-20.57004	LAX_RV_EPICARDIAL	8	1.0	1.0
-18.77487	-25.46490	-22.96102	LAX_RV_EPICARDIAL	8	1.0	1.0
-17.24991	-26.82335	-25.35199	LAX_RV_EPICARDIAL	8	1.0	1.0
-15.44602	-26.82335	-27.50981	LAX_RV_EPICARDIAL	8	1.0	1.0
-13.64214	-26.82336	-29.66763	LAX_RV_EPICARDIAL	8	1.0	1.0
-11.83826	-26.82336	-31.82545	LAX_RV_EPICARDIAL	8	1.0	1.0
-10.03438	-26.82336	-33.98326	LAX_RV_EPICARDIAL	8	1.0	1.0
-8.23050	-26.82336	-36.14108	LAX_RV_EPICARDIAL	8	1.0	1.0
-6.42662	-26.82336	-38.29890	LAX_RV_EPICARDIAL	8	1.0	1.0
-4.34382	-25.46492	-40.22356	LAX_RV_EPICARDIAL	8	1.0	1.0
-2.53994	-25.46492	-42.38137	LAX_RV_EPICARDIAL	8	1.0	1.0
-0.73606	-25.46492	-44.53919	LAX_RV_EPICARDIAL	8	1.0	1.0
0.78891	-26.82337	-46.93017	LAX_RV_EPICARDIAL	8	1.0	1.0
2.87170	-25.46492	-48.85483	LAX_RV_EPICARDIAL	8	1.0	1.0
4.67558	-25.46492	-51.01264	LAX_RV_EPICARDIAL	8	1.0	1.0
6.47946	-25.46493	-53.17046	LAX_RV_EPICARDIAL	8	1.0	1.0
8.28334	-25.46493	-55.32828	LAX_RV_EPICARDIAL	8	1.0	1.0
10.08723	-25.46493	-57.48610	LAX_RV_EPICARDIAL	8	1.0	1.0
-15.00050	1.70408	-16.13996	LAX_RV_EPICARDIAL	8	1.0	1.0
-16.80438	1.70408	-13.98214	LAX_RV_EPICARDIAL	8	1.0	1.0
-18.88717	0.34563	-12.05749	LAX_RV_EPICARDIAL	8	1.0	1.0
-20.69106	0.34563	-9.89967	LAX_RV_EPICARDIAL	8	1.0	1.0
-24.29882	0.34564	-5.58403	LAX_RV_EPICARDIAL	8	1.0	1.0
-25.75858	-2.37126	-4.97145	LAX_RV_EPICARDIAL	8	1.0	1.0
-27.21835	-5.08816	-4.35886	LAX_RV_EPICARDIAL	8	1.0	1.0
-27.77618	-7.80506	-4.82519	LAX_RV_EPICARDIAL	8	1.0	1.0
-28.33400	-10.52195	-5.29151	LAX_RV_EPICARDIAL	8	1.0	1.0
15.91540	42.45752	-36.11782	MITRAL_VALVE	8	1.0	1.0
2.02407	27.51459	-25.73570	MITRAL_VALVE	8	1.0	1.0
-11.45794	5.77942	-18.67720	AORTA_VALVE	8	1.0	1.0
-6.30710	22.08080	-18.03708	AORTA_VALVE	8	1.0	1.0
-54.47385	3.08829	-74.08333	LAX_RV_FREEWALL	7	1.0	5
-55.65212	1.48700	-76.51956	LAX_RV_FREEWALL	7	1.0	5
-55.43061	-0.11429	-78.82108	LAX_RV_FREEWALL	7	1.0	5
-53.80931	-1.71558	-80.98786	LAX_RV_FREEWALL	7	1.0	5
-52.18802	-3.31688	-83.15465	LAX_RV_FREEWALL	7	1.0	5
-50.56673	-4.91817	-85.32143	LAX_RV_FREEWALL	7	1.0	5
-47.54565	-6.51946	-87.35350	LAX_RV_FREEWALL	7	1.0	5
-44.52457	-8.12075	-89.38556	LAX_RV_FREEWALL	7	1.0	5
-41.50350	-9.72204	-91.41762	LAX_RV_FREEWALL	7	1.0	5
-38.59318	-10.52269	-92.29893	LAX_RV_FREEWALL	7	1.0	5
-35.68286	-11.32334	-93.18023	LAX_RV_FREEWALL	7	1.0	5
-32.66179	-12.92463	-95.21229	LAX_RV_FREEWALL	7	1.0	5
-29.75147	-13.72527	-96.09360	LAX_RV_FREEWALL	7	1.0	5
-26.73039	-15.32657	-98.12566	LAX_RV_FREEWALL	7	1.0	5
-23.93083	-15.32657	-97.85621	LAX_RV_FREEWALL	7	1.0	5
-21.02051	-16.12721	-98.73752	LAX_RV_FREEWALL	7	1.0	5
-18.11019	-16.92786	-99.61882	LAX_RV_FREEWALL	7	1.0	5
-15.19987	-17.72851	-100.50013	LAX_RV_FREEWALL	7	1.0	5
-12.28955	-18.52915	-101.38144	LAX_RV_FREEWALL	7	1.0	5
-9.48999	-18.52915	-101.11199	LAX_RV_FREEWALL	7	1.0	5
-6.57967	-19.32980	-101.99329	LAX_RV_FREEWALL	7	1.0	5
-3.78011	-19.32980	-101.72384	LAX_RV_FREEWALL	7	1.0	5
-0.86979	-20.13045	-102.60515	LAX_RV_FREEWALL	7	1.0	5
1.92977	-20.13045	-102.33570	LAX_RV_FREEWALL	7	1.0	5
4.72934	-20.13045	-102.06625	LAX_RV_FREEWALL	7	1.0	5
7.52890	-20.13045	-101.79680	LAX_RV_FREEWALL	7	1.0	5
10.43922	-20.93110	-102.67811	LAX_RV_FREEWALL	7	1.0	5
13.23878	-20.93110	-102.40866	LAX_RV_FREEWALL	7	1.0	5
16.14910	-21.73174	-103.28996	LAX_RV_FREEWALL	7	1.0	5
18.94866	-21.73174	-103.02052	LAX_RV_FREEWALL	7	1.0	5
21.74822	-21.73174	-102.75107	LAX_RV_FREEWALL	7	1.0	5
24.43703	-20.93110	-101.33086	LAX_RV_FREEWALL	7	1.0	5
-53.29559	4.68958	-71.64709	LAX_RV_EPICARDIAL	7	1.0	5
-55.98439	3.88894	-73.06730	LAX_RV_EPICARDIAL	7	1.0	5
-58.78395	3.88894	-73.33675	LAX_RV_EPICARDIAL	7	1.0	5
-58.56244	2.28765	-75.63826	LAX_RV_EPICARDIAL	7	1.0	5
-58.34093	0.68635	-77.93977	LAX_RV_EPICARDIAL	7	1.0	5
-58.11941	-0.91494	-80.24128	LAX_RV_EPICARDIAL	7	1.0	5
-56.49812	-2.51623	-82.40807	LAX_RV_EPICARDIAL	7	1.0	5
-56.27661	-4.11752	-84.70958	LAX_RV_EPICARDIAL	7	1.0	5
-54.65531	-5.71881	-86.87636	LAX_RV_EPICARDIAL	7	1.0	5
-51.63424	-7.32010	-88.90843	LAX_RV_EPICARDIAL	7	1.0	5
-48.61316	-8.92140	-90.94049	LAX_RV_EPICARDIAL	7	1.0	5
-45.59209	-10.52269	-92.97255	LAX_RV_EPICARDIAL	7	1.0	5
-42.57101	-12.12398	-95.00461	LAX_RV_EPICARDIAL	7	1.0	5
-39.66069	-12.92463	-95.88592	LAX_RV_EPICARDIAL	7	1.0	5
-36.75037	-13.72527	-96.76722	LAX_RV_EPICARDIAL	7	1.0	5
-33.84005	-14.52592	-97.64853	LAX_RV_EPICARDIAL	7	1.0	5
-30.81898	-16.12721	-99.68059	LAX_RV_EPICARDIAL	7	1.0	5
-27.90866	-16.92786	-100.56190	LAX_RV_EPICARDIAL	7	1.0	5
-24.99834	-17.72850	-101.44320	LAX_RV_EPICARDIAL	7	1.0	5
-22.08802	-18.52915	-102.32451	LAX_RV_EPICARDIAL	7	1.0	5
-19.17770	-19.32980	-103.20581	LAX_RV_EPICARDIAL	7	1.0	5
-16.37814	-19.32980	-102.93637	LAX_RV_EPICARDIAL	7	1.0	5
-13.46782	-20.13044	-103.81767	LAX_RV_EPICARDIAL	7	1.0	5
-10.66826	-20.13044	-103.54822	LAX_RV_EPICARDIAL	7	1.0	5
-7.75794	-20.93109	-104.42953	LAX_RV_EPICARDIAL	7	1.0	5
-4.95838	-20.93109	-104.16008	LAX_RV_EPICARDIAL	7	1.0	5
-2.04806	-21.73174	-105.04139	LAX_RV_EPICARDIAL	7	1.0	5
0.75150	-21.73174	-104.77194	LAX_RV_EPICARDIAL	7	1.0	5
3.55107	-21.73174	-104.50249	LAX_RV_EPICARDIAL	7	1.0	5
6.46139	-22.53239	-105.38379	LAX_RV_EPICARDIAL	7	1.0	5
9.26095	-22.53239	-105.11434	LAX_RV_EPICARDIAL	7	1.0	5
12.06051	-22.53239	-104.84489	LAX_RV_EPICARDIAL	7	1.0	5
14.97083	-23.33303	-105.72620	LAX_RV_EPICARDIAL	7	1.0	5
17.77039	-23.33303	-105.45675	LAX_RV_EPICARDIAL	7	1.0	5
20.56996	-23.33304	-105.18730	LAX_RV_EPICARDIAL	7	1.0	5
23.36952	-23.33304	-104.91785	LAX_RV_EPICARDIAL	7	1.0	5
26.05832	-22.53239	-103.49765	LAX_RV_EPICARDIAL	7	1.0	5
27.23659	-20.93110	-101.06141	LAX_RV_EPICARDIAL	7	1.0	5
25.50454	-18.52916	-97.74387	LAX_RV_EPICARDIAL	7	1.0	5
-23.71872	13.49667	-56.02484	LAX_RV_SEPTUM	7	1.0	5
25.61530	-19.32981	-98.89463	LAX_RV_SEPTUM	7	1.0	5
23.99400	-17.72852	-96.72784	LAX_RV_SEPTUM	7	1.0	5
21.08368	-16.92787	-95.84653	LAX_RV_SEPTUM	7	1.0	5
18.17337	-16.12722	-94.96523	LAX_RV_SEPTUM	7	1.0	5
15.15229	-14.52593	-92.93317	LAX_RV_SEPTUM	7	1.0	5
12.24197	-13.72529	-92.05186	LAX_RV_SEPTUM	7	1.0	5
9.22090	-12.12399	-90.01980	LAX_RV_SEPTUM	7	1.0	5
6.19982	-10.52270	-87.98774	LAX_RV_SEPTUM	7	1.0	5
3.17874	-8.92141	-85.95567	LAX_RV_SEPTUM	7	1.0	5
0.15767	-7.32012	-83.92361	LAX_RV_SEPTUM	7	1.0	5
-1.46363	-5.71883	-81.75683	LAX_RV_SEPTUM	7	1.0	5
-3.08492	-4.11753	-79.59004	LAX_RV_SEPTUM	7	1.0	5
-4.70621	-2.51624	-77.42325	LAX_RV_SEPTUM	7	1.0	5
-7.72729	-0.91495	-75.39119	LAX_RV_SEPTUM	7	1.0	5
-9.34858	0.68634	-73.22441	LAX_RV_SEPTUM	7	1.0	5
-10.96988	2.28763	-71.05762	LAX_RV_SEPTUM	7	1.0	5
-12.59117	3.88892	-68.89083	LAX_RV_SEPTUM	7	1.0	5
-14.21247	5.49022	-66.72405	LAX_RV_SEPTUM	7	1.0	5
-17.23354	7.09151	-64.69199	LAX_RV_SEPTUM	7	1.0	5
-18.85484	8.69280	-62.52520	LAX_RV_SEPTUM	7	1.0	5
-20.47613	10.29409	-60.35841	LAX_RV_SEPTUM	7	1.0	5
-20.69764	11.89538	-58.05690	LAX_RV_SEPTUM	7	1.0	5
-22.31894	13.49667	-55.89012	LAX_RV_SEPTUM	7	1.0	5
-20.51618	20.70248	-45.26387	LAX_LV_EPICARDIAL	7	1.0	5
-21.69445	19.10119	-47.70010	LAX_LV_EPICARDIAL	7	1.0	5
-22.87272	17.49990	-50.13634	LAX_LV_EPICARDIAL	7	1.0	5
-22.65121	15.89861	-52.43785	LAX_LV_EPICARDIAL	7	1.0	5
29.70389	-18.52916	-97.33970	LAX_LV_EPICARDIAL	7	1.0	5
32.50345	-18.52917	-97.07025	LAX_LV_EPICARDIAL	7	1.0	5
35.41377	-19.32981	-97.95155	LAX_LV_EPICARDIAL	7	1.0	5
38.21333	-19.32981	-97.68210	LAX_LV_EPICARDIAL	7	1.0	5
41.01289	-19.32981	-97.41265	LAX_LV_EPICARDIAL	7	1.0	5
43.70170	-18.52917	-95.99245	LAX_LV_EPICARDIAL	7	1.0	5
46.39050	-17.72852	-94.57224	LAX_LV_EPICARDIAL	7	1.0	5
47.56877	-16.12723	-92.13601	LAX_LV_EPICARDIAL	7	1.0	5
48.74704	-14.52594	-89.69977	LAX_LV_EPICARDIAL	7	1.0	5
49.92531	-12.92465	-87.26354	LAX_LV_EPICARDIAL	7	1.0	5
51.10358	-11.32336	-84.82730	LAX_LV_EPICARDIAL	7	1.0	5
50.88206	-9.72207	-82.52579	LAX_LV_EPICARDIAL	7	1.0	5
52.06033	-8.12078	-80.08956	LAX_LV_EPICARDIAL	7	1.0	5
53.23860	-6.51949	-77.65332	LAX_LV_EPICARDIAL	7	1.0	5
53.01709	-4.91820	-75.35181	LAX_LV_EPICARDIAL	7	1.0	5
52.79557	-3.31691	-73.05030	LAX_LV_EPICARDIAL	7	1.0	5
53.97384	-1.71561	-70.61406	LAX_LV_EPICARDIAL	7	1.0	5
53.75233	-0.11432	-68.31255	LAX_LV_EPICARDIAL	7	1.0	5
53.53082	1.48697	-66.01104	LAX_LV_EPICARDIAL	7	1.0	5
54.70908	3.08826	-63.57481	LAX_LV_EPICARDIAL	7	1.0	5
54.48757	4.68955	-61.27329	LAX_LV_EPICARDIAL	7	1.0	5
54.26606	6.29084	-58.97178	LAX_LV_EPICARDIAL	7	1.0	5
52.64476	7.89213	-56.80500	LAX_LV_EPICARDIAL	7	1.0	5
52.42325	9.49342	-54.50349	LAX_LV_EPICARDIAL	7	1.0	5
52.20174	11.09472	-52.20198	LAX_LV_EPICARDIAL	7	1.0	5
50.58044	12.69601	-50.03519	LAX_LV_EPICARDIAL	7	1.0	5
50.35893	14.29730	-47.73368	LAX_LV_EPICARDIAL	7	1.0	5
48.73764	15.89859	-45.56689	LAX_LV_EPICARDIAL	7	1.0	5
48.51612	17.49988	-43.26538	LAX_LV_EPICARDIAL	7	1.0	5
46.89483	19.10117	-41.09859	LAX_LV_EPICARDIAL	7	1.0	5
45.27353	20.70246	-38.93181	LAX_LV_EPICARDIAL	7	1.0	5
43.65224	22.30376	-36.76502	LAX_LV_EPICARDIAL	7	1.0	5
42.03095	23.90505	-34.59824	LAX_LV_EPICARDIAL	7	1.0	5
40.40965	25.50634	-32.43145	LAX_LV_EPICARDIAL	7	1.0	5
38.78836	27.10763	-30.26466	LAX_LV_EPICARDIAL	7	1.0	5
37.16706	28.70892	-28.09788	LAX_LV_EPICARDIAL	7	1.0	5
34.14599	30.31022	-26.06582	LAX_LV_EPICARDIAL	7	1.0	5
31.12491	31.91151	-24.03375	LAX_LV_EPICARDIAL	7	1.0	5
28.21459	32.71215	-23.15245	LAX_LV_EPICARDIAL	7	1.0	5
25.30427	33.51280	-22.27114	LAX_LV_EPICARDIAL	7	1.0	5
22.50471	33.51280	-22.54059	LAX_LV_EPICARDIAL	7	1.0	5
19.59439	34.31345	-21.65928	LAX_LV_EPICARDIAL	7	1.0	5
-19.00565	19.90184	-46.27990	LAX_LV_ENDOCARDIAL	7	1.0	5
-17.38435	18.30055	-48.44668	LAX_LV_ENDOCARDIAL	7	1.0	5
-15.76306	16.69925	-50.61347	LAX_LV_ENDOCARDIAL	7	1.0	5
-14.14176	15.09796	-52.78026	LAX_LV_ENDOCARDIAL	7	1.0	5
-12.52047	13.49667	-54.94704	LAX_LV_ENDOCARDIAL	7	1.0	5
-10.89918	11.89538	-57.11383	LAX_LV_ENDOCARDIAL	7	1.0	5
-7.87810	10.29409	-59.14589	LAX_LV_ENDOCARDIAL	7	1.0	5
-4.85702	8.69280	-61.17795	LAX_LV_ENDOCARDIAL	7	1.0	5
-3.23573	7.09150	-63.34474	LAX_LV_ENDOCARDIAL	7	1.0	5
-0.21465	5.49021	-65.37680	LAX_LV_ENDOCARDIAL	7	1.0	5
2.80642	3.88892	-67.40886	LAX_LV_ENDOCARDIAL	7	1.0	5
4.42772	2.28763	-69.57565	LAX_LV_ENDOCARDIAL	7	1.0	5
6.04901	0.68634	-71.74243	LAX_LV_ENDOCARDIAL	7	1.0	5
9.07009	-0.91496	-73.77450	LAX_LV_ENDOCARDIAL	7	1.0	5
10.69138	-2.51625	-75.94128	LAX_LV_ENDOCARDIAL	7	1.0	5
12.31267	-4.11754	-78.10807	LAX_LV_ENDOCARDIAL	7	1.0	5
15.33375	-5.71883	-80.14013	LAX_LV_ENDOCARDIAL	7	1.0	5
16.95504	-7.32012	-82.30692	LAX_LV_ENDOCARDIAL	7	1.0	5
19.97612	-8.92141	-84.33898	LAX_LV_ENDOCARDIAL	7	1.0	5
22.99719	-10.52271	-86.37104	LAX_LV_ENDOCARDIAL	7	1.0	5
26.01827	-12.12400	-88.40310	LAX_LV_ENDOCARDIAL	7	1.0	5
28.92859	-12.92465	-89.28441	LAX_LV_ENDOCARDIAL	7	1.0	5
31.94966	-14.52594	-91.31647	LAX_LV_ENDOCARDIAL	7	1.0	5
34.85998	-15.32658	-92.19778	LAX_LV_ENDOCARDIAL	7	1.0	5
37.77030	-16.12723	-93.07908	LAX_LV_ENDOCARDIAL	7	1.0	5
40.56987	-16.12723	-92.80963	LAX_LV_ENDOCARDIAL	7	1.0	5
43.25867	-15.32659	-91.38943	LAX_LV_ENDOCARDIAL	7	1.0	5
43.03716	-13.72529	-89.08792	LAX_LV_ENDOCARDIAL	7	1.0	5
44.21543	-12.12400	-86.65168	LAX_LV_ENDOCARDIAL	7	1.0	5
43.99391	-10.52271	-84.35017	LAX_LV_ENDOCARDIAL	7	1.0	5
43.77240	-8.92142	-82.04866	LAX_LV_ENDOCARDIAL	7	1.0	5
44.95067	-7.32013	-79.61242	LAX_LV_ENDOCARDIAL	7	1.0	5
44.72916	-5.71884	-77.31091	LAX_LV_ENDOCARDIAL	7	1.0	5
44.50764	-4.11755	-75.00940	LAX_LV_ENDOCARDIAL	7	1.0	5
45.68591	-2.51626	-72.57317	LAX_LV_ENDOCARDIAL	7	1.0	5
45.46440	-0.91497	-70.27166	LAX_LV_ENDOCARDIAL	7	1.0	5
45.24288	0.68633	-67.97014	LAX_LV_ENDOCARDIAL	7	1.0	5
46.42115	2.28762	-65.53391	LAX_LV_ENDOCARDIAL	7	1.0	5
44.79986	3.88891	-63.36712	LAX_LV_ENDOCARDIAL	7	1.0	5
44.57835	5.49020	-61.06561	LAX_LV_ENDOCARDIAL	7	1.0	5
42.95705	7.09149	-58.89883	LAX_LV_ENDOCARDIAL	7	1.0	5
42.73554	8.69278	-56.59731	LAX_LV_ENDOCARDIAL	7	1.0	5
41.11424	10.29407	-54.43053	LAX_LV_ENDOCARDIAL	7	1.0	5
39.49295	11.89537	-52.26374	LAX_LV_ENDOCARDIAL	7	1.0	5
39.27144	13.49666	-49.96223	LAX_LV_ENDOCARDIAL	7	1.0	5
37.65014	15.09795	-47.79544	LAX_LV_ENDOCARDIAL	7	1.0	5
37.42863	16.69924	-45.49393	LAX_LV_ENDOCARDIAL	7	1.0	5
35.80733	18.30053	-43.32715	LAX_LV_ENDOCARDIAL	7	1.0	5
35.58582	19.90182	-41.02564	LAX_LV_ENDOCARDIAL	7	1.0	5
33.96453	21.50311	-38.85885	LAX_LV_ENDOCARDIAL	7	1.0	5
30.94345	23.10441	-36.82679	LAX_LV_ENDOCARDIAL	7	1.0	5
29.32216	24.70570	-34.66000	LAX_LV_ENDOCARDIAL	7	1.0	5
27.70086	26.30699	-32.49322	LAX_LV_ENDOCARDIAL	7	1.0	5
24.67979	27.90828	-30.46115	LAX_LV_ENDOCARDIAL	7	1.0	5
21.65871	29.50957	-28.42909	LAX_LV_ENDOCARDIAL	7	1.0	5
18.63764	31.11087	-26.39703	LAX_LV_ENDOCARDIAL	7	1.0	5
-53.29559	4.68958	-71.64709	LAX_RV_EPICARDIAL	7	1.0	5
-55.98439	3.88894	-73.06730	LAX_RV_EPICARDIAL	7	1.0	5
-58.78395	3.88894	-73.33675	LAX_RV_EPICARDIAL	7	1.0	5
-58.56244	2.28765	-75.63826	LAX_RV_EPICARDIAL	7	1.0	5
-58.34093	0.68635	-77.93977	LAX_RV_EPICARDIAL	7	1.0	5
-58.11941	-0.91494	-80.24128	LAX_RV_EPICARDIAL	7	1.0	5
-56.49812	-2.51623	-82.40807	LAX_RV_EPICARDIAL	7	1.0	5
-56.27661	-4.11752	-84.70958	LAX_RV_EPICARDIAL	7	1.0	5
-54.65531	-5.71881	-86.87636	LAX_RV_EPICARDIAL	7	1.0	5
-51.63424	-7.32010	-88.90843	LAX_RV_EPICARDIAL	7	1.0	5
-48.61316	-8.92140	-90.94049	LAX_RV_EPICARDIAL	7	1.0	5
-45.59209	-10.52269	-92.97255	LAX_RV_EPICARDIAL	7	1.0	5
-42.57101	-12.12398	-95.00461	LAX_RV_EPICARDIAL	7	1.0	5
-39.66069	-12.92463	-95.88592	LAX_RV_EPICARDIAL	7	1.0	5
-36.75037	-13.72527	-96.76722	LAX_RV_EPICARDIAL	7	1.0	5
-33.84005	-14.52592	-97.64853	LAX_RV_EPICARDIAL	7	1.0	5
-30.81898	-16.12721	-99.68059	LAX_RV_EPICARDIAL	7	1.0	5
-27.90866	-16.92786	-100.56190	LAX_RV_EPICARDIAL	7	1.0	5
-24.99834	-17.72850	-101.44320	LAX_RV_EPICARDIAL	7	1.0	5
-22.08802	-18.52915	-102.32451	LAX_RV_EPICARDIAL	7	1.0	5
-19.17770	-19.32980	-103.20581	LAX_RV_EPICARDIAL	7	1.0	5
-16.37814	-19.32980	-102.93637	LAX_RV_EPICARDIAL	7	1.0	5
-13.46782	-20.13044	-103.81767	LAX_RV_EPICARDIAL	7	1.0	5
-10.66826	-20.13044	-103.54822	LAX_RV_EPICARDIAL	7	1.0	5
-7.75794	-20.93109	-104.42953	LAX_RV_EPICARDIAL	7	1.0	5
-4.95838	-20.93109	-104.16008	LAX_RV_EPICARDIAL	7	1.0	5
-2.04806	-21.73174	-105.04139	LAX_RV_EPICARDIAL	7	1.0	5
0.75150	-21.73174	-104.77194	LAX_RV_EPICARDIAL	7	1.0	5
3.55107	-21.73174	-104.50249	LAX_RV_EPICARDIAL	7	1.0	5
6.46139	-22.53239	-105.38379	LAX_RV_EPICARDIAL	7	1.0	5
9.26095	-22.53239	-105.11434	LAX_RV_EPICARDIAL	7	1.0	5
12.06051	-22.53239	-104.84489	LAX_RV_EPICARDIAL	7	1.0	5
14.97083	-23.33303	-105.72620	LAX_RV_EPICARDIAL	7	1.0	5
17.77039	-23.33303	-105.45675	LAX_RV_EPICARDIAL	7	1.0	5
20.56996	-23.33304	-105.18730	LAX_RV_EPICARDIAL	7	1.0	5
23.36952	-23.33304	-104.91785	LAX_RV_EPICARDIAL	7	1.0	5
26.05832	-22.53239	-103.49765	LAX_RV_EPICARDIAL	7	1.0	5
27.23659	-20.93110	-101.06141	LAX_RV_EPICARDIAL	7	1.0	5
25.50454	-18.52916	-97.74387	LAX_RV_EPICARDIAL	7	1.0	5
14.10602	33.51280	-23.34894	MITRAL_VALVE	7	1.0	5
-20.73770	22.30377	-42.96236	MITRAL_VALVE	7	1.0	5
-23.82948	14.29732	-54.87409	TRICUSPID_VALVE	7	1.0	5
-53.40634	5.49023	-70.49634	TRICUSPID_VALVE	7	1.0	5
41.01289	-19.32981	-97.41265	APEX_POINT	7	1.0	5
-10.42158	-18.58493	-5.34165	LAX_RV_FREEWALL	11	1.0	5
-10.04327	-18.57505	-8.12858	LAX_RV_FREEWALL	11	1.0	5
-9.57954	-19.96881	-10.90888	LAX_RV_FREEWALL	11	1.0	5
-9.20123	-19.95893	-13.69580	LAX_RV_FREEWALL	11	1.0	5
-8.73750	-21.35269	-16.47611	LAX_RV_FREEWALL	11	1.0	5
-8.35919	-21.34281	-19.26303	LAX_RV_FREEWALL	11	1.0	5
-7.98087	-21.33293	-22.04995	LAX_RV_FREEWALL	11	1.0	5
-7.51715	-22.72669	-24.83026	LAX_RV_FREEWALL	11	1.0	5
-7.13883	-22.71681	-27.61718	LAX_RV_FREEWALL	11	1.0	5
-6.76052	-22.70694	-30.40410	LAX_RV_FREEWALL	11	1.0	5
-6.29679	-24.10070	-33.18441	LAX_RV_FREEWALL	11	1.0	5
-5.91848	-24.09082	-35.97133	LAX_RV_FREEWALL	11	1.0	5
-5.54017	-24.08094	-38.75825	LAX_RV_FREEWALL	11	1.0	5
-5.16186	-24.07106	-41.54518	LAX_RV_FREEWALL	11	1.0	5
-4.78354	-24.06118	-44.33210	LAX_RV_FREEWALL	11	1.0	5
-4.31982	-25.45494	-47.11240	LAX_RV_FREEWALL	11	1.0	5
-3.94150	-25.44506	-49.89933	LAX_RV_FREEWALL	11	1.0	5
-3.56319	-25.43518	-52.68625	LAX_RV_FREEWALL	11	1.0	5
-3.18488	-25.42530	-55.47317	LAX_RV_FREEWALL	11	1.0	5
-2.80657	-25.41542	-58.26010	LAX_RV_FREEWALL	11	1.0	5
-2.42825	-25.40555	-61.04702	LAX_RV_FREEWALL	11	1.0	5
-1.96453	-26.79931	-63.82732	LAX_RV_FREEWALL	11	1.0	5
-1.58621	-26.78943	-66.61425	LAX_RV_FREEWALL	11	1.0	5
-1.20790	-26.77955	-69.40117	LAX_RV_FREEWALL	11	1.0	5
-0.82959	-26.76967	-72.18809	LAX_RV_FREEWALL	11	1.0	5
-0.53669	-25.35615	-74.98164	LAX_RV_FREEWALL	11	1.0	5
-0.15838	-25.34627	-77.76856	LAX_RV_FREEWALL	11	1.0	5
0.30535	-26.74003	-80.54886	LAX_RV_FREEWALL	11	1.0	5
0.68366	-26.73015	-83.33579	LAX_RV_FREEWALL	11	1.0	5
1.06197	-26.72028	-86.12271	LAX_RV_FREEWALL	11	1.0	5
1.44028	-26.71040	-88.90963	LAX_RV_FREEWALL	11	1.0	5
1.81859	-26.70052	-91.69655	LAX_RV_FREEWALL	11	1.0	5
2.19691	-26.69064	-94.48348	LAX_RV_FREEWALL	11	1.0	5
2.48980	-25.27712	-97.27702	LAX_RV_FREEWALL	11	1.0	5
2.78270	-23.86360	-100.07056	LAX_RV_FREEWALL	11	1.0	5
3.07560	-22.45009	-102.86411	LAX_RV_FREEWALL	11	1.0	5
3.09392	-19.63787	-104.27081	LAX_RV_FREEWALL	11	1.0	5
3.11224	-16.82565	-105.67751	LAX_RV_FREEWALL	11	1.0	5
2.75226	-14.02332	-104.29728	LAX_RV_FREEWALL	11	1.0	5
2.58142	-11.21604	-104.31052	LAX_RV_FREEWALL	11	1.0	5
2.22144	-8.41370	-102.93030	LAX_RV_FREEWALL	11	1.0	5
1.86145	-5.61136	-101.55008	LAX_RV_FREEWALL	11	1.0	5
1.31231	-2.81396	-98.77639	LAX_RV_FREEWALL	11	1.0	5
0.95232	-0.01163	-97.39617	LAX_RV_FREEWALL	11	1.0	5
0.48859	1.38213	-94.61587	LAX_RV_FREEWALL	11	1.0	5
0.12860	4.18447	-93.23564	LAX_RV_FREEWALL	11	1.0	5
-0.42054	6.98187	-90.46196	LAX_RV_FREEWALL	11	1.0	5
-0.79886	6.97199	-87.67504	LAX_RV_FREEWALL	11	1.0	5
-0.81718	4.15977	-86.26833	LAX_RV_SEPTUM	11	1.0	5
-1.02466	1.34262	-83.46817	LAX_RV_SEPTUM	11	1.0	5
-1.04298	-1.46960	-82.06147	LAX_RV_SEPTUM	11	1.0	5
-1.06131	-4.28182	-80.65477	LAX_RV_SEPTUM	11	1.0	5
-1.07963	-7.09403	-79.24807	LAX_RV_SEPTUM	11	1.0	5
-1.09796	-9.90625	-77.84137	LAX_RV_SEPTUM	11	1.0	5
-1.39085	-11.31977	-75.04783	LAX_RV_SEPTUM	11	1.0	5
-1.68375	-12.73328	-72.25429	LAX_RV_SEPTUM	11	1.0	5
-2.06206	-12.74316	-69.46736	LAX_RV_SEPTUM	11	1.0	5
-2.44037	-12.75304	-66.68044	LAX_RV_SEPTUM	11	1.0	5
-2.81869	-12.76292	-63.89352	LAX_RV_SEPTUM	11	1.0	5
-3.11158	-14.17644	-61.09997	LAX_RV_SEPTUM	11	1.0	5
-3.48989	-14.18632	-58.31305	LAX_RV_SEPTUM	11	1.0	5
-3.86821	-14.19619	-55.52613	LAX_RV_SEPTUM	11	1.0	5
-4.24652	-14.20607	-52.73921	LAX_RV_SEPTUM	11	1.0	5
-4.62483	-14.21595	-49.95228	LAX_RV_SEPTUM	11	1.0	5
-5.00314	-14.22583	-47.16536	LAX_RV_SEPTUM	11	1.0	5
-5.46687	-12.83207	-44.38506	LAX_RV_SEPTUM	11	1.0	5
-5.93060	-11.43831	-41.60475	LAX_RV_SEPTUM	11	1.0	5
-6.39433	-10.04455	-38.82445	LAX_RV_SEPTUM	11	1.0	5
-6.85806	-8.65079	-36.04414	LAX_RV_SEPTUM	11	1.0	5
-7.32178	-7.25703	-33.26384	LAX_RV_SEPTUM	11	1.0	5
-7.78551	-5.86327	-30.48354	LAX_RV_SEPTUM	11	1.0	5
-8.16382	-5.87315	-27.69661	LAX_RV_SEPTUM	11	1.0	5
-8.62755	-4.47939	-24.91631	LAX_RV_SEPTUM	11	1.0	5
-9.09128	-3.08563	-22.13601	LAX_RV_SEPTUM	11	1.0	5
-9.55501	-1.69187	-19.35570	LAX_RV_SEPTUM	11	1.0	5
-10.52532	-19.99351	-3.94157	LAX_RV_EPICARDIAL	11	1.0	5
-10.06159	-21.38727	-6.72188	LAX_RV_EPICARDIAL	11	1.0	5
-9.59786	-22.78103	-9.50218	LAX_RV_EPICARDIAL	11	1.0	5
-9.13413	-24.17479	-12.28248	LAX_RV_EPICARDIAL	11	1.0	5
-8.75582	-24.16491	-15.06941	LAX_RV_EPICARDIAL	11	1.0	5
-8.29209	-25.55867	-17.84971	LAX_RV_EPICARDIAL	11	1.0	5
-7.91378	-25.54879	-20.63663	LAX_RV_EPICARDIAL	11	1.0	5
-7.45005	-26.94255	-23.41694	LAX_RV_EPICARDIAL	11	1.0	5
-7.07174	-26.93267	-26.20386	LAX_RV_EPICARDIAL	11	1.0	5
-6.69343	-26.92279	-28.99078	LAX_RV_EPICARDIAL	11	1.0	5
-6.22970	-28.31655	-31.77109	LAX_RV_EPICARDIAL	11	1.0	5
-5.85139	-28.30667	-34.55801	LAX_RV_EPICARDIAL	11	1.0	5
-5.47308	-28.29679	-37.34493	LAX_RV_EPICARDIAL	11	1.0	5
-5.09476	-28.28691	-40.13186	LAX_RV_EPICARDIAL	11	1.0	5
-4.71645	-28.27704	-42.91878	LAX_RV_EPICARDIAL	11	1.0	5
-4.33814	-28.26716	-45.70570	LAX_RV_EPICARDIAL	11	1.0	5
-3.95983	-28.25728	-48.49263	LAX_RV_EPICARDIAL	11	1.0	5
-3.58152	-28.24740	-51.27955	LAX_RV_EPICARDIAL	11	1.0	5
-3.20320	-28.23752	-54.06647	LAX_RV_EPICARDIAL	11	1.0	5
-2.82489	-28.22764	-56.85340	LAX_RV_EPICARDIAL	11	1.0	5
-2.44658	-28.21776	-59.64032	LAX_RV_EPICARDIAL	11	1.0	5
-1.98285	-29.61152	-62.42062	LAX_RV_EPICARDIAL	11	1.0	5
-1.60454	-29.60164	-65.20755	LAX_RV_EPICARDIAL	11	1.0	5
-1.14081	-30.99540	-67.98785	LAX_RV_EPICARDIAL	11	1.0	5
-0.76250	-30.98552	-70.77477	LAX_RV_EPICARDIAL	11	1.0	5
-0.46960	-29.57201	-73.56832	LAX_RV_EPICARDIAL	11	1.0	5
-0.09129	-29.56213	-76.35524	LAX_RV_EPICARDIAL	11	1.0	5
0.28702	-29.55225	-79.14216	LAX_RV_EPICARDIAL	11	1.0	5
0.66533	-29.54237	-81.92909	LAX_RV_EPICARDIAL	11	1.0	5
1.04365	-29.53249	-84.71601	LAX_RV_EPICARDIAL	11	1.0	5
1.42196	-29.52261	-87.50293	LAX_RV_EPICARDIAL	11	1.0	5
1.80027	-29.51273	-90.28985	LAX_RV_EPICARDIAL	11	1.0	5
2.17858	-29.50286	-93.07678	LAX_RV_EPICARDIAL	11	1.0	5
2.55690	-29.49298	-95.86370	LAX_RV_EPICARDIAL	11	1.0	5
2.84979	-28.07946	-98.65724	LAX_RV_EPICARDIAL	11	1.0	5
3.22810	-28.06958	-101.44417	LAX_RV_EPICARDIAL	11	1.0	5
3.52100	-26.65606	-104.23771	LAX_RV_EPICARDIAL	11	1.0	5
3.72848	-23.83891	-107.03787	LAX_RV_EPICARDIAL	11	1.0	5
3.74680	-21.02669	-108.44457	LAX_RV_EPICARDIAL	11	1.0	5
3.57597	-18.21941	-108.45781	LAX_RV_EPICARDIAL	11	1.0	5
3.59430	-15.40720	-109.86451	LAX_RV_EPICARDIAL	11	1.0	5
3.23431	-12.60486	-108.48429	LAX_RV_EPICARDIAL	11	1.0	5
3.06348	-9.79758	-108.49753	LAX_RV_EPICARDIAL	11	1.0	5
2.89265	-6.99030	-108.51076	LAX_RV_EPICARDIAL	11	1.0	5
2.53266	-4.18797	-107.13054	LAX_RV_EPICARDIAL	11	1.0	5
2.17267	-1.38563	-105.75032	LAX_RV_EPICARDIAL	11	1.0	5
1.81268	1.41671	-104.37010	LAX_RV_EPICARDIAL	11	1.0	5
1.34895	2.81047	-101.58979	LAX_RV_EPICARDIAL	11	1.0	5
0.88523	4.20423	-98.80949	LAX_RV_EPICARDIAL	11	1.0	5
0.33608	7.00163	-96.03580	LAX_RV_EPICARDIAL	11	1.0	5
-0.02391	9.80396	-94.65558	LAX_RV_EPICARDIAL	11	1.0	5
-0.57305	12.60136	-91.88190	LAX_RV_EPICARDIAL	11	1.0	5
-1.03678	13.99512	-89.10159	LAX_RV_EPICARDIAL	11	1.0	5
-1.14052	12.58654	-87.70151	LAX_RV_EPICARDIAL	11	1.0	5
-1.15884	9.77433	-86.29481	LAX_RV_EPICARDIAL	11	1.0	5
-0.79886	6.97199	-87.67504	LAX_RV_EPICARDIAL	11	1.0	5
-11.15988	-15.79247	-1.17451	PULMONARY_VALVE	11	1.0	5
-10.20789	-0.30305	-15.18194	PULMONARY_VALVE	11	1.0	5
