x	y	z	contour type	frameID	weight	time frame
-22.72526	-25.27686	-43.08254	SAX_RV_FREEWALL	3	1.0	12
-24.42183	-24.17210	-45.48854	SAX_RV_FREEWALL	3	1.0	12
-26.64951	-24.17210	-47.20538	SAX_RV_FREEWALL	3	1.0	12
-28.87720	-24.17210	-48.92223	SAX_RV_FREEWALL	3	1.0	12
-30.57377	-23.06734	-51.32823	SAX_RV_FREEWALL	3	1.0	12
-32.80146	-23.06734	-53.04508	SAX_RV_FREEWALL	3	1.0	12
-35.02915	-23.06734	-54.76192	SAX_RV_FREEWALL	3	1.0	12
-37.25684	-23.06734	-56.47877	SAX_RV_FREEWALL	3	1.0	12
-39.48452	-23.06734	-58.19561	SAX_RV_FREEWALL	3	1.0	12
-41.18109	-21.96258	-60.60162	SAX_RV_FREEWALL	3	1.0	12
-43.40878	-21.96258	-62.31846	SAX_RV_FREEWALL	3	1.0	12
-45.10535	-20.85781	-64.72446	SAX_RV_FREEWALL	3	1.0	12
-47.33304	-20.85782	-66.44131	SAX_RV_FREEWALL	3	1.0	12
-49.02960	-19.75305	-68.84731	SAX_RV_FREEWALL	3	1.0	12
-51.25729	-19.75305	-70.56416	SAX_RV_FREEWALL	3	1.0	12
-52.95386	-18.64829	-72.97016	SAX_RV_FREEWALL	3	1.0	12
-53.00546	-16.43875	-75.20690	SAX_RV_FREEWALL	3	1.0	12
-51.94322	-14.22922	-76.58521	SAX_RV_FREEWALL	3	1.0	12
-51.99482	-12.01968	-78.82195	SAX_RV_FREEWALL	3	1.0	12
-50.93258	-9.81014	-80.20026	SAX_RV_FREEWALL	3	1.0	12
-48.75649	-7.60061	-80.72015	SAX_RV_FREEWALL	3	1.0	12
-45.99768	-6.49583	-79.69246	SAX_RV_FREEWALL	3	1.0	12
-42.70775	-4.28630	-79.35393	SAX_RV_FREEWALL	3	1.0	12
-40.53167	-2.07676	-79.87382	SAX_RV_FREEWALL	3	1.0	12
-37.24174	0.13278	-79.53529	SAX_RV_FREEWALL	3	1.0	12
-35.06565	2.34232	-80.05518	SAX_RV_FREEWALL	3	1.0	12
-31.77572	4.55186	-79.71665	SAX_RV_FREEWALL	3	1.0	12
-29.59964	6.76139	-80.23654	SAX_RV_FREEWALL	3	1.0	12
-26.84083	7.86617	-79.20885	SAX_RV_FREEWALL	3	1.0	12
-23.55090	10.07570	-78.87032	SAX_RV_FREEWALL	3	1.0	12
-20.79209	11.18047	-77.84263	SAX_RV_FREEWALL	3	1.0	12
-18.56440	11.18048	-76.12578	SAX_RV_FREEWALL	3	1.0	12
-15.80559	12.28525	-75.09809	SAX_RV_FREEWALL	3	1.0	12
8.25597	-16.43869	-27.99364	SAX_RV_FREEWALL	3	1.0	12
5.49716	-17.54346	-29.02133	SAX_RV_FREEWALL	3	1.0	12
2.73835	-18.64823	-30.04902	SAX_RV_FREEWALL	3	1.0	12
-0.02046	-19.75300	-31.07671	SAX_RV_FREEWALL	3	1.0	12
-2.77927	-20.85777	-32.10440	SAX_RV_FREEWALL	3	1.0	12
-5.53808	-21.96254	-33.13209	SAX_RV_FREEWALL	3	1.0	12
-8.29689	-23.06731	-34.15978	SAX_RV_FREEWALL	3	1.0	12
-11.05570	-24.17208	-35.18746	SAX_RV_FREEWALL	3	1.0	12
-13.28338	-24.17209	-36.90431	SAX_RV_FREEWALL	3	1.0	12
-16.04219	-25.27686	-37.93200	SAX_RV_FREEWALL	3	1.0	12
-18.26988	-25.27686	-39.64884	SAX_RV_FREEWALL	3	1.0	12
-20.49757	-25.27686	-41.36569	SAX_RV_FREEWALL	3	1.0	12
-19.28052	-29.69593	-36.03379	SAX_RV_EPICARDIAL	3	1.0	12
-20.97709	-28.59117	-38.43980	SAX_RV_EPICARDIAL	3	1.0	12
-23.20478	-28.59117	-40.15664	SAX_RV_EPICARDIAL	3	1.0	12
-25.43247	-28.59117	-41.87349	SAX_RV_EPICARDIAL	3	1.0	12
-27.66015	-28.59117	-43.59033	SAX_RV_EPICARDIAL	3	1.0	12
-29.88784	-28.59117	-45.30718	SAX_RV_EPICARDIAL	3	1.0	12
-31.58441	-27.48641	-47.71318	SAX_RV_EPICARDIAL	3	1.0	12
-33.81210	-27.48641	-49.43003	SAX_RV_EPICARDIAL	3	1.0	12
-36.03979	-27.48641	-51.14687	SAX_RV_EPICARDIAL	3	1.0	12
-38.26748	-27.48641	-52.86372	SAX_RV_EPICARDIAL	3	1.0	12
-39.96404	-26.38165	-55.26972	SAX_RV_EPICARDIAL	3	1.0	12
-42.19173	-26.38165	-56.98657	SAX_RV_EPICARDIAL	3	1.0	12
-44.41942	-26.38165	-58.70341	SAX_RV_EPICARDIAL	3	1.0	12
-46.64711	-26.38166	-60.42026	SAX_RV_EPICARDIAL	3	1.0	12
-48.87480	-26.38166	-62.13710	SAX_RV_EPICARDIAL	3	1.0	12
-50.57136	-25.27689	-64.54311	SAX_RV_EPICARDIAL	3	1.0	12
-52.26793	-24.17213	-66.94911	SAX_RV_EPICARDIAL	3	1.0	12
-53.96450	-23.06736	-69.35511	SAX_RV_EPICARDIAL	3	1.0	12
-55.66107	-21.96259	-71.76111	SAX_RV_EPICARDIAL	3	1.0	12
-56.82651	-19.75306	-74.85627	SAX_RV_EPICARDIAL	3	1.0	12
-55.76427	-17.54352	-76.23459	SAX_RV_EPICARDIAL	3	1.0	12
-55.81587	-15.33399	-78.47132	SAX_RV_EPICARDIAL	3	1.0	12
-55.86748	-13.12445	-80.70806	SAX_RV_EPICARDIAL	3	1.0	12
-54.80523	-10.91491	-82.08637	SAX_RV_EPICARDIAL	3	1.0	12
-52.62915	-8.70538	-82.60626	SAX_RV_EPICARDIAL	3	1.0	12
-49.33922	-6.49584	-82.26773	SAX_RV_EPICARDIAL	3	1.0	12
-48.27698	-4.28630	-83.64604	SAX_RV_EPICARDIAL	3	1.0	12
-46.10089	-2.07676	-84.16593	SAX_RV_EPICARDIAL	3	1.0	12
-42.81096	0.13277	-83.82740	SAX_RV_EPICARDIAL	3	1.0	12
-39.52103	2.34231	-83.48887	SAX_RV_EPICARDIAL	3	1.0	12
-36.23110	4.55185	-83.15034	SAX_RV_EPICARDIAL	3	1.0	12
-33.47229	5.65662	-82.12265	SAX_RV_EPICARDIAL	3	1.0	12
-30.18236	7.86616	-81.78412	SAX_RV_EPICARDIAL	3	1.0	12
-28.00627	10.07570	-82.30401	SAX_RV_EPICARDIAL	3	1.0	12
-24.71634	12.28524	-81.96547	SAX_RV_EPICARDIAL	3	1.0	12
-21.42641	14.49478	-81.62694	SAX_RV_EPICARDIAL	3	1.0	12
-18.66760	15.59955	-80.59925	SAX_RV_EPICARDIAL	3	1.0	12
-15.90879	16.70432	-79.57156	SAX_RV_EPICARDIAL	3	1.0	12
-13.68111	16.70432	-77.85472	SAX_RV_EPICARDIAL	3	1.0	12
-11.45342	16.70432	-76.13787	SAX_RV_EPICARDIAL	3	1.0	12
-12.46406	12.28525	-72.52282	SAX_RV_EPICARDIAL	3	1.0	12
12.07702	-13.12438	-28.34427	SAX_RV_EPICARDIAL	3	1.0	12
14.88743	-14.22915	-25.07984	SAX_RV_EPICARDIAL	3	1.0	12
12.71135	-16.43869	-24.55995	SAX_RV_EPICARDIAL	3	1.0	12
9.95254	-17.54346	-25.58764	SAX_RV_EPICARDIAL	3	1.0	12
7.19373	-18.64823	-26.61533	SAX_RV_EPICARDIAL	3	1.0	12
3.90380	-20.85777	-26.95386	SAX_RV_EPICARDIAL	3	1.0	12
1.14499	-21.96254	-27.98155	SAX_RV_EPICARDIAL	3	1.0	12
-1.61382	-23.06731	-29.00924	SAX_RV_EPICARDIAL	3	1.0	12
-4.90375	-25.27685	-29.34777	SAX_RV_EPICARDIAL	3	1.0	12
-7.66256	-26.38162	-30.37546	SAX_RV_EPICARDIAL	3	1.0	12
-10.42137	-27.48639	-31.40315	SAX_RV_EPICARDIAL	3	1.0	12
-13.18018	-28.59116	-32.43084	SAX_RV_EPICARDIAL	3	1.0	12
-15.40787	-28.59116	-34.14768	SAX_RV_EPICARDIAL	3	1.0	12
-18.16668	-29.69593	-35.17537	SAX_RV_EPICARDIAL	3	1.0	12
-14.10902	11.18048	-72.69209	SAX_RV_SEPTUM	3	1.0	12
-13.52630	10.07571	-71.14451	SAX_RV_SEPTUM	3	1.0	12
-12.36085	7.86618	-68.04935	SAX_RV_SEPTUM	3	1.0	12
-12.30925	5.65664	-65.81262	SAX_RV_SEPTUM	3	1.0	12
-12.25765	3.44711	-63.57588	SAX_RV_SEPTUM	3	1.0	12
-12.20604	1.23757	-61.33914	SAX_RV_SEPTUM	3	1.0	12
-12.15444	-0.97196	-59.10241	SAX_RV_SEPTUM	3	1.0	12
-10.98900	-3.18150	-56.00725	SAX_RV_SEPTUM	3	1.0	12
-10.93739	-5.39103	-53.77051	SAX_RV_SEPTUM	3	1.0	12
-9.77195	-7.60057	-50.67535	SAX_RV_SEPTUM	3	1.0	12
-8.60650	-9.81010	-47.58019	SAX_RV_SEPTUM	3	1.0	12
-6.90993	-10.91487	-45.17419	SAX_RV_SEPTUM	3	1.0	12
-5.21337	-12.01963	-42.76819	SAX_RV_SEPTUM	3	1.0	12
-3.51680	-13.12440	-40.36219	SAX_RV_SEPTUM	3	1.0	12
-1.28911	-13.12440	-38.64534	SAX_RV_SEPTUM	3	1.0	12
0.40746	-14.22916	-36.23934	SAX_RV_SEPTUM	3	1.0	12
2.63515	-14.22916	-34.52249	SAX_RV_SEPTUM	3	1.0	12
4.86284	-14.22916	-32.80565	SAX_RV_SEPTUM	3	1.0	12
7.09052	-14.22916	-31.08880	SAX_RV_SEPTUM	3	1.0	12
9.84933	-13.12439	-30.06111	SAX_RV_SEPTUM	3	1.0	12
12.07702	-13.12438	-28.34427	SAX_RV_SEPTUM	3	1.0	12
11.54590	-14.22915	-27.65511	SAX_RV_SEPTUM	3	1.0	12
-10.28797	14.49479	-73.04271	SAX_LV_EPICARDIAL	3	1.0	12
-9.22573	16.70432	-74.42103	SAX_LV_EPICARDIAL	3	1.0	12
-8.16349	18.91386	-75.79934	SAX_LV_EPICARDIAL	3	1.0	12
-5.98740	21.12340	-76.31923	SAX_LV_EPICARDIAL	3	1.0	12
-4.92516	23.33294	-77.69755	SAX_LV_EPICARDIAL	3	1.0	12
-1.63523	25.54247	-77.35901	SAX_LV_EPICARDIAL	3	1.0	12
0.54086	27.75201	-77.87890	SAX_LV_EPICARDIAL	3	1.0	12
3.83079	29.96155	-77.54037	SAX_LV_EPICARDIAL	3	1.0	12
7.12072	32.17109	-77.20184	SAX_LV_EPICARDIAL	3	1.0	12
10.41065	34.38063	-76.86331	SAX_LV_EPICARDIAL	3	1.0	12
13.16946	35.48540	-75.83562	SAX_LV_EPICARDIAL	3	1.0	12
15.92827	36.59017	-74.80793	SAX_LV_EPICARDIAL	3	1.0	12
18.68708	37.69494	-73.78024	SAX_LV_EPICARDIAL	3	1.0	12
21.44589	38.79971	-72.75255	SAX_LV_EPICARDIAL	3	1.0	12
23.67357	38.79971	-71.03571	SAX_LV_EPICARDIAL	3	1.0	12
25.90126	38.79971	-69.31886	SAX_LV_EPICARDIAL	3	1.0	12
28.66007	39.90449	-68.29117	SAX_LV_EPICARDIAL	3	1.0	12
30.88776	39.90449	-66.57433	SAX_LV_EPICARDIAL	3	1.0	12
33.11545	39.90449	-64.85748	SAX_LV_EPICARDIAL	3	1.0	12
35.34314	39.90449	-63.14063	SAX_LV_EPICARDIAL	3	1.0	12
37.57083	39.90449	-61.42379	SAX_LV_EPICARDIAL	3	1.0	12
39.26739	38.79973	-59.01779	SAX_LV_EPICARDIAL	3	1.0	12
40.96396	37.69496	-56.61178	SAX_LV_EPICARDIAL	3	1.0	12
42.66053	36.59020	-54.20578	SAX_LV_EPICARDIAL	3	1.0	12
44.35710	35.48543	-51.79978	SAX_LV_EPICARDIAL	3	1.0	12
45.52254	33.27590	-48.70462	SAX_LV_EPICARDIAL	3	1.0	12
46.68799	31.06636	-45.60946	SAX_LV_EPICARDIAL	3	1.0	12
46.73959	28.85683	-43.37273	SAX_LV_EPICARDIAL	3	1.0	12
47.90504	26.64729	-40.27757	SAX_LV_EPICARDIAL	3	1.0	12
47.95664	24.43776	-38.04083	SAX_LV_EPICARDIAL	3	1.0	12
46.89440	22.22822	-36.66252	SAX_LV_EPICARDIAL	3	1.0	12
46.94600	20.01868	-34.42578	SAX_LV_EPICARDIAL	3	1.0	12
46.99760	17.80915	-32.18904	SAX_LV_EPICARDIAL	3	1.0	12
45.93536	15.59961	-30.81073	SAX_LV_EPICARDIAL	3	1.0	12
44.87312	13.39008	-29.43242	SAX_LV_EPICARDIAL	3	1.0	12
43.81088	11.18054	-28.05410	SAX_LV_EPICARDIAL	3	1.0	12
42.74864	8.97100	-26.67579	SAX_LV_EPICARDIAL	3	1.0	12
41.68639	6.76147	-25.29748	SAX_LV_EPICARDIAL	3	1.0	12
39.51031	4.55193	-24.77759	SAX_LV_EPICARDIAL	3	1.0	12
38.44807	2.34239	-23.39927	SAX_LV_EPICARDIAL	3	1.0	12
36.27198	0.13285	-22.87938	SAX_LV_EPICARDIAL	3	1.0	12
34.09589	-2.07668	-22.35949	SAX_LV_EPICARDIAL	3	1.0	12
30.80596	-4.28622	-22.69802	SAX_LV_EPICARDIAL	3	1.0	12
27.51603	-6.49576	-23.03656	SAX_LV_EPICARDIAL	3	1.0	12
24.22610	-8.70530	-23.37509	SAX_LV_EPICARDIAL	3	1.0	12
21.46729	-9.81007	-24.40278	SAX_LV_EPICARDIAL	3	1.0	12
18.70848	-10.91484	-25.43047	SAX_LV_EPICARDIAL	3	1.0	12
15.94967	-12.01961	-26.45815	SAX_LV_EPICARDIAL	3	1.0	12
10.17404	-3.18148	-39.69721	SAX_LV_ENDOCARDIAL	3	1.0	12
8.47748	-2.07671	-42.10322	SAX_LV_ENDOCARDIAL	3	1.0	12
6.24979	-2.07671	-43.82006	SAX_LV_ENDOCARDIAL	3	1.0	12
4.55322	-0.97195	-46.22606	SAX_LV_ENDOCARDIAL	3	1.0	12
2.85665	0.13282	-48.63207	SAX_LV_ENDOCARDIAL	3	1.0	12
1.16009	1.23759	-51.03807	SAX_LV_ENDOCARDIAL	3	1.0	12
-0.00536	3.44712	-54.13323	SAX_LV_ENDOCARDIAL	3	1.0	12
-1.17081	5.65666	-57.22839	SAX_LV_ENDOCARDIAL	3	1.0	12
-2.33625	7.86619	-60.32355	SAX_LV_ENDOCARDIAL	3	1.0	12
-1.27401	10.07573	-61.70186	SAX_LV_ENDOCARDIAL	3	1.0	12
-1.32561	12.28526	-63.93860	SAX_LV_ENDOCARDIAL	3	1.0	12
-0.26337	14.49480	-65.31691	SAX_LV_ENDOCARDIAL	3	1.0	12
0.79887	16.70433	-66.69522	SAX_LV_ENDOCARDIAL	3	1.0	12
1.86111	18.91387	-68.07354	SAX_LV_ENDOCARDIAL	3	1.0	12
4.03720	21.12341	-68.59343	SAX_LV_ENDOCARDIAL	3	1.0	12
6.21328	23.33295	-69.11332	SAX_LV_ENDOCARDIAL	3	1.0	12
9.50321	25.54249	-68.77479	SAX_LV_ENDOCARDIAL	3	1.0	12
12.26202	26.64726	-67.74710	SAX_LV_ENDOCARDIAL	3	1.0	12
15.55195	28.85679	-67.40856	SAX_LV_ENDOCARDIAL	3	1.0	12
18.31076	29.96156	-66.38088	SAX_LV_ENDOCARDIAL	3	1.0	12
20.53845	29.96157	-64.66403	SAX_LV_ENDOCARDIAL	3	1.0	12
22.76614	29.96157	-62.94718	SAX_LV_ENDOCARDIAL	3	1.0	12
24.99383	29.96157	-61.23034	SAX_LV_ENDOCARDIAL	3	1.0	12
27.22152	29.96157	-59.51349	SAX_LV_ENDOCARDIAL	3	1.0	12
29.44921	29.96158	-57.79665	SAX_LV_ENDOCARDIAL	3	1.0	12
31.14577	28.85681	-55.39064	SAX_LV_ENDOCARDIAL	3	1.0	12
33.37346	28.85681	-53.67380	SAX_LV_ENDOCARDIAL	3	1.0	12
34.53891	26.64728	-50.57864	SAX_LV_ENDOCARDIAL	3	1.0	12
36.23548	25.54251	-48.17264	SAX_LV_ENDOCARDIAL	3	1.0	12
37.40092	23.33298	-45.07748	SAX_LV_ENDOCARDIAL	3	1.0	12
38.56637	21.12344	-41.98232	SAX_LV_ENDOCARDIAL	3	1.0	12
38.61797	18.91391	-39.74558	SAX_LV_ENDOCARDIAL	3	1.0	12
38.66957	16.70437	-37.50885	SAX_LV_ENDOCARDIAL	3	1.0	12
37.60733	14.49484	-36.13053	SAX_LV_ENDOCARDIAL	3	1.0	12
37.65893	12.28530	-33.89380	SAX_LV_ENDOCARDIAL	3	1.0	12
36.59669	10.07576	-32.51548	SAX_LV_ENDOCARDIAL	3	1.0	12
35.53445	7.86623	-31.13717	SAX_LV_ENDOCARDIAL	3	1.0	12
33.35836	5.65669	-30.61728	SAX_LV_ENDOCARDIAL	3	1.0	12
32.29612	3.44715	-29.23897	SAX_LV_ENDOCARDIAL	3	1.0	12
29.00619	1.23761	-29.57750	SAX_LV_ENDOCARDIAL	3	1.0	12
25.71626	-0.97192	-29.91603	SAX_LV_ENDOCARDIAL	3	1.0	12
22.95745	-2.07670	-30.94372	SAX_LV_ENDOCARDIAL	3	1.0	12
20.72976	-2.07670	-32.66057	SAX_LV_ENDOCARDIAL	3	1.0	12
18.50208	-2.07670	-34.37741	SAX_LV_ENDOCARDIAL	3	1.0	12
15.74327	-3.18147	-35.40510	SAX_LV_ENDOCARDIAL	3	1.0	12
13.51558	-3.18147	-37.12195	SAX_LV_ENDOCARDIAL	3	1.0	12
11.28789	-3.18147	-38.83879	SAX_LV_ENDOCARDIAL	3	1.0	12
11.54590	-14.22915	-27.65511	RV_INSERT	3	1.0	12
-14.10902	11.18048	-72.69209	RV_INSERT	3	1.0	12
-29.40316	-30.70404	-71.27658	SAX_RV_FREEWALL	4	1.0	12
-31.09973	-29.59927	-73.68259	SAX_RV_FREEWALL	4	1.0	12
-32.79630	-28.49451	-76.08859	SAX_RV_FREEWALL	4	1.0	12
-34.49286	-27.38974	-78.49459	SAX_RV_FREEWALL	4	1.0	12
-35.65831	-25.18021	-81.58975	SAX_RV_FREEWALL	4	1.0	12
-35.70991	-22.97067	-83.82649	SAX_RV_FREEWALL	4	1.0	12
-35.76152	-20.76114	-86.06322	SAX_RV_FREEWALL	4	1.0	12
-34.69927	-18.55160	-87.44154	SAX_RV_FREEWALL	4	1.0	12
-32.52319	-16.34206	-87.96143	SAX_RV_FREEWALL	4	1.0	12
-29.23326	-14.13252	-87.62289	SAX_RV_FREEWALL	4	1.0	12
-25.94333	-11.92298	-87.28436	SAX_RV_FREEWALL	4	1.0	12
-23.76724	-9.71345	-87.80425	SAX_RV_FREEWALL	4	1.0	12
-20.47731	-7.50391	-87.46572	SAX_RV_FREEWALL	4	1.0	12
-17.18738	-5.29437	-87.12719	SAX_RV_FREEWALL	4	1.0	12
-13.89745	-3.08483	-86.78866	SAX_RV_FREEWALL	4	1.0	12
-11.72136	-0.87529	-87.30855	SAX_RV_FREEWALL	4	1.0	12
-8.43143	1.33425	-86.97002	SAX_RV_FREEWALL	4	1.0	12
-5.67262	2.43902	-85.94233	SAX_RV_FREEWALL	4	1.0	12
-2.91381	3.54379	-84.91464	SAX_RV_FREEWALL	4	1.0	12
6.61617	-22.97063	-51.20642	SAX_RV_FREEWALL	4	1.0	12
3.85736	-24.07540	-52.23411	SAX_RV_FREEWALL	4	1.0	12
1.62967	-24.07540	-53.95095	SAX_RV_FREEWALL	4	1.0	12
-0.59802	-24.07540	-55.66780	SAX_RV_FREEWALL	4	1.0	12
-2.82571	-24.07541	-57.38465	SAX_RV_FREEWALL	4	1.0	12
-5.58452	-25.18018	-58.41233	SAX_RV_FREEWALL	4	1.0	12
-8.34333	-26.28495	-59.44002	SAX_RV_FREEWALL	4	1.0	12
-11.10214	-27.38972	-60.46771	SAX_RV_FREEWALL	4	1.0	12
-13.86094	-28.49449	-61.49540	SAX_RV_FREEWALL	4	1.0	12
-16.61975	-29.59926	-62.52309	SAX_RV_FREEWALL	4	1.0	12
-19.37856	-30.70403	-63.55078	SAX_RV_FREEWALL	4	1.0	12
-21.60625	-30.70403	-65.26762	SAX_RV_FREEWALL	4	1.0	12
-23.83394	-30.70403	-66.98447	SAX_RV_FREEWALL	4	1.0	12
-26.06163	-30.70404	-68.70132	SAX_RV_FREEWALL	4	1.0	12
-28.28932	-30.70404	-70.41816	SAX_RV_FREEWALL	4	1.0	12
-31.52765	-35.12311	-68.51996	SAX_RV_EPICARDIAL	4	1.0	12
-33.22421	-34.01835	-70.92596	SAX_RV_EPICARDIAL	4	1.0	12
-34.92078	-32.91358	-73.33196	SAX_RV_EPICARDIAL	4	1.0	12
-36.61735	-31.80881	-75.73796	SAX_RV_EPICARDIAL	4	1.0	12
-37.78279	-29.59928	-78.83312	SAX_RV_EPICARDIAL	4	1.0	12
-38.94824	-27.38975	-81.92828	SAX_RV_EPICARDIAL	4	1.0	12
-40.11369	-25.18021	-85.02344	SAX_RV_EPICARDIAL	4	1.0	12
-40.16529	-22.97068	-87.26018	SAX_RV_EPICARDIAL	4	1.0	12
-39.10305	-20.76114	-88.63849	SAX_RV_EPICARDIAL	4	1.0	12
-38.04081	-18.55160	-90.01680	SAX_RV_EPICARDIAL	4	1.0	12
-35.86472	-16.34207	-90.53670	SAX_RV_EPICARDIAL	4	1.0	12
-33.68863	-14.13253	-91.05659	SAX_RV_EPICARDIAL	4	1.0	12
-30.39870	-11.92299	-90.71805	SAX_RV_EPICARDIAL	4	1.0	12
-28.22262	-9.71345	-91.23794	SAX_RV_EPICARDIAL	4	1.0	12
-24.93269	-7.50391	-90.89941	SAX_RV_EPICARDIAL	4	1.0	12
-22.75660	-5.29437	-91.41930	SAX_RV_EPICARDIAL	4	1.0	12
-19.46667	-3.08484	-91.08077	SAX_RV_EPICARDIAL	4	1.0	12
-16.17674	-0.87530	-90.74224	SAX_RV_EPICARDIAL	4	1.0	12
-12.88681	1.33424	-90.40371	SAX_RV_EPICARDIAL	4	1.0	12
-9.59688	3.54378	-90.06517	SAX_RV_EPICARDIAL	4	1.0	12
-6.83807	4.64855	-89.03749	SAX_RV_EPICARDIAL	4	1.0	12
-3.54814	6.85809	-88.69895	SAX_RV_EPICARDIAL	4	1.0	12
-1.32045	6.85809	-86.98211	SAX_RV_EPICARDIAL	4	1.0	12
1.43836	7.96286	-85.95442	SAX_RV_EPICARDIAL	4	1.0	12
-0.15501	4.64856	-83.88695	SAX_RV_EPICARDIAL	4	1.0	12
9.90610	-20.76109	-50.86789	SAX_RV_EPICARDIAL	4	1.0	12
11.60267	-21.86586	-48.46189	SAX_RV_EPICARDIAL	4	1.0	12
8.89546	-25.18016	-47.25284	SAX_RV_EPICARDIAL	4	1.0	12
6.13665	-26.28493	-48.28053	SAX_RV_EPICARDIAL	4	1.0	12
3.90896	-26.28494	-49.99737	SAX_RV_EPICARDIAL	4	1.0	12
1.15015	-27.38971	-51.02506	SAX_RV_EPICARDIAL	4	1.0	12
-1.07754	-27.38971	-52.74191	SAX_RV_EPICARDIAL	4	1.0	12
-3.30523	-27.38971	-54.45875	SAX_RV_EPICARDIAL	4	1.0	12
-6.06404	-28.49448	-55.48644	SAX_RV_EPICARDIAL	4	1.0	12
-8.82284	-29.59925	-56.51413	SAX_RV_EPICARDIAL	4	1.0	12
-12.11277	-31.80879	-56.85266	SAX_RV_EPICARDIAL	4	1.0	12
-14.87158	-32.91356	-57.88035	SAX_RV_EPICARDIAL	4	1.0	12
-17.63039	-34.01833	-58.90804	SAX_RV_EPICARDIAL	4	1.0	12
-19.85808	-34.01833	-60.62489	SAX_RV_EPICARDIAL	4	1.0	12
-22.08577	-34.01834	-62.34173	SAX_RV_EPICARDIAL	4	1.0	12
-24.84458	-35.12311	-63.36942	SAX_RV_EPICARDIAL	4	1.0	12
-27.07227	-35.12311	-65.08627	SAX_RV_EPICARDIAL	4	1.0	12
-29.29996	-35.12311	-66.80311	SAX_RV_EPICARDIAL	4	1.0	12
-0.68613	3.54379	-83.19779	SAX_RV_SEPTUM	4	1.0	12
-1.74837	1.33425	-81.81948	SAX_RV_SEPTUM	4	1.0	12
-1.69677	-0.87528	-79.58274	SAX_RV_SEPTUM	4	1.0	12
-2.75901	-3.08482	-78.20443	SAX_RV_SEPTUM	4	1.0	12
-2.70740	-5.29435	-75.96769	SAX_RV_SEPTUM	4	1.0	12
-2.65580	-7.50389	-73.73096	SAX_RV_SEPTUM	4	1.0	12
-2.60420	-9.71343	-71.49422	SAX_RV_SEPTUM	4	1.0	12
-2.55260	-11.92296	-69.25748	SAX_RV_SEPTUM	4	1.0	12
-1.38715	-14.13250	-66.16232	SAX_RV_SEPTUM	4	1.0	12
-0.22170	-16.34203	-63.06717	SAX_RV_SEPTUM	4	1.0	12
1.47486	-17.44680	-60.66116	SAX_RV_SEPTUM	4	1.0	12
3.17143	-18.55156	-58.25516	SAX_RV_SEPTUM	4	1.0	12
4.86800	-19.65633	-55.84916	SAX_RV_SEPTUM	4	1.0	12
7.09569	-19.65633	-54.13231	SAX_RV_SEPTUM	4	1.0	12
8.79225	-20.76109	-51.72631	SAX_RV_SEPTUM	4	1.0	12
9.37498	-21.86586	-50.17873	SAX_RV_SEPTUM	4	1.0	12
13.83035	-21.86585	-46.74504	SAX_LV_EPICARDIAL	4	1.0	12
3.66605	7.96286	-84.23757	SAX_LV_EPICARDIAL	4	1.0	12
5.84213	10.17240	-84.75746	SAX_LV_EPICARDIAL	4	1.0	12
6.90437	12.38194	-86.13578	SAX_LV_EPICARDIAL	4	1.0	12
10.19430	14.59148	-85.79724	SAX_LV_EPICARDIAL	4	1.0	12
12.37039	16.80102	-86.31714	SAX_LV_EPICARDIAL	4	1.0	12
15.66032	19.01055	-85.97860	SAX_LV_EPICARDIAL	4	1.0	12
18.95025	21.22009	-85.64007	SAX_LV_EPICARDIAL	4	1.0	12
22.24018	23.42963	-85.30154	SAX_LV_EPICARDIAL	4	1.0	12
24.99899	24.53440	-84.27385	SAX_LV_EPICARDIAL	4	1.0	12
27.75780	25.63917	-83.24616	SAX_LV_EPICARDIAL	4	1.0	12
29.98549	25.63917	-81.52932	SAX_LV_EPICARDIAL	4	1.0	12
32.74430	26.74395	-80.50163	SAX_LV_EPICARDIAL	4	1.0	12
34.97199	26.74395	-78.78478	SAX_LV_EPICARDIAL	4	1.0	12
37.19968	26.74395	-77.06794	SAX_LV_EPICARDIAL	4	1.0	12
39.42736	26.74395	-75.35109	SAX_LV_EPICARDIAL	4	1.0	12
41.65505	26.74395	-73.63424	SAX_LV_EPICARDIAL	4	1.0	12
43.35162	25.63919	-71.22824	SAX_LV_EPICARDIAL	4	1.0	12
45.57931	25.63919	-69.51140	SAX_LV_EPICARDIAL	4	1.0	12
47.27588	24.53442	-67.10539	SAX_LV_EPICARDIAL	4	1.0	12
48.97244	23.42966	-64.69939	SAX_LV_EPICARDIAL	4	1.0	12
50.66901	22.32489	-62.29339	SAX_LV_EPICARDIAL	4	1.0	12
51.83446	20.11536	-59.19823	SAX_LV_EPICARDIAL	4	1.0	12
52.99990	17.90582	-56.10307	SAX_LV_EPICARDIAL	4	1.0	12
53.05151	15.69629	-53.86633	SAX_LV_EPICARDIAL	4	1.0	12
53.10311	13.48675	-51.62960	SAX_LV_EPICARDIAL	4	1.0	12
53.15471	11.27722	-49.39286	SAX_LV_EPICARDIAL	4	1.0	12
52.09247	9.06768	-48.01455	SAX_LV_EPICARDIAL	4	1.0	12
52.14407	6.85814	-45.77781	SAX_LV_EPICARDIAL	4	1.0	12
51.08183	4.64861	-44.39950	SAX_LV_EPICARDIAL	4	1.0	12
50.01959	2.43907	-43.02119	SAX_LV_EPICARDIAL	4	1.0	12
48.95735	0.22954	-41.64287	SAX_LV_EPICARDIAL	4	1.0	12
47.89510	-1.98000	-40.26456	SAX_LV_EPICARDIAL	4	1.0	12
46.83286	-4.18954	-38.88625	SAX_LV_EPICARDIAL	4	1.0	12
44.65678	-6.39908	-38.36635	SAX_LV_EPICARDIAL	4	1.0	12
42.48069	-8.60861	-37.84646	SAX_LV_EPICARDIAL	4	1.0	12
40.30460	-10.81815	-37.32657	SAX_LV_EPICARDIAL	4	1.0	12
38.12852	-13.02769	-36.80668	SAX_LV_EPICARDIAL	4	1.0	12
34.83859	-15.23723	-37.14521	SAX_LV_EPICARDIAL	4	1.0	12
32.07978	-16.34200	-38.17290	SAX_LV_EPICARDIAL	4	1.0	12
29.32097	-17.44677	-39.20059	SAX_LV_EPICARDIAL	4	1.0	12
26.56216	-18.55154	-40.22828	SAX_LV_EPICARDIAL	4	1.0	12
23.80335	-19.65631	-41.25597	SAX_LV_EPICARDIAL	4	1.0	12
21.04454	-20.76108	-42.28366	SAX_LV_EPICARDIAL	4	1.0	12
18.81685	-20.76108	-44.00051	SAX_LV_EPICARDIAL	4	1.0	12
16.05804	-21.86585	-45.02819	SAX_LV_EPICARDIAL	4	1.0	12
16.38275	-11.92294	-54.66430	SAX_LV_ENDOCARDIAL	4	1.0	12
14.68619	-10.81818	-57.07030	SAX_LV_ENDOCARDIAL	4	1.0	12
12.45850	-10.81818	-58.78714	SAX_LV_ENDOCARDIAL	4	1.0	12
10.76193	-9.71341	-61.19315	SAX_LV_ENDOCARDIAL	4	1.0	12
9.06536	-8.60865	-63.59915	SAX_LV_ENDOCARDIAL	4	1.0	12
7.89992	-6.39911	-66.69431	SAX_LV_ENDOCARDIAL	4	1.0	12
7.84831	-4.18958	-68.93104	SAX_LV_ENDOCARDIAL	4	1.0	12
7.79671	-1.98004	-71.16778	SAX_LV_ENDOCARDIAL	4	1.0	12
7.74511	0.22949	-73.40452	SAX_LV_ENDOCARDIAL	4	1.0	12
8.80735	2.43903	-74.78283	SAX_LV_ENDOCARDIAL	4	1.0	12
9.86959	4.64857	-76.16114	SAX_LV_ENDOCARDIAL	4	1.0	12
10.93183	6.85810	-77.53946	SAX_LV_ENDOCARDIAL	4	1.0	12
13.10792	9.06764	-78.05935	SAX_LV_ENDOCARDIAL	4	1.0	12
15.28401	11.27718	-78.57924	SAX_LV_ENDOCARDIAL	4	1.0	12
17.46009	13.48672	-79.09913	SAX_LV_ENDOCARDIAL	4	1.0	12
20.75002	15.69626	-78.76060	SAX_LV_ENDOCARDIAL	4	1.0	12
23.50883	16.80103	-77.73291	SAX_LV_ENDOCARDIAL	4	1.0	12
26.26764	17.90580	-76.70522	SAX_LV_ENDOCARDIAL	4	1.0	12
28.49533	17.90580	-74.98837	SAX_LV_ENDOCARDIAL	4	1.0	12
31.25414	19.01057	-73.96068	SAX_LV_ENDOCARDIAL	4	1.0	12
32.95071	17.90580	-71.55468	SAX_LV_ENDOCARDIAL	4	1.0	12
35.17840	17.90581	-69.83784	SAX_LV_ENDOCARDIAL	4	1.0	12
36.87496	16.80104	-67.43183	SAX_LV_ENDOCARDIAL	4	1.0	12
38.57153	15.69627	-65.02583	SAX_LV_ENDOCARDIAL	4	1.0	12
40.26810	14.59151	-62.61983	SAX_LV_ENDOCARDIAL	4	1.0	12
41.96467	13.48674	-60.21383	SAX_LV_ENDOCARDIAL	4	1.0	12
43.13011	11.27721	-57.11867	SAX_LV_ENDOCARDIAL	4	1.0	12
43.18171	9.06767	-54.88193	SAX_LV_ENDOCARDIAL	4	1.0	12
43.23332	6.85814	-52.64519	SAX_LV_ENDOCARDIAL	4	1.0	12
43.28492	4.64860	-50.40846	SAX_LV_ENDOCARDIAL	4	1.0	12
42.22268	2.43906	-49.03015	SAX_LV_ENDOCARDIAL	4	1.0	12
41.16044	0.22953	-47.65183	SAX_LV_ENDOCARDIAL	4	1.0	12
38.98435	-1.98001	-47.13194	SAX_LV_ENDOCARDIAL	4	1.0	12
36.80826	-4.18955	-46.61205	SAX_LV_ENDOCARDIAL	4	1.0	12
34.63218	-6.39909	-46.09216	SAX_LV_ENDOCARDIAL	4	1.0	12
31.34225	-8.60862	-46.43069	SAX_LV_ENDOCARDIAL	4	1.0	12
28.05232	-10.81816	-46.76922	SAX_LV_ENDOCARDIAL	4	1.0	12
25.29351	-11.92293	-47.79691	SAX_LV_ENDOCARDIAL	4	1.0	12
23.06582	-11.92294	-49.51376	SAX_LV_ENDOCARDIAL	4	1.0	12
20.83813	-11.92294	-51.23060	SAX_LV_ENDOCARDIAL	4	1.0	12
18.61044	-11.92294	-52.94745	SAX_LV_ENDOCARDIAL	4	1.0	12
9.37498	-21.86586	-50.17873	RV_INSERT	4	1.0	12
-2.91381	3.54379	-84.91464	RV_INSERT	4	1.0	12
-19.52821	-29.50259	-93.30500	SAX_RV_FREEWALL	5	1.0	12
-19.57981	-27.29306	-95.54174	SAX_RV_FREEWALL	5	1.0	12
-17.40372	-25.08352	-96.06163	SAX_RV_FREEWALL	5	1.0	12
-14.11379	-22.87398	-95.72309	SAX_RV_FREEWALL	5	1.0	12
-10.82386	-20.66444	-95.38456	SAX_RV_FREEWALL	5	1.0	12
-7.53393	-18.45490	-95.04603	SAX_RV_FREEWALL	5	1.0	12
-5.35785	-16.24537	-95.56592	SAX_RV_FREEWALL	5	1.0	12
-2.06792	-14.03583	-95.22739	SAX_RV_FREEWALL	5	1.0	12
1.22201	-11.82629	-94.88886	SAX_RV_FREEWALL	5	1.0	12
4.51194	-9.61675	-94.55032	SAX_RV_FREEWALL	5	1.0	12
7.27075	-8.51198	-93.52263	SAX_RV_FREEWALL	5	1.0	12
10.56068	-6.30244	-93.18410	SAX_RV_FREEWALL	5	1.0	12
12.78837	-6.30244	-91.46726	SAX_RV_FREEWALL	5	1.0	12
10.97350	-23.97872	-75.29021	SAX_RV_FREEWALL	5	1.0	12
8.74581	-23.97873	-77.00706	SAX_RV_FREEWALL	5	1.0	12
5.98700	-25.08350	-78.03475	SAX_RV_FREEWALL	5	1.0	12
3.75932	-25.08350	-79.75159	SAX_RV_FREEWALL	5	1.0	12
1.00051	-26.18827	-80.77928	SAX_RV_FREEWALL	5	1.0	12
-1.75830	-27.29304	-81.80697	SAX_RV_FREEWALL	5	1.0	12
-4.51711	-28.39781	-82.83466	SAX_RV_FREEWALL	5	1.0	12
-6.74480	-28.39781	-84.55151	SAX_RV_FREEWALL	5	1.0	12
-8.97249	-28.39781	-86.26835	SAX_RV_FREEWALL	5	1.0	12
-11.20018	-28.39782	-87.98520	SAX_RV_FREEWALL	5	1.0	12
-13.95899	-29.50259	-89.01289	SAX_RV_FREEWALL	5	1.0	12
-16.18668	-29.50259	-90.72973	SAX_RV_FREEWALL	5	1.0	12
-18.41436	-29.50259	-92.44658	SAX_RV_FREEWALL	5	1.0	12
-21.12157	-32.81690	-91.23753	SAX_RV_EPICARDIAL	5	1.0	12
-22.28702	-30.60736	-94.33269	SAX_RV_EPICARDIAL	5	1.0	12
-20.16253	-26.18829	-97.08932	SAX_RV_EPICARDIAL	5	1.0	12
-19.10029	-23.97875	-98.46763	SAX_RV_EPICARDIAL	5	1.0	12
-16.92421	-21.76922	-98.98752	SAX_RV_EPICARDIAL	5	1.0	12
-13.63428	-19.55968	-98.64899	SAX_RV_EPICARDIAL	5	1.0	12
-10.34434	-17.35014	-98.31045	SAX_RV_EPICARDIAL	5	1.0	12
-7.05441	-15.14060	-97.97192	SAX_RV_EPICARDIAL	5	1.0	12
-3.76448	-12.93106	-97.63339	SAX_RV_EPICARDIAL	5	1.0	12
-1.58840	-10.72152	-98.15328	SAX_RV_EPICARDIAL	5	1.0	12
1.17041	-9.61675	-97.12559	SAX_RV_EPICARDIAL	5	1.0	12
4.46034	-7.40721	-96.78706	SAX_RV_EPICARDIAL	5	1.0	12
7.21915	-6.30244	-95.75937	SAX_RV_EPICARDIAL	5	1.0	12
10.50908	-4.09290	-95.42084	SAX_RV_EPICARDIAL	5	1.0	12
13.26789	-2.98813	-94.39315	SAX_RV_EPICARDIAL	5	1.0	12
15.49558	-2.98813	-92.67630	SAX_RV_EPICARDIAL	5	1.0	12
15.54718	-5.19767	-90.43957	SAX_RV_EPICARDIAL	5	1.0	12
14.84616	-22.87395	-73.40410	SAX_RV_EPICARDIAL	5	1.0	12
14.36664	-26.18826	-70.47821	SAX_RV_EPICARDIAL	5	1.0	12
12.13895	-26.18826	-72.19505	SAX_RV_EPICARDIAL	5	1.0	12
9.38014	-27.29303	-73.22274	SAX_RV_EPICARDIAL	5	1.0	12
7.15245	-27.29303	-74.93959	SAX_RV_EPICARDIAL	5	1.0	12
4.39364	-28.39780	-75.96728	SAX_RV_EPICARDIAL	5	1.0	12
2.16595	-28.39780	-77.68412	SAX_RV_EPICARDIAL	5	1.0	12
-0.59286	-29.50257	-78.71181	SAX_RV_EPICARDIAL	5	1.0	12
-3.35167	-30.60734	-79.73950	SAX_RV_EPICARDIAL	5	1.0	12
-5.57935	-30.60735	-81.45635	SAX_RV_EPICARDIAL	5	1.0	12
-7.80704	-30.60735	-83.17319	SAX_RV_EPICARDIAL	5	1.0	12
-10.56585	-31.71212	-84.20088	SAX_RV_EPICARDIAL	5	1.0	12
-12.79354	-31.71212	-85.91773	SAX_RV_EPICARDIAL	5	1.0	12
-15.55235	-32.81689	-86.94542	SAX_RV_EPICARDIAL	5	1.0	12
-17.78004	-32.81689	-88.66226	SAX_RV_EPICARDIAL	5	1.0	12
-20.00773	-32.81690	-90.37911	SAX_RV_EPICARDIAL	5	1.0	12
15.01606	-6.30244	-89.75041	SAX_RV_SEPTUM	5	1.0	12
13.95382	-8.51197	-88.37210	SAX_RV_SEPTUM	5	1.0	12
12.89158	-10.72151	-86.99378	SAX_RV_SEPTUM	5	1.0	12
11.82933	-12.93105	-85.61547	SAX_RV_SEPTUM	5	1.0	12
11.88094	-15.14058	-83.37873	SAX_RV_SEPTUM	5	1.0	12
11.93254	-17.35012	-81.14200	SAX_RV_SEPTUM	5	1.0	12
13.09799	-19.55965	-78.04684	SAX_RV_SEPTUM	5	1.0	12
14.26343	-21.76919	-74.95168	SAX_RV_SEPTUM	5	1.0	12
13.20119	-23.97872	-73.57337	SAX_RV_SEPTUM	5	1.0	12
20.46698	-25.08348	-66.87525	SAX_LV_EPICARDIAL	5	1.0	12
18.77041	-23.97872	-69.28125	SAX_LV_EPICARDIAL	5	1.0	12
17.07384	-22.87395	-71.68726	SAX_LV_EPICARDIAL	5	1.0	12
19.36823	-1.88336	-90.79019	SAX_LV_EPICARDIAL	5	1.0	12
22.65816	0.32618	-90.45166	SAX_LV_EPICARDIAL	5	1.0	12
24.83425	2.53572	-90.97155	SAX_LV_EPICARDIAL	5	1.0	12
28.12418	4.74525	-90.63302	SAX_LV_EPICARDIAL	5	1.0	12
30.88299	5.85003	-89.60533	SAX_LV_EPICARDIAL	5	1.0	12
33.64180	6.95480	-88.57764	SAX_LV_EPICARDIAL	5	1.0	12
35.86949	6.95480	-86.86080	SAX_LV_EPICARDIAL	5	1.0	12
38.62830	8.05957	-85.83311	SAX_LV_EPICARDIAL	5	1.0	12
40.85598	8.05957	-84.11626	SAX_LV_EPICARDIAL	5	1.0	12
43.08367	8.05957	-82.39942	SAX_LV_EPICARDIAL	5	1.0	12
45.31136	8.05957	-80.68257	SAX_LV_EPICARDIAL	5	1.0	12
47.00793	6.95481	-78.27657	SAX_LV_EPICARDIAL	5	1.0	12
49.23562	6.95481	-76.55972	SAX_LV_EPICARDIAL	5	1.0	12
50.93218	5.85005	-74.15372	SAX_LV_EPICARDIAL	5	1.0	12
52.62875	4.74528	-71.74772	SAX_LV_EPICARDIAL	5	1.0	12
53.79420	2.53574	-68.65256	SAX_LV_EPICARDIAL	5	1.0	12
53.84580	0.32621	-66.41582	SAX_LV_EPICARDIAL	5	1.0	12
53.89740	-1.88333	-64.17909	SAX_LV_EPICARDIAL	5	1.0	12
53.94901	-4.09286	-61.94235	SAX_LV_EPICARDIAL	5	1.0	12
52.88676	-6.30240	-60.56404	SAX_LV_EPICARDIAL	5	1.0	12
51.82452	-8.51193	-59.18572	SAX_LV_EPICARDIAL	5	1.0	12
50.76228	-10.72147	-57.80741	SAX_LV_EPICARDIAL	5	1.0	12
49.70004	-12.93101	-56.42910	SAX_LV_EPICARDIAL	5	1.0	12
47.52395	-15.14055	-55.90920	SAX_LV_EPICARDIAL	5	1.0	12
45.34787	-17.35008	-55.38931	SAX_LV_EPICARDIAL	5	1.0	12
42.05794	-19.55962	-55.72785	SAX_LV_EPICARDIAL	5	1.0	12
40.41297	-20.66439	-55.89711	SAX_LV_EPICARDIAL	5	1.0	12
37.12304	-22.87393	-56.23564	SAX_LV_EPICARDIAL	5	1.0	12
34.36423	-23.97870	-57.26333	SAX_LV_EPICARDIAL	5	1.0	12
31.60542	-25.08347	-58.29102	SAX_LV_EPICARDIAL	5	1.0	12
29.37773	-25.08347	-60.00787	SAX_LV_EPICARDIAL	5	1.0	12
27.15004	-25.08348	-61.72471	SAX_LV_EPICARDIAL	5	1.0	12
24.92236	-25.08348	-63.44156	SAX_LV_EPICARDIAL	5	1.0	12
22.69467	-25.08348	-65.15841	SAX_LV_EPICARDIAL	5	1.0	12
26.41251	-17.35010	-69.98250	SAX_LV_ENDOCARDIAL	5	1.0	12
24.71595	-16.24534	-72.38850	SAX_LV_ENDOCARDIAL	5	1.0	12
23.01938	-15.14057	-74.79451	SAX_LV_ENDOCARDIAL	5	1.0	12
21.85393	-12.93104	-77.88967	SAX_LV_ENDOCARDIAL	5	1.0	12
21.80233	-10.72150	-80.12640	SAX_LV_ENDOCARDIAL	5	1.0	12
22.86457	-8.51196	-81.50472	SAX_LV_ENDOCARDIAL	5	1.0	12
23.92681	-6.30243	-82.88303	SAX_LV_ENDOCARDIAL	5	1.0	12
26.10290	-4.09289	-83.40292	SAX_LV_ENDOCARDIAL	5	1.0	12
29.39283	-1.88335	-83.06439	SAX_LV_ENDOCARDIAL	5	1.0	12
32.15164	-0.77858	-82.03670	SAX_LV_ENDOCARDIAL	5	1.0	12
34.91045	0.32619	-81.00901	SAX_LV_ENDOCARDIAL	5	1.0	12
37.13814	0.32619	-79.29216	SAX_LV_ENDOCARDIAL	5	1.0	12
39.36583	0.32619	-77.57532	SAX_LV_ENDOCARDIAL	5	1.0	12
41.06239	-0.77857	-75.16932	SAX_LV_ENDOCARDIAL	5	1.0	12
42.75896	-1.88334	-72.76331	SAX_LV_ENDOCARDIAL	5	1.0	12
44.45553	-2.98810	-70.35731	SAX_LV_ENDOCARDIAL	5	1.0	12
44.50713	-5.19764	-68.12058	SAX_LV_ENDOCARDIAL	5	1.0	12
43.44489	-7.40718	-66.74226	SAX_LV_ENDOCARDIAL	5	1.0	12
42.38265	-9.61671	-65.36395	SAX_LV_ENDOCARDIAL	5	1.0	12
40.20656	-11.82625	-64.84406	SAX_LV_ENDOCARDIAL	5	1.0	12
38.03047	-14.03579	-64.32417	SAX_LV_ENDOCARDIAL	5	1.0	12
34.74054	-16.24533	-64.66270	SAX_LV_ENDOCARDIAL	5	1.0	12
32.51286	-16.24533	-66.37954	SAX_LV_ENDOCARDIAL	5	1.0	12
29.75405	-17.35010	-67.40723	SAX_LV_ENDOCARDIAL	5	1.0	12
27.52636	-17.35010	-69.12408	SAX_LV_ENDOCARDIAL	5	1.0	12
12.78837	-6.30244	-91.46726	RV_INSERT	5	1.0	12
13.20119	-23.97872	-73.57337	RV_INSERT	5	1.0	12
13.63527	-23.88305	-101.78001	SAX_RV_FREEWALL	6	1.0	12
13.58367	-21.67352	-104.01674	SAX_RV_FREEWALL	6	1.0	12
14.64591	-19.46398	-105.39506	SAX_RV_FREEWALL	6	1.0	12
17.40472	-18.35921	-104.36737	SAX_RV_FREEWALL	6	1.0	12
20.16353	-17.25444	-103.33968	SAX_RV_FREEWALL	6	1.0	12
22.39122	-17.25444	-101.62283	SAX_RV_FREEWALL	6	1.0	12
21.96330	-22.77828	-96.46021	SAX_RV_FREEWALL	6	1.0	12
19.20449	-23.88305	-97.48789	SAX_RV_FREEWALL	6	1.0	12
16.97680	-23.88305	-99.20474	SAX_RV_FREEWALL	6	1.0	12
14.74911	-23.88305	-100.92159	SAX_RV_FREEWALL	6	1.0	12
10.34534	-26.09259	-102.11854	SAX_RV_EPICARDIAL	6	1.0	12
8.64877	-24.98783	-104.52454	SAX_RV_EPICARDIAL	6	1.0	12
9.71101	-22.77829	-105.90286	SAX_RV_EPICARDIAL	6	1.0	12
10.77326	-20.56875	-107.28117	SAX_RV_EPICARDIAL	6	1.0	12
14.06319	-18.35921	-106.94264	SAX_RV_EPICARDIAL	6	1.0	12
17.35312	-16.14967	-106.60411	SAX_RV_EPICARDIAL	6	1.0	12
20.11193	-15.04490	-105.57642	SAX_RV_EPICARDIAL	6	1.0	12
22.33961	-15.04490	-103.85957	SAX_RV_EPICARDIAL	6	1.0	12
24.56730	-15.04490	-102.14272	SAX_RV_EPICARDIAL	6	1.0	12
26.79499	-15.04490	-100.42588	SAX_RV_EPICARDIAL	6	1.0	12
25.73275	-17.25443	-99.04757	SAX_RV_EPICARDIAL	6	1.0	12
24.72211	-21.67351	-95.43252	SAX_RV_EPICARDIAL	6	1.0	12
24.77371	-23.88304	-93.19578	SAX_RV_EPICARDIAL	6	1.0	12
22.59763	-26.09258	-92.67589	SAX_RV_EPICARDIAL	6	1.0	12
20.36994	-26.09258	-94.39273	SAX_RV_EPICARDIAL	6	1.0	12
18.14225	-26.09258	-96.10958	SAX_RV_EPICARDIAL	6	1.0	12
15.91456	-26.09259	-97.82643	SAX_RV_EPICARDIAL	6	1.0	12
13.68687	-26.09259	-99.54327	SAX_RV_EPICARDIAL	6	1.0	12
11.45918	-26.09259	-101.26012	SAX_RV_EPICARDIAL	6	1.0	12
24.08778	-18.35920	-99.21683	SAX_RV_SEPTUM	6	1.0	12
24.67051	-19.46397	-97.66925	SAX_RV_SEPTUM	6	1.0	12
24.72211	-21.67351	-95.43252	SAX_RV_SEPTUM	6	1.0	12
29.33229	-28.30211	-85.28862	SAX_LV_EPICARDIAL	6	1.0	12
27.63573	-27.19734	-87.69462	SAX_LV_EPICARDIAL	6	1.0	12
26.47028	-24.98781	-90.78978	SAX_LV_EPICARDIAL	6	1.0	12
29.02268	-15.04489	-98.70903	SAX_LV_EPICARDIAL	6	1.0	12
31.19877	-12.83536	-99.22892	SAX_LV_EPICARDIAL	6	1.0	12
34.48870	-10.62582	-98.89039	SAX_LV_EPICARDIAL	6	1.0	12
37.24750	-9.52105	-97.86270	SAX_LV_EPICARDIAL	6	1.0	12
40.00631	-8.41628	-96.83501	SAX_LV_EPICARDIAL	6	1.0	12
42.23400	-8.41628	-95.11817	SAX_LV_EPICARDIAL	6	1.0	12
44.46169	-8.41627	-93.40132	SAX_LV_EPICARDIAL	6	1.0	12
46.68938	-8.41627	-91.68448	SAX_LV_EPICARDIAL	6	1.0	12
47.85483	-10.62581	-88.58932	SAX_LV_EPICARDIAL	6	1.0	12
48.43755	-11.73057	-87.04174	SAX_LV_EPICARDIAL	6	1.0	12
48.48915	-13.94011	-84.80500	SAX_LV_EPICARDIAL	6	1.0	12
48.54075	-16.14964	-82.56827	SAX_LV_EPICARDIAL	6	1.0	12
47.47851	-18.35918	-81.18995	SAX_LV_EPICARDIAL	6	1.0	12
46.41627	-20.56872	-79.81164	SAX_LV_EPICARDIAL	6	1.0	12
44.24018	-22.77825	-79.29175	SAX_LV_EPICARDIAL	6	1.0	12
42.06410	-24.98779	-78.77186	SAX_LV_EPICARDIAL	6	1.0	12
38.77417	-27.19733	-79.11039	SAX_LV_EPICARDIAL	6	1.0	12
36.01536	-28.30210	-80.13808	SAX_LV_EPICARDIAL	6	1.0	12
33.78767	-28.30210	-81.85492	SAX_LV_EPICARDIAL	6	1.0	12
31.55998	-28.30211	-83.57177	SAX_LV_EPICARDIAL	6	1.0	12
34.74671	-21.67350	-87.70671	SAX_LV_ENDOCARDIAL	6	1.0	12
33.05014	-20.56873	-90.11271	SAX_LV_ENDOCARDIAL	6	1.0	12
32.99854	-18.35919	-92.34945	SAX_LV_ENDOCARDIAL	6	1.0	12
34.06078	-16.14966	-93.72776	SAX_LV_ENDOCARDIAL	6	1.0	12
37.35071	-13.94012	-93.38923	SAX_LV_ENDOCARDIAL	6	1.0	12
39.57840	-13.94012	-91.67239	SAX_LV_ENDOCARDIAL	6	1.0	12
41.27497	-15.04488	-89.26638	SAX_LV_ENDOCARDIAL	6	1.0	12
41.32657	-17.25442	-87.02965	SAX_LV_ENDOCARDIAL	6	1.0	12
39.15048	-19.46396	-86.50976	SAX_LV_ENDOCARDIAL	6	1.0	12
36.97440	-21.67349	-85.98987	SAX_LV_ENDOCARDIAL	6	1.0	12
24.08778	-18.35920	-99.21683	RV_INSERT	6	1.0	12
21.96330	-22.77828	-96.46021	RV_INSERT	6	1.0	12
9.64921	18.36146	-28.33811	LAX_LV_ENDOCARDIAL	9	1.0	12
11.50705	16.22828	-31.13423	LAX_LV_ENDOCARDIAL	9	1.0	12
13.25480	14.02479	-31.12088	LAX_LV_ENDOCARDIAL	9	1.0	12
15.05759	11.85646	-32.51227	LAX_LV_ENDOCARDIAL	9	1.0	12
16.86038	9.68812	-33.90366	LAX_LV_ENDOCARDIAL	9	1.0	12
18.60812	7.48464	-33.89031	LAX_LV_ENDOCARDIAL	9	1.0	12
20.30083	5.24600	-32.47223	LAX_LV_ENDOCARDIAL	9	1.0	12
22.04857	3.04251	-32.45889	LAX_LV_ENDOCARDIAL	9	1.0	12
23.79632	0.83902	-32.44554	LAX_LV_ENDOCARDIAL	9	1.0	12
25.54407	-1.36446	-32.43220	LAX_LV_ENDOCARDIAL	9	1.0	12
27.34686	-3.53280	-33.82358	LAX_LV_ENDOCARDIAL	9	1.0	12
29.20469	-5.66598	-36.61970	LAX_LV_ENDOCARDIAL	9	1.0	12
31.06253	-7.79916	-39.41582	LAX_LV_ENDOCARDIAL	9	1.0	12
32.04649	-8.83060	-42.21861	LAX_LV_ENDOCARDIAL	9	1.0	12
33.03045	-9.86204	-45.02141	LAX_LV_ENDOCARDIAL	9	1.0	12
33.14054	-9.79174	-47.83087	LAX_LV_ENDOCARDIAL	9	1.0	12
34.12451	-10.82318	-50.63366	LAX_LV_ENDOCARDIAL	9	1.0	12
35.10847	-11.85462	-53.43646	LAX_LV_ENDOCARDIAL	9	1.0	12
36.09243	-12.88606	-56.23925	LAX_LV_ENDOCARDIAL	9	1.0	12
36.20252	-12.81575	-59.04872	LAX_LV_ENDOCARDIAL	9	1.0	12
37.18648	-13.84719	-61.85151	LAX_LV_ENDOCARDIAL	9	1.0	12
37.29657	-13.77689	-64.66097	LAX_LV_ENDOCARDIAL	9	1.0	12
38.28053	-14.80833	-67.46377	LAX_LV_ENDOCARDIAL	9	1.0	12
39.26450	-15.83977	-70.26656	LAX_LV_ENDOCARDIAL	9	1.0	12
40.24846	-16.87121	-73.06935	LAX_LV_ENDOCARDIAL	9	1.0	12
40.35855	-16.80091	-75.87882	LAX_LV_ENDOCARDIAL	9	1.0	12
41.34251	-17.83234	-78.68161	LAX_LV_ENDOCARDIAL	9	1.0	12
41.45260	-17.76204	-81.49107	LAX_LV_ENDOCARDIAL	9	1.0	12
41.56269	-17.69174	-84.30054	LAX_LV_ENDOCARDIAL	9	1.0	12
41.67278	-17.62143	-87.11000	LAX_LV_ENDOCARDIAL	9	1.0	12
40.90899	-16.44939	-89.92614	LAX_LV_ENDOCARDIAL	9	1.0	12
41.01908	-16.37908	-92.73561	LAX_LV_ENDOCARDIAL	9	1.0	12
40.25530	-15.20704	-95.55175	LAX_LV_ENDOCARDIAL	9	1.0	12
38.50755	-13.00355	-95.56509	LAX_LV_ENDOCARDIAL	9	1.0	12
36.70476	-10.83521	-94.17370	LAX_LV_ENDOCARDIAL	9	1.0	12
34.90197	-8.66688	-92.78232	LAX_LV_ENDOCARDIAL	9	1.0	12
33.09918	-6.49854	-91.39093	LAX_LV_ENDOCARDIAL	9	1.0	12
31.24134	-4.36536	-88.59481	LAX_LV_ENDOCARDIAL	9	1.0	12
29.43855	-2.19703	-87.20342	LAX_LV_ENDOCARDIAL	9	1.0	12
27.69080	0.00646	-87.21677	LAX_LV_ENDOCARDIAL	9	1.0	12
25.88801	2.17480	-85.82538	LAX_LV_ENDOCARDIAL	9	1.0	12
24.08522	4.34313	-84.43400	LAX_LV_ENDOCARDIAL	9	1.0	12
22.33748	6.54662	-84.44734	LAX_LV_ENDOCARDIAL	9	1.0	12
20.53468	8.71495	-83.05596	LAX_LV_ENDOCARDIAL	9	1.0	12
18.78694	10.91844	-83.06930	LAX_LV_ENDOCARDIAL	9	1.0	12
17.03919	13.12193	-83.08265	LAX_LV_ENDOCARDIAL	9	1.0	12
15.18136	15.25511	-80.28653	LAX_LV_ENDOCARDIAL	9	1.0	12
13.37856	17.42345	-78.89514	LAX_LV_ENDOCARDIAL	9	1.0	12
11.57577	19.59178	-77.50375	LAX_LV_ENDOCARDIAL	9	1.0	12
9.82803	21.79527	-77.51710	LAX_LV_ENDOCARDIAL	9	1.0	12
7.97019	23.92845	-74.72098	LAX_LV_ENDOCARDIAL	9	1.0	12
6.16740	26.09679	-73.32959	LAX_LV_ENDOCARDIAL	9	1.0	12
5.18344	27.12822	-70.52680	LAX_LV_ENDOCARDIAL	9	1.0	12
3.32560	29.26141	-67.73068	LAX_LV_ENDOCARDIAL	9	1.0	12
2.34164	30.29285	-64.92789	LAX_LV_ENDOCARDIAL	9	1.0	12
0.48380	32.42603	-62.13177	LAX_LV_ENDOCARDIAL	9	1.0	12
-1.31899	34.59437	-60.74038	LAX_LV_ENDOCARDIAL	9	1.0	12
21.66326	2.79645	-22.62576	LAX_LV_EPICARDIAL	9	1.0	12
23.46605	0.62811	-24.01715	LAX_LV_EPICARDIAL	9	1.0	12
25.21380	-1.57537	-24.00380	LAX_LV_EPICARDIAL	9	1.0	12
27.01659	-3.74371	-25.39519	LAX_LV_EPICARDIAL	9	1.0	12
28.81938	-5.91204	-26.78657	LAX_LV_EPICARDIAL	9	1.0	12
30.56713	-8.11553	-26.77323	LAX_LV_EPICARDIAL	9	1.0	12
32.42496	-10.24871	-29.56935	LAX_LV_EPICARDIAL	9	1.0	12
34.28280	-12.38190	-32.36547	LAX_LV_EPICARDIAL	9	1.0	12
35.26676	-13.41334	-35.16826	LAX_LV_EPICARDIAL	9	1.0	12
37.12460	-15.54652	-37.96438	LAX_LV_EPICARDIAL	9	1.0	12
38.10856	-16.57796	-40.76717	LAX_LV_EPICARDIAL	9	1.0	12
39.09252	-17.60940	-43.56996	LAX_LV_EPICARDIAL	9	1.0	12
40.07648	-18.64084	-46.37276	LAX_LV_EPICARDIAL	9	1.0	12
40.18657	-18.57053	-49.18222	LAX_LV_EPICARDIAL	9	1.0	12
41.17054	-19.60197	-51.98501	LAX_LV_EPICARDIAL	9	1.0	12
42.15450	-20.63341	-54.78781	LAX_LV_EPICARDIAL	9	1.0	12
42.26459	-20.56311	-57.59727	LAX_LV_EPICARDIAL	9	1.0	12
43.24855	-21.59455	-60.40006	LAX_LV_EPICARDIAL	9	1.0	12
43.35864	-21.52425	-63.20953	LAX_LV_EPICARDIAL	9	1.0	12
44.34260	-22.55569	-66.01232	LAX_LV_EPICARDIAL	9	1.0	12
45.32656	-23.58713	-68.81511	LAX_LV_EPICARDIAL	9	1.0	12
45.43665	-23.51682	-71.62458	LAX_LV_EPICARDIAL	9	1.0	12
46.42062	-24.54826	-74.42737	LAX_LV_EPICARDIAL	9	1.0	12
46.53070	-24.47796	-77.23684	LAX_LV_EPICARDIAL	9	1.0	12
45.76692	-23.30591	-80.05298	LAX_LV_EPICARDIAL	9	1.0	12
45.87701	-23.23561	-82.86244	LAX_LV_EPICARDIAL	9	1.0	12
45.11323	-22.06356	-85.67858	LAX_LV_EPICARDIAL	9	1.0	12
45.22331	-21.99326	-88.48804	LAX_LV_EPICARDIAL	9	1.0	12
44.45953	-20.82121	-91.30418	LAX_LV_EPICARDIAL	9	1.0	12
44.56962	-20.75090	-94.11365	LAX_LV_EPICARDIAL	9	1.0	12
43.80584	-19.57886	-96.92979	LAX_LV_EPICARDIAL	9	1.0	12
43.04205	-18.40681	-99.74592	LAX_LV_EPICARDIAL	9	1.0	12
41.34935	-16.16817	-101.16400	LAX_LV_EPICARDIAL	9	1.0	12
39.60160	-13.96468	-101.17735	LAX_LV_EPICARDIAL	9	1.0	12
37.85386	-11.76120	-101.19069	LAX_LV_EPICARDIAL	9	1.0	12
36.05106	-9.59286	-99.79931	LAX_LV_EPICARDIAL	9	1.0	12
34.30332	-7.38938	-99.81265	LAX_LV_EPICARDIAL	9	1.0	12
32.50053	-5.22104	-98.42127	LAX_LV_EPICARDIAL	9	1.0	12
30.75278	-3.01755	-98.43461	LAX_LV_EPICARDIAL	9	1.0	12
28.94999	-0.84922	-97.04323	LAX_LV_EPICARDIAL	9	1.0	12
27.20224	1.35427	-97.05657	LAX_LV_EPICARDIAL	9	1.0	12
25.39945	3.52260	-95.66518	LAX_LV_EPICARDIAL	9	1.0	12
23.65171	5.72609	-95.67853	LAX_LV_EPICARDIAL	9	1.0	12
21.84891	7.89442	-94.28714	LAX_LV_EPICARDIAL	9	1.0	12
20.10117	10.09791	-94.30049	LAX_LV_EPICARDIAL	9	1.0	12
18.29838	12.26625	-92.90910	LAX_LV_EPICARDIAL	9	1.0	12
16.55063	14.46973	-92.92245	LAX_LV_EPICARDIAL	9	1.0	12
14.74784	16.63807	-91.53106	LAX_LV_EPICARDIAL	9	1.0	12
12.94505	18.80640	-90.13967	LAX_LV_EPICARDIAL	9	1.0	12
11.14226	20.97474	-88.74829	LAX_LV_EPICARDIAL	9	1.0	12
9.33947	23.14307	-87.35690	LAX_LV_EPICARDIAL	9	1.0	12
7.53667	25.31141	-85.96551	LAX_LV_EPICARDIAL	9	1.0	12
5.73388	27.47974	-84.57413	LAX_LV_EPICARDIAL	9	1.0	12
3.93109	29.64808	-83.18274	LAX_LV_EPICARDIAL	9	1.0	12
2.12830	31.81641	-81.79135	LAX_LV_EPICARDIAL	9	1.0	12
0.27047	33.94960	-78.99523	LAX_LV_EPICARDIAL	9	1.0	12
-1.58737	36.08278	-76.19911	LAX_LV_EPICARDIAL	9	1.0	12
-2.51629	37.14937	-74.80105	LAX_LV_EPICARDIAL	9	1.0	12
-4.37412	39.28255	-72.00494	LAX_LV_EPICARDIAL	9	1.0	12
-5.35809	40.31399	-69.20214	LAX_LV_EPICARDIAL	9	1.0	12
-5.46818	40.24369	-66.39268	LAX_LV_EPICARDIAL	9	1.0	12
-4.70439	39.07164	-63.57654	LAX_LV_EPICARDIAL	9	1.0	12
-3.94061	37.89960	-60.76040	LAX_LV_EPICARDIAL	9	1.0	12
8.66525	19.39290	-25.53532	LAX_LV_EPICARDIAL	9	1.0	12
10.35795	17.15426	-24.11724	LAX_LV_EPICARDIAL	9	1.0	12
12.05066	14.91563	-22.69916	LAX_LV_EPICARDIAL	9	1.0	12
13.79840	12.71214	-22.68582	LAX_LV_EPICARDIAL	9	1.0	12
15.54615	10.50865	-22.67247	LAX_LV_EPICARDIAL	9	1.0	12
17.29389	8.30517	-22.65912	LAX_LV_EPICARDIAL	9	1.0	12
19.04164	6.10168	-22.64578	LAX_LV_EPICARDIAL	9	1.0	12
20.78939	3.89819	-22.63243	LAX_LV_EPICARDIAL	9	1.0	12
-4.05070	37.82929	-57.95094	MITRAL_VALVE	9	1.0	12
6.97255	21.63154	-26.95340	MITRAL_VALVE	9	1.0	12
-24.38212	-13.23885	-11.15238	LAX_RV_FREEWALL	8	1.0	1.0
-22.85716	-14.59731	-13.54336	LAX_RV_FREEWALL	8	1.0	1.0
-21.33219	-15.95576	-15.93434	LAX_RV_FREEWALL	8	1.0	1.0
-19.52831	-15.95576	-18.09216	LAX_RV_FREEWALL	8	1.0	1.0
-18.00334	-17.31421	-20.48314	LAX_RV_FREEWALL	8	1.0	1.0
-16.19946	-17.31421	-22.64095	LAX_RV_FREEWALL	8	1.0	1.0
-14.67449	-18.67266	-25.03193	LAX_RV_FREEWALL	8	1.0	1.0
-13.14952	-20.03111	-27.42291	LAX_RV_FREEWALL	8	1.0	1.0
-11.62455	-21.38956	-29.81389	LAX_RV_FREEWALL	8	1.0	1.0
-10.09958	-22.74801	-32.20487	LAX_RV_FREEWALL	8	1.0	1.0
-8.29570	-22.74801	-34.36269	LAX_RV_FREEWALL	8	1.0	1.0
-6.49182	-22.74802	-36.52050	LAX_RV_FREEWALL	8	1.0	1.0
-4.68794	-22.74802	-38.67832	LAX_RV_FREEWALL	8	1.0	1.0
-2.88406	-22.74802	-40.83614	LAX_RV_FREEWALL	8	1.0	1.0
-1.08018	-22.74802	-42.99396	LAX_RV_FREEWALL	8	1.0	1.0
0.72370	-22.74802	-45.15178	LAX_RV_FREEWALL	8	1.0	1.0
2.52759	-22.74802	-47.30959	LAX_RV_FREEWALL	8	1.0	1.0
4.05255	-24.10647	-49.70057	LAX_RV_FREEWALL	8	1.0	1.0
5.85644	-24.10648	-51.85839	LAX_RV_FREEWALL	8	1.0	1.0
7.66032	-24.10648	-54.01621	LAX_RV_FREEWALL	8	1.0	1.0
9.74311	-22.74803	-55.94086	LAX_RV_FREEWALL	8	1.0	1.0
-8.49131	-10.52197	-29.02750	LAX_RV_FREEWALL	8	1.0	1.0
-10.29519	-10.52197	-26.86969	LAX_RV_FREEWALL	8	1.0	1.0
-12.37798	-11.88042	-24.94503	LAX_RV_FREEWALL	8	1.0	1.0
-14.18186	-11.88042	-22.78721	LAX_RV_FREEWALL	8	1.0	1.0
-15.98575	-11.88041	-20.62940	LAX_RV_FREEWALL	8	1.0	1.0
-17.51071	-10.52196	-18.23842	LAX_RV_FREEWALL	8	1.0	1.0
-19.31460	-10.52196	-16.08060	LAX_RV_FREEWALL	8	1.0	1.0
-21.11848	-10.52196	-13.92278	LAX_RV_FREEWALL	8	1.0	1.0
-22.92236	-10.52196	-11.76496	LAX_RV_FREEWALL	8	1.0	1.0
-27.36686	-14.59730	-8.14882	LAX_RV_EPICARDIAL	8	1.0	1.0
-26.12080	-17.31420	-10.77296	LAX_RV_EPICARDIAL	8	1.0	1.0
-24.59583	-18.67265	-13.16394	LAX_RV_EPICARDIAL	8	1.0	1.0
-22.79195	-18.67265	-15.32175	LAX_RV_EPICARDIAL	8	1.0	1.0
-21.26699	-20.03110	-17.71273	LAX_RV_EPICARDIAL	8	1.0	1.0
-19.46310	-20.03110	-19.87055	LAX_RV_EPICARDIAL	8	1.0	1.0
-17.93814	-21.38956	-22.26153	LAX_RV_EPICARDIAL	8	1.0	1.0
-16.41317	-22.74801	-24.65251	LAX_RV_EPICARDIAL	8	1.0	1.0
-14.88820	-24.10646	-27.04349	LAX_RV_EPICARDIAL	8	1.0	1.0
-13.36323	-25.46491	-29.43447	LAX_RV_EPICARDIAL	8	1.0	1.0
-11.55935	-25.46491	-31.59229	LAX_RV_EPICARDIAL	8	1.0	1.0
-10.03438	-26.82336	-33.98326	LAX_RV_EPICARDIAL	8	1.0	1.0
-8.23050	-26.82336	-36.14108	LAX_RV_EPICARDIAL	8	1.0	1.0
-6.42662	-26.82336	-38.29890	LAX_RV_EPICARDIAL	8	1.0	1.0
-4.62274	-26.82336	-40.45672	LAX_RV_EPICARDIAL	8	1.0	1.0
-2.53994	-25.46492	-42.38137	LAX_RV_EPICARDIAL	8	1.0	1.0
-0.73606	-25.46492	-44.53919	LAX_RV_EPICARDIAL	8	1.0	1.0
1.06782	-25.46492	-46.69701	LAX_RV_EPICARDIAL	8	1.0	1.0
2.87170	-25.46492	-48.85483	LAX_RV_EPICARDIAL	8	1.0	1.0
4.67558	-25.46492	-51.01264	LAX_RV_EPICARDIAL	8	1.0	1.0
6.47946	-25.46493	-53.17046	LAX_RV_EPICARDIAL	8	1.0	1.0
8.28334	-25.46493	-55.32828	LAX_RV_EPICARDIAL	8	1.0	1.0
10.08723	-25.46493	-57.48610	LAX_RV_EPICARDIAL	8	1.0	1.0
-6.68743	-10.52197	-31.18532	LAX_RV_EPICARDIAL	8	1.0	1.0
-10.36039	-6.44662	-25.09129	LAX_RV_EPICARDIAL	8	1.0	1.0
-12.44319	-7.80507	-23.16664	LAX_RV_EPICARDIAL	8	1.0	1.0
-14.24707	-7.80507	-21.00882	LAX_RV_EPICARDIAL	8	1.0	1.0
-16.05095	-7.80507	-18.85100	LAX_RV_EPICARDIAL	8	1.0	1.0
-17.85483	-7.80506	-16.69318	LAX_RV_EPICARDIAL	8	1.0	1.0
-19.65871	-7.80506	-14.53537	LAX_RV_EPICARDIAL	8	1.0	1.0
-21.46259	-7.80506	-12.37755	LAX_RV_EPICARDIAL	8	1.0	1.0
-23.54539	-9.16351	-10.45289	LAX_RV_EPICARDIAL	8	1.0	1.0
-25.90709	-11.88040	-8.76140	LAX_RV_EPICARDIAL	8	1.0	1.0
9.39900	-20.03113	-54.39563	LAX_RV_SEPTUM	8	1.0	1.0
7.59511	-20.03113	-52.23781	LAX_RV_SEPTUM	8	1.0	1.0
6.07015	-18.67268	-49.84683	LAX_RV_SEPTUM	8	1.0	1.0
4.54518	-17.31423	-47.45585	LAX_RV_SEPTUM	8	1.0	1.0
2.74130	-17.31423	-45.29804	LAX_RV_SEPTUM	8	1.0	1.0
1.21633	-15.95578	-42.90706	LAX_RV_SEPTUM	8	1.0	1.0
-0.30864	-14.59733	-40.51608	LAX_RV_SEPTUM	8	1.0	1.0
-1.83361	-13.23888	-38.12510	LAX_RV_SEPTUM	8	1.0	1.0
-3.63749	-13.23887	-35.96728	LAX_RV_SEPTUM	8	1.0	1.0
-5.16246	-11.88042	-33.57630	LAX_RV_SEPTUM	8	1.0	1.0
-6.68743	-10.52197	-31.18532	LAX_RV_SEPTUM	8	1.0	1.0
-7.37566	-5.08818	-28.09486	LAX_LV_EPICARDIAL	8	1.0	1.0
-7.03154	-7.80508	-29.64009	LAX_LV_EPICARDIAL	8	1.0	1.0
11.54699	-22.74803	-58.09868	LAX_LV_EPICARDIAL	8	1.0	1.0
13.35087	-22.74803	-60.25650	LAX_LV_EPICARDIAL	8	1.0	1.0
14.87584	-24.10648	-62.64748	LAX_LV_EPICARDIAL	8	1.0	1.0
16.67972	-24.10649	-64.80529	LAX_LV_EPICARDIAL	8	1.0	1.0
18.48360	-24.10649	-66.96311	LAX_LV_EPICARDIAL	8	1.0	1.0
20.00857	-25.46494	-69.35409	LAX_LV_EPICARDIAL	8	1.0	1.0
21.81245	-25.46494	-71.51191	LAX_LV_EPICARDIAL	8	1.0	1.0
23.61634	-25.46494	-73.66973	LAX_LV_EPICARDIAL	8	1.0	1.0
25.14130	-26.82339	-76.06071	LAX_LV_EPICARDIAL	8	1.0	1.0
26.94519	-26.82339	-78.21852	LAX_LV_EPICARDIAL	8	1.0	1.0
28.74907	-26.82340	-80.37634	LAX_LV_EPICARDIAL	8	1.0	1.0
30.55295	-26.82340	-82.53416	LAX_LV_EPICARDIAL	8	1.0	1.0
32.35683	-26.82340	-84.69198	LAX_LV_EPICARDIAL	8	1.0	1.0
34.16071	-26.82340	-86.84979	LAX_LV_EPICARDIAL	8	1.0	1.0
35.96459	-26.82340	-89.00761	LAX_LV_EPICARDIAL	8	1.0	1.0
38.04739	-25.46496	-90.93227	LAX_LV_EPICARDIAL	8	1.0	1.0
40.13018	-24.10651	-92.85692	LAX_LV_EPICARDIAL	8	1.0	1.0
42.49189	-21.38961	-94.54842	LAX_LV_EPICARDIAL	8	1.0	1.0
43.95165	-18.67272	-95.16100	LAX_LV_EPICARDIAL	8	1.0	1.0
45.41142	-15.95582	-95.77359	LAX_LV_EPICARDIAL	8	1.0	1.0
45.96924	-13.23892	-95.30726	LAX_LV_EPICARDIAL	8	1.0	1.0
46.52707	-10.52203	-94.84094	LAX_LV_EPICARDIAL	8	1.0	1.0
46.18296	-7.80513	-93.29571	LAX_LV_EPICARDIAL	8	1.0	1.0
45.83884	-5.08823	-91.75047	LAX_LV_EPICARDIAL	8	1.0	1.0
45.49473	-2.37133	-90.20524	LAX_LV_EPICARDIAL	8	1.0	1.0
45.15061	0.34557	-88.66001	LAX_LV_EPICARDIAL	8	1.0	1.0
44.80650	3.06247	-87.11478	LAX_LV_EPICARDIAL	8	1.0	1.0
44.46238	5.77937	-85.56954	LAX_LV_EPICARDIAL	8	1.0	1.0
44.11827	8.49626	-84.02431	LAX_LV_EPICARDIAL	8	1.0	1.0
43.77415	11.21316	-82.47908	LAX_LV_EPICARDIAL	8	1.0	1.0
43.43004	13.93006	-80.93385	LAX_LV_EPICARDIAL	8	1.0	1.0
43.08592	16.64696	-79.38861	LAX_LV_EPICARDIAL	8	1.0	1.0
41.83986	19.36386	-76.76447	LAX_LV_EPICARDIAL	8	1.0	1.0
41.49575	22.08076	-75.21924	LAX_LV_EPICARDIAL	8	1.0	1.0
41.15163	24.79765	-73.67401	LAX_LV_EPICARDIAL	8	1.0	1.0
40.80752	27.51455	-72.12877	LAX_LV_EPICARDIAL	8	1.0	1.0
40.46340	30.23145	-70.58354	LAX_LV_EPICARDIAL	8	1.0	1.0
40.11929	32.94835	-69.03831	LAX_LV_EPICARDIAL	8	1.0	1.0
38.87323	35.66525	-66.41417	LAX_LV_EPICARDIAL	8	1.0	1.0
37.62718	38.38215	-63.79003	LAX_LV_EPICARDIAL	8	1.0	1.0
36.38112	41.09905	-61.16589	LAX_LV_EPICARDIAL	8	1.0	1.0
34.85615	42.45750	-58.77491	LAX_LV_EPICARDIAL	8	1.0	1.0
33.33119	43.81595	-56.38393	LAX_LV_EPICARDIAL	8	1.0	1.0
31.80622	45.17440	-53.99295	LAX_LV_EPICARDIAL	8	1.0	1.0
30.28125	46.53285	-51.60197	LAX_LV_EPICARDIAL	8	1.0	1.0
28.75628	47.89130	-49.21099	LAX_LV_EPICARDIAL	8	1.0	1.0
26.95240	47.89130	-47.05317	LAX_LV_EPICARDIAL	8	1.0	1.0
25.42743	49.24975	-44.66219	LAX_LV_EPICARDIAL	8	1.0	1.0
23.62355	49.24975	-42.50437	LAX_LV_EPICARDIAL	8	1.0	1.0
21.54076	47.89131	-40.57972	LAX_LV_EPICARDIAL	8	1.0	1.0
19.45796	46.53286	-38.65506	LAX_LV_EPICARDIAL	8	1.0	1.0
-0.83026	18.00545	-26.28892	LAX_LV_EPICARDIAL	8	1.0	1.0
-2.63414	18.00545	-24.13111	LAX_LV_EPICARDIAL	8	1.0	1.0
-4.45612	0.34562	-29.32003	LAX_LV_ENDOCARDIAL	8	1.0	1.0
-2.37333	1.70406	-31.24468	LAX_LV_ENDOCARDIAL	8	1.0	1.0
-0.29054	3.06251	-33.16934	LAX_LV_ENDOCARDIAL	8	1.0	1.0
1.51335	3.06251	-35.32716	LAX_LV_ENDOCARDIAL	8	1.0	1.0
3.31723	3.06251	-37.48497	LAX_LV_ENDOCARDIAL	8	1.0	1.0
4.84219	1.70406	-39.87595	LAX_LV_ENDOCARDIAL	8	1.0	1.0
6.08825	-1.01284	-42.50009	LAX_LV_ENDOCARDIAL	8	1.0	1.0
7.61322	-2.37129	-44.89107	LAX_LV_ENDOCARDIAL	8	1.0	1.0
9.13819	-3.72974	-47.28205	LAX_LV_ENDOCARDIAL	8	1.0	1.0
10.66316	-5.08819	-49.67303	LAX_LV_ENDOCARDIAL	8	1.0	1.0
12.18812	-6.44664	-52.06401	LAX_LV_ENDOCARDIAL	8	1.0	1.0
13.71309	-7.80510	-54.45499	LAX_LV_ENDOCARDIAL	8	1.0	1.0
15.23806	-9.16355	-56.84597	LAX_LV_ENDOCARDIAL	8	1.0	1.0
16.76303	-10.52200	-59.23695	LAX_LV_ENDOCARDIAL	8	1.0	1.0
18.28800	-11.88045	-61.62793	LAX_LV_ENDOCARDIAL	8	1.0	1.0
20.09188	-11.88045	-63.78575	LAX_LV_ENDOCARDIAL	8	1.0	1.0
21.61685	-13.23890	-66.17673	LAX_LV_ENDOCARDIAL	8	1.0	1.0
23.14182	-14.59735	-68.56771	LAX_LV_ENDOCARDIAL	8	1.0	1.0
24.94570	-14.59735	-70.72552	LAX_LV_ENDOCARDIAL	8	1.0	1.0
26.47067	-15.95580	-73.11650	LAX_LV_ENDOCARDIAL	8	1.0	1.0
27.99563	-17.31425	-75.50748	LAX_LV_ENDOCARDIAL	8	1.0	1.0
29.52060	-18.67270	-77.89846	LAX_LV_ENDOCARDIAL	8	1.0	1.0
31.32448	-18.67270	-80.05628	LAX_LV_ENDOCARDIAL	8	1.0	1.0
33.12837	-18.67271	-82.21410	LAX_LV_ENDOCARDIAL	8	1.0	1.0
34.93225	-18.67271	-84.37191	LAX_LV_ENDOCARDIAL	8	1.0	1.0
36.45721	-20.03116	-86.76289	LAX_LV_ENDOCARDIAL	8	1.0	1.0
38.26110	-20.03116	-88.92071	LAX_LV_ENDOCARDIAL	8	1.0	1.0
40.06498	-20.03116	-91.07853	LAX_LV_ENDOCARDIAL	8	1.0	1.0
41.52474	-17.31427	-91.69111	LAX_LV_ENDOCARDIAL	8	1.0	1.0
42.08257	-14.59737	-91.22479	LAX_LV_ENDOCARDIAL	8	1.0	1.0
40.83651	-11.88047	-88.60065	LAX_LV_ENDOCARDIAL	8	1.0	1.0
39.59046	-9.16357	-85.97651	LAX_LV_ENDOCARDIAL	8	1.0	1.0
38.34440	-6.44667	-83.35237	LAX_LV_ENDOCARDIAL	8	1.0	1.0
37.09835	-3.72977	-80.72822	LAX_LV_ENDOCARDIAL	8	1.0	1.0
36.75423	-1.01287	-79.18299	LAX_LV_ENDOCARDIAL	8	1.0	1.0
36.41012	1.70403	-77.63776	LAX_LV_ENDOCARDIAL	8	1.0	1.0
35.16406	4.42093	-75.01362	LAX_LV_ENDOCARDIAL	8	1.0	1.0
33.91801	7.13782	-72.38948	LAX_LV_ENDOCARDIAL	8	1.0	1.0
32.67195	9.85472	-69.76534	LAX_LV_ENDOCARDIAL	8	1.0	1.0
32.32783	12.57162	-68.22010	LAX_LV_ENDOCARDIAL	8	1.0	1.0
31.08178	15.28852	-65.59596	LAX_LV_ENDOCARDIAL	8	1.0	1.0
30.73766	18.00542	-64.05073	LAX_LV_ENDOCARDIAL	8	1.0	1.0
30.39355	20.72232	-62.50550	LAX_LV_ENDOCARDIAL	8	1.0	1.0
30.95137	23.43922	-62.03917	LAX_LV_ENDOCARDIAL	8	1.0	1.0
30.60726	26.15611	-60.49394	LAX_LV_ENDOCARDIAL	8	1.0	1.0
30.26314	28.87301	-58.94871	LAX_LV_ENDOCARDIAL	8	1.0	1.0
29.01709	31.58991	-56.32457	LAX_LV_ENDOCARDIAL	8	1.0	1.0
27.77103	34.30681	-53.70043	LAX_LV_ENDOCARDIAL	8	1.0	1.0
27.14801	35.66526	-52.38835	LAX_LV_ENDOCARDIAL	8	1.0	1.0
25.62304	37.02371	-49.99738	LAX_LV_ENDOCARDIAL	8	1.0	1.0
24.09807	38.38216	-47.60640	LAX_LV_ENDOCARDIAL	8	1.0	1.0
22.29419	38.38216	-45.44858	LAX_LV_ENDOCARDIAL	8	1.0	1.0
20.76922	39.74061	-43.05760	LAX_LV_ENDOCARDIAL	8	1.0	1.0
-0.83026	18.00545	-26.28892	LAX_LV_ENDOCARDIAL	8	1.0	1.0
-2.63414	18.00545	-24.13111	LAX_LV_ENDOCARDIAL	8	1.0	1.0
-27.36686	-14.59730	-8.14882	LAX_RV_EPICARDIAL	8	1.0	1.0
-26.12080	-17.31420	-10.77296	LAX_RV_EPICARDIAL	8	1.0	1.0
-24.59583	-18.67265	-13.16394	LAX_RV_EPICARDIAL	8	1.0	1.0
-22.79195	-18.67265	-15.32175	LAX_RV_EPICARDIAL	8	1.0	1.0
-21.26699	-20.03110	-17.71273	LAX_RV_EPICARDIAL	8	1.0	1.0
-19.46310	-20.03110	-19.87055	LAX_RV_EPICARDIAL	8	1.0	1.0
-17.93814	-21.38956	-22.26153	LAX_RV_EPICARDIAL	8	1.0	1.0
-16.41317	-22.74801	-24.65251	LAX_RV_EPICARDIAL	8	1.0	1.0
-14.88820	-24.10646	-27.04349	LAX_RV_EPICARDIAL	8	1.0	1.0
-13.36323	-25.46491	-29.43447	LAX_RV_EPICARDIAL	8	1.0	1.0
-11.55935	-25.46491	-31.59229	LAX_RV_EPICARDIAL	8	1.0	1.0
-10.03438	-26.82336	-33.98326	LAX_RV_EPICARDIAL	8	1.0	1.0
-8.23050	-26.82336	-36.14108	LAX_RV_EPICARDIAL	8	1.0	1.0
-6.42662	-26.82336	-38.29890	LAX_RV_EPICARDIAL	8	1.0	1.0
-4.62274	-26.82336	-40.45672	LAX_RV_EPICARDIAL	8	1.0	1.0
-2.53994	-25.46492	-42.38137	LAX_RV_EPICARDIAL	8	1.0	1.0
-0.73606	-25.46492	-44.53919	LAX_RV_EPICARDIAL	8	1.0	1.0
1.06782	-25.46492	-46.69701	LAX_RV_EPICARDIAL	8	1.0	1.0
2.87170	-25.46492	-48.85483	LAX_RV_EPICARDIAL	8	1.0	1.0
4.67558	-25.46492	-51.01264	LAX_RV_EPICARDIAL	8	1.0	1.0
6.47946	-25.46493	-53.17046	LAX_RV_EPICARDIAL	8	1.0	1.0
8.28334	-25.46493	-55.32828	LAX_RV_EPICARDIAL	8	1.0	1.0
10.08723	-25.46493	-57.48610	LAX_RV_EPICARDIAL	8	1.0	1.0
-6.68743	-10.52197	-31.18532	LAX_RV_EPICARDIAL	8	1.0	1.0
-10.36039	-6.44662	-25.09129	LAX_RV_EPICARDIAL	8	1.0	1.0
-12.44319	-7.80507	-23.16664	LAX_RV_EPICARDIAL	8	1.0	1.0
-14.24707	-7.80507	-21.00882	LAX_RV_EPICARDIAL	8	1.0	1.0
-16.05095	-7.80507	-18.85100	LAX_RV_EPICARDIAL	8	1.0	1.0
-17.85483	-7.80506	-16.69318	LAX_RV_EPICARDIAL	8	1.0	1.0
-19.65871	-7.80506	-14.53537	LAX_RV_EPICARDIAL	8	1.0	1.0
-21.46259	-7.80506	-12.37755	LAX_RV_EPICARDIAL	8	1.0	1.0
-23.54539	-9.16351	-10.45289	LAX_RV_EPICARDIAL	8	1.0	1.0
-25.90709	-11.88040	-8.76140	LAX_RV_EPICARDIAL	8	1.0	1.0
2.43339	20.72234	-29.05932	MITRAL_VALVE	8	1.0	1.0
18.34231	41.09906	-39.58771	MITRAL_VALVE	8	1.0	1.0
-4.71693	16.64700	-22.20645	AORTA_VALVE	8	1.0	1.0
-7.16195	0.34562	-26.08330	AORTA_VALVE	8	1.0	1.0
-48.54246	0.68635	-76.99670	LAX_RV_FREEWALL	7	1.0	12
-51.12051	-0.91494	-79.56766	LAX_RV_FREEWALL	7	1.0	12
-50.89900	-2.51623	-81.86917	LAX_RV_FREEWALL	7	1.0	12
-49.27770	-4.11752	-84.03595	LAX_RV_FREEWALL	7	1.0	12
-47.65641	-5.71881	-86.20274	LAX_RV_FREEWALL	7	1.0	12
-44.63533	-7.32011	-88.23480	LAX_RV_FREEWALL	7	1.0	12
-43.12479	-8.12075	-89.25083	LAX_RV_FREEWALL	7	1.0	12
-40.10372	-9.72204	-91.28289	LAX_RV_FREEWALL	7	1.0	12
-37.08264	-11.32334	-93.31496	LAX_RV_FREEWALL	7	1.0	12
-34.17232	-12.12398	-94.19626	LAX_RV_FREEWALL	7	1.0	12
-31.26200	-12.92463	-95.07757	LAX_RV_FREEWALL	7	1.0	12
-28.24093	-14.52592	-97.10963	LAX_RV_FREEWALL	7	1.0	12
-25.33061	-15.32657	-97.99094	LAX_RV_FREEWALL	7	1.0	12
-22.42029	-16.12721	-98.87224	LAX_RV_FREEWALL	7	1.0	12
-19.50997	-16.92786	-99.75355	LAX_RV_FREEWALL	7	1.0	12
-16.59965	-17.72851	-100.63485	LAX_RV_FREEWALL	7	1.0	12
-13.68933	-18.52915	-101.51616	LAX_RV_FREEWALL	7	1.0	12
-10.77901	-19.32980	-102.39747	LAX_RV_FREEWALL	7	1.0	12
-7.97945	-19.32980	-102.12802	LAX_RV_FREEWALL	7	1.0	12
-5.06913	-20.13045	-103.00932	LAX_RV_FREEWALL	7	1.0	12
-2.15881	-20.93109	-103.89063	LAX_RV_FREEWALL	7	1.0	12
0.64075	-20.93109	-103.62118	LAX_RV_FREEWALL	7	1.0	12
3.55107	-21.73174	-104.50249	LAX_RV_FREEWALL	7	1.0	12
6.35063	-21.73174	-104.23304	LAX_RV_FREEWALL	7	1.0	12
9.26095	-22.53239	-105.11434	LAX_RV_FREEWALL	7	1.0	12
12.06051	-22.53239	-104.84489	LAX_RV_FREEWALL	7	1.0	12
14.97083	-23.33303	-105.72620	LAX_RV_FREEWALL	7	1.0	12
17.77039	-23.33303	-105.45675	LAX_RV_FREEWALL	7	1.0	12
20.56996	-23.33304	-105.18730	LAX_RV_FREEWALL	7	1.0	12
23.14800	-21.73175	-102.61634	LAX_RV_FREEWALL	7	1.0	12
-48.65322	1.48700	-75.84594	LAX_RV_EPICARDIAL	7	1.0	12
-51.45278	1.48700	-76.11539	LAX_RV_EPICARDIAL	7	1.0	12
-54.25234	1.48700	-76.38484	LAX_RV_EPICARDIAL	7	1.0	12
-55.43061	-0.11429	-78.82108	LAX_RV_EPICARDIAL	7	1.0	12
-56.60888	-1.71558	-81.25731	LAX_RV_EPICARDIAL	7	1.0	12
-55.09834	-2.51623	-82.27334	LAX_RV_EPICARDIAL	7	1.0	12
-53.47705	-4.11752	-84.44013	LAX_RV_EPICARDIAL	7	1.0	12
-51.85575	-5.71881	-86.60691	LAX_RV_EPICARDIAL	7	1.0	12
-50.23446	-7.32010	-88.77370	LAX_RV_EPICARDIAL	7	1.0	12
-48.61316	-8.92140	-90.94049	LAX_RV_EPICARDIAL	7	1.0	12
-46.99187	-10.52269	-93.10727	LAX_RV_EPICARDIAL	7	1.0	12
-43.97079	-12.12398	-95.13933	LAX_RV_EPICARDIAL	7	1.0	12
-41.06047	-12.92463	-96.02064	LAX_RV_EPICARDIAL	7	1.0	12
-38.15015	-13.72527	-96.90195	LAX_RV_EPICARDIAL	7	1.0	12
-35.23984	-14.52592	-97.78325	LAX_RV_EPICARDIAL	7	1.0	12
-32.32952	-15.32656	-98.66456	LAX_RV_EPICARDIAL	7	1.0	12
-29.30844	-16.92786	-100.69662	LAX_RV_EPICARDIAL	7	1.0	12
-26.39812	-17.72850	-101.57793	LAX_RV_EPICARDIAL	7	1.0	12
-23.48780	-18.52915	-102.45923	LAX_RV_EPICARDIAL	7	1.0	12
-20.68824	-18.52915	-102.18978	LAX_RV_EPICARDIAL	7	1.0	12
-17.77792	-19.32980	-103.07109	LAX_RV_EPICARDIAL	7	1.0	12
-14.86760	-20.13044	-103.95240	LAX_RV_EPICARDIAL	7	1.0	12
-11.95728	-20.93109	-104.83370	LAX_RV_EPICARDIAL	7	1.0	12
-9.04696	-21.73174	-105.71501	LAX_RV_EPICARDIAL	7	1.0	12
-6.13664	-22.53238	-106.59631	LAX_RV_EPICARDIAL	7	1.0	12
-3.22633	-23.33303	-107.47762	LAX_RV_EPICARDIAL	7	1.0	12
-0.42676	-23.33303	-107.20817	LAX_RV_EPICARDIAL	7	1.0	12
2.48356	-24.13368	-108.08948	LAX_RV_EPICARDIAL	7	1.0	12
5.28312	-24.13368	-107.82003	LAX_RV_EPICARDIAL	7	1.0	12
8.08268	-24.13368	-107.55058	LAX_RV_EPICARDIAL	7	1.0	12
10.88224	-24.13368	-107.28113	LAX_RV_EPICARDIAL	7	1.0	12
13.79256	-24.93433	-108.16244	LAX_RV_EPICARDIAL	7	1.0	12
16.59212	-24.93433	-107.89299	LAX_RV_EPICARDIAL	7	1.0	12
19.50244	-25.73497	-108.77429	LAX_RV_EPICARDIAL	7	1.0	12
22.30201	-25.73497	-108.50484	LAX_RV_EPICARDIAL	7	1.0	12
24.88006	-24.13368	-105.93388	LAX_RV_EPICARDIAL	7	1.0	12
26.05832	-22.53239	-103.49765	LAX_RV_EPICARDIAL	7	1.0	12
28.74713	-21.73175	-102.07744	LAX_RV_EPICARDIAL	7	1.0	12
-19.18711	11.09474	-59.07293	LAX_RV_SEPTUM	7	1.0	12
24.32627	-20.13045	-100.18011	LAX_RV_SEPTUM	7	1.0	12
22.81574	-19.32981	-99.16408	LAX_RV_SEPTUM	7	1.0	12
19.79466	-17.72852	-97.13201	LAX_RV_SEPTUM	7	1.0	12
16.88434	-16.92787	-96.25071	LAX_RV_SEPTUM	7	1.0	12
13.86327	-15.32658	-94.21865	LAX_RV_SEPTUM	7	1.0	12
10.84219	-13.72529	-92.18658	LAX_RV_SEPTUM	7	1.0	12
7.82111	-12.12399	-90.15452	LAX_RV_SEPTUM	7	1.0	12
4.80004	-10.52270	-88.12246	LAX_RV_SEPTUM	7	1.0	12
1.77896	-8.92141	-86.09040	LAX_RV_SEPTUM	7	1.0	12
0.15767	-7.32012	-83.92361	LAX_RV_SEPTUM	7	1.0	12
-1.46363	-5.71883	-81.75683	LAX_RV_SEPTUM	7	1.0	12
-3.08492	-4.11753	-79.59004	LAX_RV_SEPTUM	7	1.0	12
-4.70621	-2.51624	-77.42325	LAX_RV_SEPTUM	7	1.0	12
-6.32751	-0.91495	-75.25647	LAX_RV_SEPTUM	7	1.0	12
-7.94880	0.68634	-73.08968	LAX_RV_SEPTUM	7	1.0	12
-9.57010	2.28763	-70.92290	LAX_RV_SEPTUM	7	1.0	12
-12.59117	3.88892	-68.89083	LAX_RV_SEPTUM	7	1.0	12
-14.21247	5.49022	-66.72405	LAX_RV_SEPTUM	7	1.0	12
-15.83376	7.09151	-64.55726	LAX_RV_SEPTUM	7	1.0	12
-17.45506	8.69280	-62.39047	LAX_RV_SEPTUM	7	1.0	12
-19.07635	10.29409	-60.22369	LAX_RV_SEPTUM	7	1.0	12
-20.29467	19.10119	-47.56538	LAX_LV_EPICARDIAL	7	1.0	12
-20.07316	17.49990	-49.86689	LAX_LV_EPICARDIAL	7	1.0	12
-19.85165	15.89861	-52.16840	LAX_LV_EPICARDIAL	7	1.0	12
-19.63013	14.29732	-54.46991	LAX_LV_EPICARDIAL	7	1.0	12
-19.40862	12.69603	-56.77142	LAX_LV_EPICARDIAL	7	1.0	12
28.52562	-20.13046	-99.77593	LAX_LV_EPICARDIAL	7	1.0	12
31.43594	-20.93110	-100.65724	LAX_LV_EPICARDIAL	7	1.0	12
34.23550	-20.93110	-100.38779	LAX_LV_EPICARDIAL	7	1.0	12
37.03506	-20.93110	-100.11834	LAX_LV_EPICARDIAL	7	1.0	12
39.83462	-20.93110	-99.84889	LAX_LV_EPICARDIAL	7	1.0	12
42.52343	-20.13046	-98.42869	LAX_LV_EPICARDIAL	7	1.0	12
45.10148	-18.52917	-95.85773	LAX_LV_EPICARDIAL	7	1.0	12
46.27975	-16.92788	-93.42149	LAX_LV_EPICARDIAL	7	1.0	12
47.45802	-15.32659	-90.98525	LAX_LV_EPICARDIAL	7	1.0	12
48.63628	-13.72530	-88.54902	LAX_LV_EPICARDIAL	7	1.0	12
49.81455	-12.12401	-86.11278	LAX_LV_EPICARDIAL	7	1.0	12
50.99282	-10.52271	-83.67655	LAX_LV_EPICARDIAL	7	1.0	12
52.17109	-8.92142	-81.24031	LAX_LV_EPICARDIAL	7	1.0	12
51.94957	-7.32013	-78.93880	LAX_LV_EPICARDIAL	7	1.0	12
53.12784	-5.71884	-76.50256	LAX_LV_EPICARDIAL	7	1.0	12
54.30611	-4.11755	-74.06633	LAX_LV_EPICARDIAL	7	1.0	12
54.08460	-2.51626	-71.76482	LAX_LV_EPICARDIAL	7	1.0	12
53.86309	-0.91497	-69.46331	LAX_LV_EPICARDIAL	7	1.0	12
55.04135	0.68632	-67.02707	LAX_LV_EPICARDIAL	7	1.0	12
54.81984	2.28761	-64.72556	LAX_LV_EPICARDIAL	7	1.0	12
54.59833	3.88890	-62.42405	LAX_LV_EPICARDIAL	7	1.0	12
54.37681	5.49020	-60.12254	LAX_LV_EPICARDIAL	7	1.0	12
54.15530	7.09149	-57.82103	LAX_LV_EPICARDIAL	7	1.0	12
53.93379	8.69278	-55.51952	LAX_LV_EPICARDIAL	7	1.0	12
53.71227	10.29407	-53.21801	LAX_LV_EPICARDIAL	7	1.0	12
52.09098	11.89536	-51.05122	LAX_LV_EPICARDIAL	7	1.0	12
51.86947	13.49665	-48.74971	LAX_LV_EPICARDIAL	7	1.0	12
50.24817	15.09794	-46.58292	LAX_LV_EPICARDIAL	7	1.0	12
50.02666	16.69924	-44.28141	LAX_LV_EPICARDIAL	7	1.0	12
48.40537	18.30053	-42.11463	LAX_LV_EPICARDIAL	7	1.0	12
46.78407	19.90182	-39.94784	LAX_LV_EPICARDIAL	7	1.0	12
45.16278	21.50311	-37.78105	LAX_LV_EPICARDIAL	7	1.0	12
43.54148	23.10440	-35.61427	LAX_LV_EPICARDIAL	7	1.0	12
41.92019	24.70569	-33.44748	LAX_LV_EPICARDIAL	7	1.0	12
40.29889	26.30699	-31.28069	LAX_LV_EPICARDIAL	7	1.0	12
37.27782	27.90828	-29.24863	LAX_LV_EPICARDIAL	7	1.0	12
34.25674	29.50957	-27.21657	LAX_LV_EPICARDIAL	7	1.0	12
31.34642	30.31022	-26.33526	LAX_LV_EPICARDIAL	7	1.0	12
28.43611	31.11086	-25.45396	LAX_LV_EPICARDIAL	7	1.0	12
25.63654	31.11086	-25.72341	LAX_LV_EPICARDIAL	7	1.0	12
-16.09533	19.10119	-47.16120	LAX_LV_ENDOCARDIAL	7	1.0	12
-15.87382	17.49990	-49.46272	LAX_LV_ENDOCARDIAL	7	1.0	12
-14.25252	15.89861	-51.62950	LAX_LV_ENDOCARDIAL	7	1.0	12
-12.63123	14.29732	-53.79629	LAX_LV_ENDOCARDIAL	7	1.0	12
-9.61015	12.69602	-55.82835	LAX_LV_ENDOCARDIAL	7	1.0	12
-7.98886	11.09473	-57.99514	LAX_LV_ENDOCARDIAL	7	1.0	12
-4.96778	9.49344	-60.02720	LAX_LV_ENDOCARDIAL	7	1.0	12
-3.34649	7.89215	-62.19398	LAX_LV_ENDOCARDIAL	7	1.0	12
-0.32541	6.29086	-64.22605	LAX_LV_ENDOCARDIAL	7	1.0	12
2.69566	4.68957	-66.25811	LAX_LV_ENDOCARDIAL	7	1.0	12
4.31696	3.08827	-68.42489	LAX_LV_ENDOCARDIAL	7	1.0	12
5.93825	1.48698	-70.59168	LAX_LV_ENDOCARDIAL	7	1.0	12
7.55955	-0.11431	-72.75847	LAX_LV_ENDOCARDIAL	7	1.0	12
9.18084	-1.71560	-74.92525	LAX_LV_ENDOCARDIAL	7	1.0	12
10.80214	-3.31689	-77.09204	LAX_LV_ENDOCARDIAL	7	1.0	12
13.82321	-4.91819	-79.12410	LAX_LV_ENDOCARDIAL	7	1.0	12
15.44451	-6.51948	-81.29089	LAX_LV_ENDOCARDIAL	7	1.0	12
18.46558	-8.12077	-83.32295	LAX_LV_ENDOCARDIAL	7	1.0	12
21.48666	-9.72206	-85.35501	LAX_LV_ENDOCARDIAL	7	1.0	12
24.50773	-11.32335	-87.38707	LAX_LV_ENDOCARDIAL	7	1.0	12
27.52881	-12.92465	-89.41913	LAX_LV_ENDOCARDIAL	7	1.0	12
30.54988	-14.52594	-91.45119	LAX_LV_ENDOCARDIAL	7	1.0	12
33.46020	-15.32658	-92.33250	LAX_LV_ENDOCARDIAL	7	1.0	12
36.48128	-16.92788	-94.36456	LAX_LV_ENDOCARDIAL	7	1.0	12
39.28084	-16.92788	-94.09511	LAX_LV_ENDOCARDIAL	7	1.0	12
40.45911	-15.32659	-91.65888	LAX_LV_ENDOCARDIAL	7	1.0	12
40.23760	-13.72529	-89.35737	LAX_LV_ENDOCARDIAL	7	1.0	12
41.41586	-12.12400	-86.92113	LAX_LV_ENDOCARDIAL	7	1.0	12
41.19435	-10.52271	-84.61962	LAX_LV_ENDOCARDIAL	7	1.0	12
40.97284	-8.92142	-82.31811	LAX_LV_ENDOCARDIAL	7	1.0	12
42.15111	-7.32013	-79.88187	LAX_LV_ENDOCARDIAL	7	1.0	12
41.92959	-5.71884	-77.58036	LAX_LV_ENDOCARDIAL	7	1.0	12
41.70808	-4.11755	-75.27885	LAX_LV_ENDOCARDIAL	7	1.0	12
42.88635	-2.51626	-72.84262	LAX_LV_ENDOCARDIAL	7	1.0	12
42.66484	-0.91497	-70.54110	LAX_LV_ENDOCARDIAL	7	1.0	12
42.44332	0.68633	-68.23959	LAX_LV_ENDOCARDIAL	7	1.0	12
42.22181	2.28762	-65.93808	LAX_LV_ENDOCARDIAL	7	1.0	12
42.00030	3.88891	-63.63657	LAX_LV_ENDOCARDIAL	7	1.0	12
41.77878	5.49020	-61.33506	LAX_LV_ENDOCARDIAL	7	1.0	12
41.55727	7.09149	-59.03355	LAX_LV_ENDOCARDIAL	7	1.0	12
41.33576	8.69278	-56.73204	LAX_LV_ENDOCARDIAL	7	1.0	12
41.11424	10.29407	-54.43053	LAX_LV_ENDOCARDIAL	7	1.0	12
39.49295	11.89537	-52.26374	LAX_LV_ENDOCARDIAL	7	1.0	12
37.87166	13.49666	-50.09696	LAX_LV_ENDOCARDIAL	7	1.0	12
37.65014	15.09795	-47.79544	LAX_LV_ENDOCARDIAL	7	1.0	12
37.42863	16.69924	-45.49393	LAX_LV_ENDOCARDIAL	7	1.0	12
35.80733	18.30053	-43.32715	LAX_LV_ENDOCARDIAL	7	1.0	12
34.18604	19.90182	-41.16036	LAX_LV_ENDOCARDIAL	7	1.0	12
31.16496	21.50311	-39.12830	LAX_LV_ENDOCARDIAL	7	1.0	12
29.54367	23.10441	-36.96151	LAX_LV_ENDOCARDIAL	7	1.0	12
26.52259	24.70570	-34.92945	LAX_LV_ENDOCARDIAL	7	1.0	12
23.50152	26.30699	-32.89739	LAX_LV_ENDOCARDIAL	7	1.0	12
21.88022	27.90828	-30.73060	LAX_LV_ENDOCARDIAL	7	1.0	12
20.25893	29.50957	-28.56382	LAX_LV_ENDOCARDIAL	7	1.0	12
-48.65322	1.48700	-75.84594	LAX_RV_EPICARDIAL	7	1.0	12
-51.45278	1.48700	-76.11539	LAX_RV_EPICARDIAL	7	1.0	12
-54.25234	1.48700	-76.38484	LAX_RV_EPICARDIAL	7	1.0	12
-55.43061	-0.11429	-78.82108	LAX_RV_EPICARDIAL	7	1.0	12
-56.60888	-1.71558	-81.25731	LAX_RV_EPICARDIAL	7	1.0	12
-55.09834	-2.51623	-82.27334	LAX_RV_EPICARDIAL	7	1.0	12
-53.47705	-4.11752	-84.44013	LAX_RV_EPICARDIAL	7	1.0	12
-51.85575	-5.71881	-86.60691	LAX_RV_EPICARDIAL	7	1.0	12
-50.23446	-7.32010	-88.77370	LAX_RV_EPICARDIAL	7	1.0	12
-48.61316	-8.92140	-90.94049	LAX_RV_EPICARDIAL	7	1.0	12
-46.99187	-10.52269	-93.10727	LAX_RV_EPICARDIAL	7	1.0	12
-43.97079	-12.12398	-95.13933	LAX_RV_EPICARDIAL	7	1.0	12
-41.06047	-12.92463	-96.02064	LAX_RV_EPICARDIAL	7	1.0	12
-38.15015	-13.72527	-96.90195	LAX_RV_EPICARDIAL	7	1.0	12
-35.23984	-14.52592	-97.78325	LAX_RV_EPICARDIAL	7	1.0	12
-32.32952	-15.32656	-98.66456	LAX_RV_EPICARDIAL	7	1.0	12
-29.30844	-16.92786	-100.69662	LAX_RV_EPICARDIAL	7	1.0	12
-26.39812	-17.72850	-101.57793	LAX_RV_EPICARDIAL	7	1.0	12
-23.48780	-18.52915	-102.45923	LAX_RV_EPICARDIAL	7	1.0	12
-20.68824	-18.52915	-102.18978	LAX_RV_EPICARDIAL	7	1.0	12
-17.77792	-19.32980	-103.07109	LAX_RV_EPICARDIAL	7	1.0	12
-14.86760	-20.13044	-103.95240	LAX_RV_EPICARDIAL	7	1.0	12
-11.95728	-20.93109	-104.83370	LAX_RV_EPICARDIAL	7	1.0	12
-9.04696	-21.73174	-105.71501	LAX_RV_EPICARDIAL	7	1.0	12
-6.13664	-22.53238	-106.59631	LAX_RV_EPICARDIAL	7	1.0	12
-3.22633	-23.33303	-107.47762	LAX_RV_EPICARDIAL	7	1.0	12
-0.42676	-23.33303	-107.20817	LAX_RV_EPICARDIAL	7	1.0	12
2.48356	-24.13368	-108.08948	LAX_RV_EPICARDIAL	7	1.0	12
5.28312	-24.13368	-107.82003	LAX_RV_EPICARDIAL	7	1.0	12
8.08268	-24.13368	-107.55058	LAX_RV_EPICARDIAL	7	1.0	12
10.88224	-24.13368	-107.28113	LAX_RV_EPICARDIAL	7	1.0	12
13.79256	-24.93433	-108.16244	LAX_RV_EPICARDIAL	7	1.0	12
16.59212	-24.93433	-107.89299	LAX_RV_EPICARDIAL	7	1.0	12
19.50244	-25.73497	-108.77429	LAX_RV_EPICARDIAL	7	1.0	12
22.30201	-25.73497	-108.50484	LAX_RV_EPICARDIAL	7	1.0	12
24.88006	-24.13368	-105.93388	LAX_RV_EPICARDIAL	7	1.0	12
26.05832	-22.53239	-103.49765	LAX_RV_EPICARDIAL	7	1.0	12
28.74713	-21.73175	-102.07744	LAX_RV_EPICARDIAL	7	1.0	12
17.34861	30.31022	-27.68251	MITRAL_VALVE	7	1.0	12
-16.42760	21.50313	-43.70894	MITRAL_VALVE	7	1.0	12
-47.36419	2.28764	-74.56046	TRICUSPID_VALVE	7	1.0	12
-20.58689	11.09474	-59.20766	TRICUSPID_VALVE	7	1.0	12
39.83462	-20.93110	-99.84889	APEX_POINT	7	1.0	12
-10.31784	-17.17635	-6.74174	LAX_RV_FREEWALL	11	1.0	12
-9.93953	-17.16647	-9.52866	LAX_RV_FREEWALL	11	1.0	12
-9.47580	-18.56023	-12.30896	LAX_RV_FREEWALL	11	1.0	12
-9.09749	-18.55035	-15.09589	LAX_RV_FREEWALL	11	1.0	12
-8.71917	-18.54047	-17.88281	LAX_RV_FREEWALL	11	1.0	12
-8.25545	-19.93423	-20.66311	LAX_RV_FREEWALL	11	1.0	12
-7.87713	-19.92436	-23.45004	LAX_RV_FREEWALL	11	1.0	12
-7.41341	-21.31812	-26.23034	LAX_RV_FREEWALL	11	1.0	12
-7.03509	-21.30824	-29.01726	LAX_RV_FREEWALL	11	1.0	12
-6.57136	-22.70200	-31.79757	LAX_RV_FREEWALL	11	1.0	12
-6.19305	-22.69212	-34.58449	LAX_RV_FREEWALL	11	1.0	12
-5.72932	-24.08588	-37.36479	LAX_RV_FREEWALL	11	1.0	12
-5.35101	-24.07600	-40.15172	LAX_RV_FREEWALL	11	1.0	12
-4.97270	-24.06612	-42.93864	LAX_RV_FREEWALL	11	1.0	12
-4.50897	-25.45988	-45.71894	LAX_RV_FREEWALL	11	1.0	12
-4.13066	-25.45000	-48.50587	LAX_RV_FREEWALL	11	1.0	12
-3.75235	-25.44012	-51.29279	LAX_RV_FREEWALL	11	1.0	12
-3.45945	-24.02660	-54.08633	LAX_RV_FREEWALL	11	1.0	12
-3.08114	-24.01673	-56.87325	LAX_RV_FREEWALL	11	1.0	12
-2.70283	-24.00685	-59.66018	LAX_RV_FREEWALL	11	1.0	12
-2.32451	-23.99697	-62.44710	LAX_RV_FREEWALL	11	1.0	12
-1.86079	-25.39073	-65.22740	LAX_RV_FREEWALL	11	1.0	12
-1.39706	-26.78449	-68.00771	LAX_RV_FREEWALL	11	1.0	12
-1.01875	-26.77461	-70.79463	LAX_RV_FREEWALL	11	1.0	12
-0.64043	-26.76473	-73.58155	LAX_RV_FREEWALL	11	1.0	12
-0.26212	-26.75485	-76.36848	LAX_RV_FREEWALL	11	1.0	12
0.11619	-26.74497	-79.15540	LAX_RV_FREEWALL	11	1.0	12
0.49450	-26.73509	-81.94232	LAX_RV_FREEWALL	11	1.0	12
0.87281	-26.72521	-84.72925	LAX_RV_FREEWALL	11	1.0	12
1.25113	-26.71534	-87.51617	LAX_RV_FREEWALL	11	1.0	12
1.62944	-26.70546	-90.30309	LAX_RV_FREEWALL	11	1.0	12
2.00775	-26.69558	-93.09002	LAX_RV_FREEWALL	11	1.0	12
2.38606	-26.68570	-95.87694	LAX_RV_FREEWALL	11	1.0	12
2.76438	-26.67582	-98.66386	LAX_RV_FREEWALL	11	1.0	12
3.14269	-26.66594	-101.45079	LAX_RV_FREEWALL	11	1.0	12
3.43558	-25.25242	-104.24433	LAX_RV_FREEWALL	11	1.0	12
3.72848	-23.83891	-107.03787	LAX_RV_FREEWALL	11	1.0	12
3.55765	-21.03163	-107.05111	LAX_RV_FREEWALL	11	1.0	12
3.38682	-18.22435	-107.06435	LAX_RV_FREEWALL	11	1.0	12
3.02683	-15.42202	-105.68413	LAX_RV_FREEWALL	11	1.0	12
2.66684	-12.61968	-104.30390	LAX_RV_FREEWALL	11	1.0	12
2.11770	-9.82228	-101.53022	LAX_RV_FREEWALL	11	1.0	12
1.75771	-7.01994	-100.15000	LAX_RV_FREEWALL	11	1.0	12
1.20856	-4.22254	-97.37631	LAX_RV_FREEWALL	11	1.0	12
0.84858	-1.42021	-95.99609	LAX_RV_FREEWALL	11	1.0	12
0.29943	1.37719	-93.22240	LAX_RV_FREEWALL	11	1.0	12
-0.24971	4.17459	-90.44872	LAX_RV_FREEWALL	11	1.0	12
-0.71344	5.56835	-87.66842	LAX_RV_FREEWALL	11	1.0	12
-1.00634	4.15483	-84.87487	LAX_RV_FREEWALL	11	1.0	12
-1.21382	1.33768	-82.07471	LAX_RV_SEPTUM	11	1.0	12
-1.42130	-1.47948	-79.27455	LAX_RV_SEPTUM	11	1.0	12
-1.62878	-4.29663	-76.47439	LAX_RV_SEPTUM	11	1.0	12
-1.83626	-7.11379	-73.67423	LAX_RV_SEPTUM	11	1.0	12
-2.12915	-8.52731	-70.88068	LAX_RV_SEPTUM	11	1.0	12
-2.42205	-9.94082	-68.08714	LAX_RV_SEPTUM	11	1.0	12
-2.80036	-9.95070	-65.30022	LAX_RV_SEPTUM	11	1.0	12
-3.09326	-11.36422	-62.50668	LAX_RV_SEPTUM	11	1.0	12
-3.47157	-11.37410	-59.71975	LAX_RV_SEPTUM	11	1.0	12
-3.76447	-12.78762	-56.92621	LAX_RV_SEPTUM	11	1.0	12
-4.14278	-12.79750	-54.13929	LAX_RV_SEPTUM	11	1.0	12
-4.52109	-12.80737	-51.35236	LAX_RV_SEPTUM	11	1.0	12
-4.89940	-12.81725	-48.56544	LAX_RV_SEPTUM	11	1.0	12
-5.19230	-14.23077	-45.77190	LAX_RV_SEPTUM	11	1.0	12
-5.57061	-14.24065	-42.98497	LAX_RV_SEPTUM	11	1.0	12
-5.94892	-14.25053	-40.19805	LAX_RV_SEPTUM	11	1.0	12
-6.32724	-14.26041	-37.41113	LAX_RV_SEPTUM	11	1.0	12
-6.79096	-12.86665	-34.63082	LAX_RV_SEPTUM	11	1.0	12
-7.16928	-12.87653	-31.84390	LAX_RV_SEPTUM	11	1.0	12
-7.63300	-11.48277	-29.06360	LAX_RV_SEPTUM	11	1.0	12
-8.09673	-10.08901	-26.28329	LAX_RV_SEPTUM	11	1.0	12
-8.47504	-10.09889	-23.49637	LAX_RV_SEPTUM	11	1.0	12
-8.93877	-8.70513	-20.71607	LAX_RV_SEPTUM	11	1.0	12
-9.48792	-5.90773	-17.94238	LAX_RV_SEPTUM	11	1.0	12
-9.95164	-4.51397	-15.16208	LAX_RV_SEPTUM	11	1.0	12
-10.41537	-3.12021	-12.38178	LAX_RV_SEPTUM	11	1.0	12
-10.33616	-19.98857	-5.33503	LAX_RV_EPICARDIAL	11	1.0	12
-9.95785	-19.97869	-8.12196	LAX_RV_EPICARDIAL	11	1.0	12
-9.49412	-21.37245	-10.90226	LAX_RV_EPICARDIAL	11	1.0	12
-9.03039	-22.76621	-13.68257	LAX_RV_EPICARDIAL	11	1.0	12
-8.65208	-22.75633	-16.46949	LAX_RV_EPICARDIAL	11	1.0	12
-8.27377	-22.74645	-19.25641	LAX_RV_EPICARDIAL	11	1.0	12
-7.81004	-24.14021	-22.03672	LAX_RV_EPICARDIAL	11	1.0	12
-7.34631	-25.53397	-24.81702	LAX_RV_EPICARDIAL	11	1.0	12
-6.96800	-25.52409	-27.60394	LAX_RV_EPICARDIAL	11	1.0	12
-6.50427	-26.91785	-30.38425	LAX_RV_EPICARDIAL	11	1.0	12
-6.12596	-26.90797	-33.17117	LAX_RV_EPICARDIAL	11	1.0	12
-5.66223	-28.30173	-35.95147	LAX_RV_EPICARDIAL	11	1.0	12
-5.28392	-28.29185	-38.73840	LAX_RV_EPICARDIAL	11	1.0	12
-4.90561	-28.28197	-41.52532	LAX_RV_EPICARDIAL	11	1.0	12
-4.52730	-28.27210	-44.31224	LAX_RV_EPICARDIAL	11	1.0	12
-4.06357	-29.66586	-47.09255	LAX_RV_EPICARDIAL	11	1.0	12
-3.77067	-28.25234	-49.88609	LAX_RV_EPICARDIAL	11	1.0	12
-3.47778	-26.83882	-52.67963	LAX_RV_EPICARDIAL	11	1.0	12
-3.09946	-26.82894	-55.46655	LAX_RV_EPICARDIAL	11	1.0	12
-2.72115	-26.81906	-58.25348	LAX_RV_EPICARDIAL	11	1.0	12
-2.25742	-28.21282	-61.03378	LAX_RV_EPICARDIAL	11	1.0	12
-1.87911	-28.20294	-63.82070	LAX_RV_EPICARDIAL	11	1.0	12
-1.41538	-29.59670	-66.60101	LAX_RV_EPICARDIAL	11	1.0	12
-0.95165	-30.99046	-69.38131	LAX_RV_EPICARDIAL	11	1.0	12
-0.57334	-30.98059	-72.16823	LAX_RV_EPICARDIAL	11	1.0	12
-0.28045	-29.56707	-74.96178	LAX_RV_EPICARDIAL	11	1.0	12
0.09787	-29.55719	-77.74870	LAX_RV_EPICARDIAL	11	1.0	12
0.47618	-29.54731	-80.53562	LAX_RV_EPICARDIAL	11	1.0	12
0.85449	-29.53743	-83.32255	LAX_RV_EPICARDIAL	11	1.0	12
1.23280	-29.52755	-86.10947	LAX_RV_EPICARDIAL	11	1.0	12
1.61111	-29.51767	-88.89639	LAX_RV_EPICARDIAL	11	1.0	12
1.98943	-29.50780	-91.68332	LAX_RV_EPICARDIAL	11	1.0	12
2.36774	-29.49792	-94.47024	LAX_RV_EPICARDIAL	11	1.0	12
2.74605	-29.48804	-97.25716	LAX_RV_EPICARDIAL	11	1.0	12
3.12436	-29.47816	-100.04409	LAX_RV_EPICARDIAL	11	1.0	12
3.50268	-29.46828	-102.83101	LAX_RV_EPICARDIAL	11	1.0	12
3.79557	-28.05476	-105.62455	LAX_RV_EPICARDIAL	11	1.0	12
4.08847	-26.64125	-108.41809	LAX_RV_EPICARDIAL	11	1.0	12
4.38136	-25.22773	-111.21164	LAX_RV_EPICARDIAL	11	1.0	12
4.21053	-22.42045	-111.22487	LAX_RV_EPICARDIAL	11	1.0	12
4.03970	-19.61317	-111.23811	LAX_RV_EPICARDIAL	11	1.0	12
3.67971	-16.81084	-109.85789	LAX_RV_EPICARDIAL	11	1.0	12
3.50888	-14.00356	-109.87113	LAX_RV_EPICARDIAL	11	1.0	12
3.14889	-11.20122	-108.49091	LAX_RV_EPICARDIAL	11	1.0	12
2.59975	-8.40382	-105.71722	LAX_RV_EPICARDIAL	11	1.0	12
2.23976	-5.60148	-104.33700	LAX_RV_EPICARDIAL	11	1.0	12
1.87977	-2.79915	-102.95678	LAX_RV_EPICARDIAL	11	1.0	12
1.51979	0.00319	-101.57655	LAX_RV_EPICARDIAL	11	1.0	12
0.97064	2.80059	-98.80287	LAX_RV_EPICARDIAL	11	1.0	12
0.42150	5.59799	-96.02919	LAX_RV_EPICARDIAL	11	1.0	12
-0.12765	8.39539	-93.25550	LAX_RV_EPICARDIAL	11	1.0	12
-0.40222	9.79409	-91.86866	LAX_RV_EPICARDIAL	11	1.0	12
-0.95136	12.59148	-89.09497	LAX_RV_EPICARDIAL	11	1.0	12
-1.24426	11.17797	-86.30143	LAX_RV_EPICARDIAL	11	1.0	12
-1.07343	8.37069	-86.28819	LAX_RV_EPICARDIAL	11	1.0	12
-0.90260	5.56341	-86.27495	LAX_RV_EPICARDIAL	11	1.0	12
-10.88531	-17.19117	-2.56135	PULMONARY_VALVE	11	1.0	12
-10.79368	-3.13009	-9.59485	PULMONARY_VALVE	11	1.0	12
