x	y	z	contour type	frameID	weight	time frame
-36.04595	-22.05874	-28.10286	SAX_RV_FREEWALL	2	1.0	17
-37.74252	-20.95398	-30.50886	SAX_RV_FREEWALL	2	1.0	17
-39.97021	-20.95398	-32.22571	SAX_RV_FREEWALL	2	1.0	17
-42.19789	-20.95398	-33.94256	SAX_RV_FREEWALL	2	1.0	17
-44.42558	-20.95398	-35.65940	SAX_RV_FREEWALL	2	1.0	17
-46.65327	-20.95399	-37.37625	SAX_RV_FREEWALL	2	1.0	17
-48.88096	-20.95399	-39.09309	SAX_RV_FREEWALL	2	1.0	17
-51.10865	-20.95399	-40.80994	SAX_RV_FREEWALL	2	1.0	17
-52.80522	-19.84922	-43.21594	SAX_RV_FREEWALL	2	1.0	17
-55.03290	-19.84923	-44.93279	SAX_RV_FREEWALL	2	1.0	17
-57.26059	-19.84923	-46.64963	SAX_RV_FREEWALL	2	1.0	17
-58.95716	-18.74446	-49.05563	SAX_RV_FREEWALL	2	1.0	17
-60.65373	-17.63970	-51.46164	SAX_RV_FREEWALL	2	1.0	17
-62.35029	-16.53493	-53.86764	SAX_RV_FREEWALL	2	1.0	17
-64.04686	-15.43016	-56.27364	SAX_RV_FREEWALL	2	1.0	17
-65.74343	-14.32540	-58.67964	SAX_RV_FREEWALL	2	1.0	17
-67.44000	-13.22063	-61.08565	SAX_RV_FREEWALL	2	1.0	17
-68.60544	-11.01110	-64.18080	SAX_RV_FREEWALL	2	1.0	17
-68.65705	-8.80156	-66.41754	SAX_RV_FREEWALL	2	1.0	17
-68.70865	-6.59203	-68.65428	SAX_RV_FREEWALL	2	1.0	17
-67.64641	-4.38249	-70.03259	SAX_RV_FREEWALL	2	1.0	17
-66.58416	-2.17295	-71.41090	SAX_RV_FREEWALL	2	1.0	17
-64.40808	0.03658	-71.93079	SAX_RV_FREEWALL	2	1.0	17
-63.34584	2.24612	-73.30911	SAX_RV_FREEWALL	2	1.0	17
-61.16975	4.45566	-73.82900	SAX_RV_FREEWALL	2	1.0	17
-58.99366	6.66520	-74.34889	SAX_RV_FREEWALL	2	1.0	17
-56.81758	8.87473	-74.86878	SAX_RV_FREEWALL	2	1.0	17
-53.52765	11.08427	-74.53025	SAX_RV_FREEWALL	2	1.0	17
-51.35156	13.29381	-75.05014	SAX_RV_FREEWALL	2	1.0	17
-48.06163	15.50335	-74.71161	SAX_RV_FREEWALL	2	1.0	17
-44.77170	17.71289	-74.37307	SAX_RV_FREEWALL	2	1.0	17
-41.48177	19.92243	-74.03454	SAX_RV_FREEWALL	2	1.0	17
-38.72296	21.02720	-73.00685	SAX_RV_FREEWALL	2	1.0	17
-35.96415	22.13197	-71.97916	SAX_RV_FREEWALL	2	1.0	17
-33.20534	23.23674	-70.95147	SAX_RV_FREEWALL	2	1.0	17
-30.97765	23.23674	-69.23463	SAX_RV_FREEWALL	2	1.0	17
-29.28109	22.13197	-66.82863	SAX_RV_FREEWALL	2	1.0	17
-27.58452	21.02721	-64.42262	SAX_RV_FREEWALL	2	1.0	17
10.27109	-2.17288	-12.17973	SAX_RV_FREEWALL	2	1.0	17
11.43653	-4.38241	-9.08457	SAX_RV_FREEWALL	2	1.0	17
11.48814	-6.59195	-6.84783	SAX_RV_FREEWALL	2	1.0	17
10.42589	-8.80148	-5.46952	SAX_RV_FREEWALL	2	1.0	17
7.13596	-11.01102	-5.80805	SAX_RV_FREEWALL	2	1.0	17
3.84603	-13.22056	-6.14659	SAX_RV_FREEWALL	2	1.0	17
1.08722	-14.32533	-7.17427	SAX_RV_FREEWALL	2	1.0	17
-2.20271	-16.53487	-7.51281	SAX_RV_FREEWALL	2	1.0	17
-4.96152	-17.63964	-8.54050	SAX_RV_FREEWALL	2	1.0	17
-7.18920	-17.63964	-10.25734	SAX_RV_FREEWALL	2	1.0	17
-9.94801	-18.74441	-11.28503	SAX_RV_FREEWALL	2	1.0	17
-12.70682	-19.84918	-12.31272	SAX_RV_FREEWALL	2	1.0	17
-14.93451	-19.84919	-14.02956	SAX_RV_FREEWALL	2	1.0	17
-17.69332	-20.95396	-15.05725	SAX_RV_FREEWALL	2	1.0	17
-19.92101	-20.95396	-16.77410	SAX_RV_FREEWALL	2	1.0	17
-22.67982	-22.05873	-17.80179	SAX_RV_FREEWALL	2	1.0	17
-24.90751	-22.05873	-19.51863	SAX_RV_FREEWALL	2	1.0	17
-27.13520	-22.05873	-21.23548	SAX_RV_FREEWALL	2	1.0	17
-29.36288	-22.05874	-22.95232	SAX_RV_FREEWALL	2	1.0	17
-31.59057	-22.05874	-24.66917	SAX_RV_FREEWALL	2	1.0	17
-33.81826	-22.05874	-26.38602	SAX_RV_FREEWALL	2	1.0	17
-42.67741	-24.26828	-31.01666	SAX_RV_EPICARDIAL	2	1.0	17
-44.37398	-23.16352	-33.42266	SAX_RV_EPICARDIAL	2	1.0	17
-46.60167	-23.16352	-35.13951	SAX_RV_EPICARDIAL	2	1.0	17
-48.82936	-23.16352	-36.85636	SAX_RV_EPICARDIAL	2	1.0	17
-51.05705	-23.16353	-38.57320	SAX_RV_EPICARDIAL	2	1.0	17
-53.28473	-23.16353	-40.29005	SAX_RV_EPICARDIAL	2	1.0	17
-54.98130	-22.05876	-42.69605	SAX_RV_EPICARDIAL	2	1.0	17
-57.20899	-22.05876	-44.41289	SAX_RV_EPICARDIAL	2	1.0	17
-59.43668	-22.05877	-46.12974	SAX_RV_EPICARDIAL	2	1.0	17
-61.13325	-20.95400	-48.53574	SAX_RV_EPICARDIAL	2	1.0	17
-63.36093	-20.95400	-50.25259	SAX_RV_EPICARDIAL	2	1.0	17
-64.52638	-18.74447	-53.34775	SAX_RV_EPICARDIAL	2	1.0	17
-66.22295	-17.63970	-55.75375	SAX_RV_EPICARDIAL	2	1.0	17
-67.91952	-16.53494	-58.15975	SAX_RV_EPICARDIAL	2	1.0	17
-69.08496	-14.32540	-61.25491	SAX_RV_EPICARDIAL	2	1.0	17
-70.25041	-12.11587	-64.35007	SAX_RV_EPICARDIAL	2	1.0	17
-70.30201	-9.90633	-66.58681	SAX_RV_EPICARDIAL	2	1.0	17
-70.35361	-7.69680	-68.82354	SAX_RV_EPICARDIAL	2	1.0	17
-69.29137	-5.48726	-70.20186	SAX_RV_EPICARDIAL	2	1.0	17
-69.34297	-3.27772	-72.43859	SAX_RV_EPICARDIAL	2	1.0	17
-67.16689	-1.06819	-72.95848	SAX_RV_EPICARDIAL	2	1.0	17
-66.10465	1.14135	-74.33680	SAX_RV_EPICARDIAL	2	1.0	17
-63.92856	3.35089	-74.85669	SAX_RV_EPICARDIAL	2	1.0	17
-61.75247	5.56043	-75.37658	SAX_RV_EPICARDIAL	2	1.0	17
-60.69023	7.76996	-76.75489	SAX_RV_EPICARDIAL	2	1.0	17
-58.51415	9.97950	-77.27478	SAX_RV_EPICARDIAL	2	1.0	17
-56.33806	12.18904	-77.79467	SAX_RV_EPICARDIAL	2	1.0	17
-53.04813	14.39858	-77.45614	SAX_RV_EPICARDIAL	2	1.0	17
-50.87204	16.60811	-77.97603	SAX_RV_EPICARDIAL	2	1.0	17
-47.58211	18.81765	-77.63750	SAX_RV_EPICARDIAL	2	1.0	17
-44.82330	19.92242	-76.60981	SAX_RV_EPICARDIAL	2	1.0	17
-41.53337	22.13196	-76.27128	SAX_RV_EPICARDIAL	2	1.0	17
-38.77456	23.23673	-75.24359	SAX_RV_EPICARDIAL	2	1.0	17
-36.01575	24.34150	-74.21590	SAX_RV_EPICARDIAL	2	1.0	17
-33.25694	25.44627	-73.18821	SAX_RV_EPICARDIAL	2	1.0	17
-31.02926	25.44628	-71.47137	SAX_RV_EPICARDIAL	2	1.0	17
-28.80157	25.44628	-69.75452	SAX_RV_EPICARDIAL	2	1.0	17
-26.57388	25.44628	-68.03767	SAX_RV_EPICARDIAL	2	1.0	17
-24.34619	25.44628	-66.32083	SAX_RV_EPICARDIAL	2	1.0	17
-25.35683	21.02721	-62.70578	SAX_RV_EPICARDIAL	2	1.0	17
13.13310	-5.48718	-6.67857	SAX_RV_EPICARDIAL	2	1.0	17
13.18470	-7.69671	-4.44183	SAX_RV_EPICARDIAL	2	1.0	17
12.12246	-9.90625	-3.06352	SAX_RV_EPICARDIAL	2	1.0	17
9.94638	-12.11579	-2.54363	SAX_RV_EPICARDIAL	2	1.0	17
6.65644	-14.32533	-2.88216	SAX_RV_EPICARDIAL	2	1.0	17
3.89764	-15.43010	-3.90985	SAX_RV_EPICARDIAL	2	1.0	17
0.60771	-17.63964	-4.24838	SAX_RV_EPICARDIAL	2	1.0	17
-2.15110	-18.74441	-5.27607	SAX_RV_EPICARDIAL	2	1.0	17
-4.90991	-19.84918	-6.30376	SAX_RV_EPICARDIAL	2	1.0	17
-7.13760	-19.84918	-8.02060	SAX_RV_EPICARDIAL	2	1.0	17
-9.89641	-20.95395	-9.04829	SAX_RV_EPICARDIAL	2	1.0	17
-12.12410	-20.95395	-10.76514	SAX_RV_EPICARDIAL	2	1.0	17
-14.88291	-22.05872	-11.79283	SAX_RV_EPICARDIAL	2	1.0	17
-17.11060	-22.05872	-13.50967	SAX_RV_EPICARDIAL	2	1.0	17
-19.86941	-23.16349	-14.53736	SAX_RV_EPICARDIAL	2	1.0	17
-22.09710	-23.16350	-16.25421	SAX_RV_EPICARDIAL	2	1.0	17
-24.85590	-24.26827	-17.28190	SAX_RV_EPICARDIAL	2	1.0	17
-27.08359	-24.26827	-18.99874	SAX_RV_EPICARDIAL	2	1.0	17
-29.31128	-24.26827	-20.71559	SAX_RV_EPICARDIAL	2	1.0	17
-31.53897	-24.26827	-22.43243	SAX_RV_EPICARDIAL	2	1.0	17
-33.76666	-24.26828	-24.14928	SAX_RV_EPICARDIAL	2	1.0	17
-35.99435	-24.26828	-25.86613	SAX_RV_EPICARDIAL	2	1.0	17
-38.22204	-24.26828	-27.58297	SAX_RV_EPICARDIAL	2	1.0	17
-40.44972	-24.26828	-29.29982	SAX_RV_EPICARDIAL	2	1.0	17
-25.35683	21.02721	-62.70578	SAX_RV_SEPTUM	2	1.0	17
-25.30523	18.81767	-60.46904	SAX_RV_SEPTUM	2	1.0	17
-25.25363	16.60814	-58.23231	SAX_RV_SEPTUM	2	1.0	17
-25.20202	14.39860	-55.99557	SAX_RV_SEPTUM	2	1.0	17
-26.26427	12.18907	-54.61726	SAX_RV_SEPTUM	2	1.0	17
-26.21266	9.97953	-52.38052	SAX_RV_SEPTUM	2	1.0	17
-26.16106	7.77000	-50.14378	SAX_RV_SEPTUM	2	1.0	17
-24.99561	5.56046	-47.04863	SAX_RV_SEPTUM	2	1.0	17
-23.83017	3.35093	-43.95347	SAX_RV_SEPTUM	2	1.0	17
-23.77857	1.14139	-41.71673	SAX_RV_SEPTUM	2	1.0	17
-22.61312	-1.06814	-38.62157	SAX_RV_SEPTUM	2	1.0	17
-21.44767	-3.27768	-35.52641	SAX_RV_SEPTUM	2	1.0	17
-20.28223	-5.48721	-32.43125	SAX_RV_SEPTUM	2	1.0	17
-18.58566	-6.59198	-30.02525	SAX_RV_SEPTUM	2	1.0	17
-16.35797	-6.59197	-28.30840	SAX_RV_SEPTUM	2	1.0	17
-14.13028	-6.59197	-26.59156	SAX_RV_SEPTUM	2	1.0	17
-11.90259	-6.59197	-24.87471	SAX_RV_SEPTUM	2	1.0	17
-9.67490	-6.59197	-23.15787	SAX_RV_SEPTUM	2	1.0	17
-6.91610	-5.48720	-22.13018	SAX_RV_SEPTUM	2	1.0	17
-4.68841	-5.48720	-20.41333	SAX_RV_SEPTUM	2	1.0	17
-1.92960	-4.38242	-19.38564	SAX_RV_SEPTUM	2	1.0	17
0.82921	-3.27765	-18.35796	SAX_RV_SEPTUM	2	1.0	17
3.58802	-2.17288	-17.33027	SAX_RV_SEPTUM	2	1.0	17
6.34683	-1.06811	-16.30258	SAX_RV_SEPTUM	2	1.0	17
9.10564	0.03666	-15.27489	SAX_RV_SEPTUM	2	1.0	17
10.21948	0.03666	-14.41647	SAX_RV_SEPTUM	2	1.0	17
-22.64962	24.34152	-63.91483	SAX_LV_EPICARDIAL	2	1.0	17
-21.58738	26.55105	-65.29314	SAX_LV_EPICARDIAL	2	1.0	17
-19.41130	28.76059	-65.81303	SAX_LV_EPICARDIAL	2	1.0	17
-18.34905	30.97013	-67.19134	SAX_LV_EPICARDIAL	2	1.0	17
-16.17297	33.17966	-67.71123	SAX_LV_EPICARDIAL	2	1.0	17
-13.99688	35.38920	-68.23113	SAX_LV_EPICARDIAL	2	1.0	17
-11.82080	37.59874	-68.75102	SAX_LV_EPICARDIAL	2	1.0	17
-8.53087	39.80828	-68.41248	SAX_LV_EPICARDIAL	2	1.0	17
-5.24094	42.01782	-68.07395	SAX_LV_EPICARDIAL	2	1.0	17
-2.48213	43.12259	-67.04626	SAX_LV_EPICARDIAL	2	1.0	17
0.27668	44.22736	-66.01857	SAX_LV_EPICARDIAL	2	1.0	17
3.56661	46.43690	-65.68004	SAX_LV_EPICARDIAL	2	1.0	17
6.32542	47.54167	-64.65235	SAX_LV_EPICARDIAL	2	1.0	17
8.55311	47.54167	-62.93551	SAX_LV_EPICARDIAL	2	1.0	17
11.31192	48.64644	-61.90782	SAX_LV_EPICARDIAL	2	1.0	17
14.07073	49.75121	-60.88013	SAX_LV_EPICARDIAL	2	1.0	17
16.29842	49.75121	-59.16328	SAX_LV_EPICARDIAL	2	1.0	17
18.52611	49.75122	-57.44644	SAX_LV_EPICARDIAL	2	1.0	17
20.75380	49.75122	-55.72959	SAX_LV_EPICARDIAL	2	1.0	17
22.98148	49.75122	-54.01275	SAX_LV_EPICARDIAL	2	1.0	17
25.20917	49.75122	-52.29590	SAX_LV_EPICARDIAL	2	1.0	17
27.43686	49.75122	-50.57906	SAX_LV_EPICARDIAL	2	1.0	17
29.13343	48.64646	-48.17305	SAX_LV_EPICARDIAL	2	1.0	17
30.83000	47.54169	-45.76705	SAX_LV_EPICARDIAL	2	1.0	17
32.52656	46.43693	-43.36105	SAX_LV_EPICARDIAL	2	1.0	17
33.69201	44.22739	-40.26589	SAX_LV_EPICARDIAL	2	1.0	17
35.38858	43.12263	-37.85989	SAX_LV_EPICARDIAL	2	1.0	17
36.55402	40.91309	-34.76473	SAX_LV_EPICARDIAL	2	1.0	17
37.71947	38.70356	-31.66957	SAX_LV_EPICARDIAL	2	1.0	17
37.77107	36.49402	-29.43283	SAX_LV_EPICARDIAL	2	1.0	17
38.93652	34.28449	-26.33767	SAX_LV_EPICARDIAL	2	1.0	17
38.98812	32.07495	-24.10094	SAX_LV_EPICARDIAL	2	1.0	17
39.03972	29.86542	-21.86420	SAX_LV_EPICARDIAL	2	1.0	17
37.97748	27.65588	-20.48589	SAX_LV_EPICARDIAL	2	1.0	17
38.02908	25.44634	-18.24915	SAX_LV_EPICARDIAL	2	1.0	17
36.96684	23.23681	-16.87084	SAX_LV_EPICARDIAL	2	1.0	17
35.90460	21.02727	-15.49252	SAX_LV_EPICARDIAL	2	1.0	17
33.72852	18.81773	-14.97263	SAX_LV_EPICARDIAL	2	1.0	17
32.66627	16.60820	-13.59432	SAX_LV_EPICARDIAL	2	1.0	17
31.60403	14.39866	-12.21601	SAX_LV_EPICARDIAL	2	1.0	17
29.42795	12.18912	-11.69612	SAX_LV_EPICARDIAL	2	1.0	17
26.13801	9.97958	-12.03465	SAX_LV_EPICARDIAL	2	1.0	17
22.84808	7.77005	-12.37318	SAX_LV_EPICARDIAL	2	1.0	17
19.55815	5.56051	-12.71171	SAX_LV_EPICARDIAL	2	1.0	17
16.79934	4.45574	-13.73940	SAX_LV_EPICARDIAL	2	1.0	17
14.04054	3.35097	-14.76709	SAX_LV_EPICARDIAL	2	1.0	17
-15.45054	2.24617	-36.39693	SAX_LV_ENDOCARDIAL	2	1.0	17
-17.14710	3.35093	-38.80293	SAX_LV_ENDOCARDIAL	2	1.0	17
-17.19870	5.56047	-41.03967	SAX_LV_ENDOCARDIAL	2	1.0	17
-18.36415	7.77000	-44.13482	SAX_LV_ENDOCARDIAL	2	1.0	17
-18.41575	9.97954	-46.37156	SAX_LV_ENDOCARDIAL	2	1.0	17
-18.46736	12.18908	-48.60830	SAX_LV_ENDOCARDIAL	2	1.0	17
-18.51896	14.39861	-50.84503	SAX_LV_ENDOCARDIAL	2	1.0	17
-18.57056	16.60815	-53.08177	SAX_LV_ENDOCARDIAL	2	1.0	17
-17.50832	18.81768	-54.46008	SAX_LV_ENDOCARDIAL	2	1.0	17
-17.55992	21.02722	-56.69682	SAX_LV_ENDOCARDIAL	2	1.0	17
-16.49768	23.23675	-58.07513	SAX_LV_ENDOCARDIAL	2	1.0	17
-15.43544	25.44629	-59.45345	SAX_LV_ENDOCARDIAL	2	1.0	17
-13.25935	27.65583	-59.97334	SAX_LV_ENDOCARDIAL	2	1.0	17
-11.08327	29.86537	-60.49323	SAX_LV_ENDOCARDIAL	2	1.0	17
-8.90718	32.07490	-61.01312	SAX_LV_ENDOCARDIAL	2	1.0	17
-6.73109	34.28444	-61.53301	SAX_LV_ENDOCARDIAL	2	1.0	17
-3.44116	36.49398	-61.19448	SAX_LV_ENDOCARDIAL	2	1.0	17
-0.15123	38.70352	-60.85594	SAX_LV_ENDOCARDIAL	2	1.0	17
2.60758	39.80829	-59.82826	SAX_LV_ENDOCARDIAL	2	1.0	17
5.36639	40.91306	-58.80057	SAX_LV_ENDOCARDIAL	2	1.0	17
8.12520	42.01783	-57.77288	SAX_LV_ENDOCARDIAL	2	1.0	17
10.35288	42.01783	-56.05603	SAX_LV_ENDOCARDIAL	2	1.0	17
13.11169	43.12260	-55.02834	SAX_LV_ENDOCARDIAL	2	1.0	17
15.33938	43.12261	-53.31150	SAX_LV_ENDOCARDIAL	2	1.0	17
17.56707	43.12261	-51.59465	SAX_LV_ENDOCARDIAL	2	1.0	17
19.79476	43.12261	-49.87781	SAX_LV_ENDOCARDIAL	2	1.0	17
22.02245	43.12261	-48.16096	SAX_LV_ENDOCARDIAL	2	1.0	17
23.71901	42.01785	-45.75496	SAX_LV_ENDOCARDIAL	2	1.0	17
25.94670	42.01785	-44.03811	SAX_LV_ENDOCARDIAL	2	1.0	17
27.11215	39.80831	-40.94295	SAX_LV_ENDOCARDIAL	2	1.0	17
28.80872	38.70355	-38.53695	SAX_LV_ENDOCARDIAL	2	1.0	17
29.97416	36.49401	-35.44179	SAX_LV_ENDOCARDIAL	2	1.0	17
31.13961	34.28448	-32.34663	SAX_LV_ENDOCARDIAL	2	1.0	17
32.30506	32.07495	-29.25147	SAX_LV_ENDOCARDIAL	2	1.0	17
32.35666	29.86541	-27.01474	SAX_LV_ENDOCARDIAL	2	1.0	17
32.40826	27.65587	-24.77800	SAX_LV_ENDOCARDIAL	2	1.0	17
32.45986	25.44634	-22.54127	SAX_LV_ENDOCARDIAL	2	1.0	17
31.39762	23.23680	-21.16295	SAX_LV_ENDOCARDIAL	2	1.0	17
30.33538	21.02727	-19.78464	SAX_LV_ENDOCARDIAL	2	1.0	17
28.15929	18.81773	-19.26475	SAX_LV_ENDOCARDIAL	2	1.0	17
25.98321	16.60819	-18.74486	SAX_LV_ENDOCARDIAL	2	1.0	17
23.80712	14.39865	-18.22497	SAX_LV_ENDOCARDIAL	2	1.0	17
20.51719	12.18911	-18.56350	SAX_LV_ENDOCARDIAL	2	1.0	17
17.75838	11.08434	-19.59119	SAX_LV_ENDOCARDIAL	2	1.0	17
15.53069	11.08434	-21.30803	SAX_LV_ENDOCARDIAL	2	1.0	17
12.77188	9.97957	-22.33572	SAX_LV_ENDOCARDIAL	2	1.0	17
10.01308	8.87480	-23.36341	SAX_LV_ENDOCARDIAL	2	1.0	17
7.25427	7.77003	-24.39110	SAX_LV_ENDOCARDIAL	2	1.0	17
4.49546	6.66526	-25.41879	SAX_LV_ENDOCARDIAL	2	1.0	17
1.73665	5.56049	-26.44648	SAX_LV_ENDOCARDIAL	2	1.0	17
-1.02216	4.45572	-27.47417	SAX_LV_ENDOCARDIAL	2	1.0	17
-3.24985	4.45572	-29.19101	SAX_LV_ENDOCARDIAL	2	1.0	17
-6.00866	3.35095	-30.21870	SAX_LV_ENDOCARDIAL	2	1.0	17
-8.76747	2.24618	-31.24639	SAX_LV_ENDOCARDIAL	2	1.0	17
-10.99516	2.24617	-32.96324	SAX_LV_ENDOCARDIAL	2	1.0	17
-13.22285	2.24617	-34.68008	SAX_LV_ENDOCARDIAL	2	1.0	17
10.21948	0.03666	-14.41647	RV_INSERT	2	1.0	17
-27.58452	21.02721	-64.42262	RV_INSERT	2	1.0	17
-47.70935	-28.59119	-59.04194	SAX_RV_FREEWALL	3	1.0	17
-49.40592	-27.48643	-61.44795	SAX_RV_FREEWALL	3	1.0	17
-51.10249	-26.38166	-63.85395	SAX_RV_FREEWALL	3	1.0	17
-52.79905	-25.27689	-66.25995	SAX_RV_FREEWALL	3	1.0	17
-54.49562	-24.17213	-68.66595	SAX_RV_FREEWALL	3	1.0	17
-55.66107	-21.96259	-71.76111	SAX_RV_FREEWALL	3	1.0	17
-57.35763	-20.85783	-74.16712	SAX_RV_FREEWALL	3	1.0	17
-58.52308	-18.64829	-77.26227	SAX_RV_FREEWALL	3	1.0	17
-59.68853	-16.43876	-80.35743	SAX_RV_FREEWALL	3	1.0	17
-59.74013	-14.22922	-82.59417	SAX_RV_FREEWALL	3	1.0	17
-58.67789	-12.01969	-83.97248	SAX_RV_FREEWALL	3	1.0	17
-56.50180	-9.81015	-84.49237	SAX_RV_FREEWALL	3	1.0	17
-54.32572	-7.60061	-85.01226	SAX_RV_FREEWALL	3	1.0	17
-51.03579	-5.39107	-84.67373	SAX_RV_FREEWALL	3	1.0	17
-48.85970	-3.18153	-85.19362	SAX_RV_FREEWALL	3	1.0	17
-45.56977	-0.97200	-84.85509	SAX_RV_FREEWALL	3	1.0	17
-42.27984	1.23754	-84.51656	SAX_RV_FREEWALL	3	1.0	17
-38.98991	3.44708	-84.17803	SAX_RV_FREEWALL	3	1.0	17
-35.69998	5.65662	-83.83949	SAX_RV_FREEWALL	3	1.0	17
-32.41005	7.86616	-83.50096	SAX_RV_FREEWALL	3	1.0	17
-29.65124	8.97093	-82.47327	SAX_RV_FREEWALL	3	1.0	17
-26.36131	11.18047	-82.13474	SAX_RV_FREEWALL	3	1.0	17
-23.60250	12.28524	-81.10705	SAX_RV_FREEWALL	3	1.0	17
-20.84369	13.39001	-80.07936	SAX_RV_FREEWALL	3	1.0	17
-18.08488	14.49478	-79.05167	SAX_RV_FREEWALL	3	1.0	17
6.61101	-17.54346	-28.16291	SAX_RV_FREEWALL	3	1.0	17
4.38332	-17.54346	-29.87975	SAX_RV_FREEWALL	3	1.0	17
1.62451	-18.64823	-30.90744	SAX_RV_FREEWALL	3	1.0	17
-0.60318	-18.64823	-32.62429	SAX_RV_FREEWALL	3	1.0	17
-3.36199	-19.75301	-33.65198	SAX_RV_FREEWALL	3	1.0	17
-6.65192	-21.96254	-33.99051	SAX_RV_FREEWALL	3	1.0	17
-9.94185	-24.17208	-34.32904	SAX_RV_FREEWALL	3	1.0	17
-12.70066	-25.27685	-35.35673	SAX_RV_FREEWALL	3	1.0	17
-15.45947	-26.38162	-36.38442	SAX_RV_FREEWALL	3	1.0	17
-18.21828	-27.48639	-37.41211	SAX_RV_FREEWALL	3	1.0	17
-20.44597	-27.48640	-39.12895	SAX_RV_FREEWALL	3	1.0	17
-23.20478	-28.59117	-40.15664	SAX_RV_FREEWALL	3	1.0	17
-25.43247	-28.59117	-41.87349	SAX_RV_FREEWALL	3	1.0	17
-27.66015	-28.59117	-43.59033	SAX_RV_FREEWALL	3	1.0	17
-29.88784	-28.59117	-45.30718	SAX_RV_FREEWALL	3	1.0	17
-32.11553	-28.59118	-47.02403	SAX_RV_FREEWALL	3	1.0	17
-34.34322	-28.59118	-48.74087	SAX_RV_FREEWALL	3	1.0	17
-36.57091	-28.59118	-50.45772	SAX_RV_FREEWALL	3	1.0	17
-38.79860	-28.59118	-52.17456	SAX_RV_FREEWALL	3	1.0	17
-41.02628	-28.59118	-53.89141	SAX_RV_FREEWALL	3	1.0	17
-43.25397	-28.59119	-55.60825	SAX_RV_FREEWALL	3	1.0	17
-45.48166	-28.59119	-57.32510	SAX_RV_FREEWALL	3	1.0	17
-47.07502	-31.90549	-55.25763	SAX_RV_EPICARDIAL	3	1.0	17
-48.77159	-30.80073	-57.66363	SAX_RV_EPICARDIAL	3	1.0	17
-50.99928	-30.80073	-59.38048	SAX_RV_EPICARDIAL	3	1.0	17
-52.69585	-29.69596	-61.78648	SAX_RV_EPICARDIAL	3	1.0	17
-53.86129	-27.48643	-64.88164	SAX_RV_EPICARDIAL	3	1.0	17
-55.55786	-26.38166	-67.28764	SAX_RV_EPICARDIAL	3	1.0	17
-57.25443	-25.27690	-69.69364	SAX_RV_EPICARDIAL	3	1.0	17
-58.41988	-23.06736	-72.78880	SAX_RV_EPICARDIAL	3	1.0	17
-60.11644	-21.96260	-75.19480	SAX_RV_EPICARDIAL	3	1.0	17
-61.28189	-19.75306	-78.28996	SAX_RV_EPICARDIAL	3	1.0	17
-62.44734	-17.54353	-81.38512	SAX_RV_EPICARDIAL	3	1.0	17
-61.38509	-15.33399	-82.76344	SAX_RV_EPICARDIAL	3	1.0	17
-61.43670	-13.12446	-85.00017	SAX_RV_EPICARDIAL	3	1.0	17
-59.26061	-10.91492	-85.52006	SAX_RV_EPICARDIAL	3	1.0	17
-58.19837	-8.70538	-86.89838	SAX_RV_EPICARDIAL	3	1.0	17
-56.02228	-6.49584	-87.41827	SAX_RV_EPICARDIAL	3	1.0	17
-53.84620	-4.28631	-87.93816	SAX_RV_EPICARDIAL	3	1.0	17
-50.55627	-2.07677	-87.59963	SAX_RV_EPICARDIAL	3	1.0	17
-47.26634	0.13277	-87.26109	SAX_RV_EPICARDIAL	3	1.0	17
-43.97641	2.34231	-86.92256	SAX_RV_EPICARDIAL	3	1.0	17
-40.68648	4.55185	-86.58403	SAX_RV_EPICARDIAL	3	1.0	17
-37.39655	6.76139	-86.24550	SAX_RV_EPICARDIAL	3	1.0	17
-34.10661	8.97093	-85.90696	SAX_RV_EPICARDIAL	3	1.0	17
-30.81668	11.18046	-85.56843	SAX_RV_EPICARDIAL	3	1.0	17
-28.05788	12.28523	-84.54074	SAX_RV_EPICARDIAL	3	1.0	17
-24.76794	14.49477	-84.20221	SAX_RV_EPICARDIAL	3	1.0	17
-22.00914	15.59954	-83.17452	SAX_RV_EPICARDIAL	3	1.0	17
-19.25033	16.70431	-82.14683	SAX_RV_EPICARDIAL	3	1.0	17
-16.49152	17.80909	-81.11914	SAX_RV_EPICARDIAL	3	1.0	17
-13.73271	18.91386	-80.09146	SAX_RV_EPICARDIAL	3	1.0	17
-14.74335	14.49478	-76.47641	SAX_RV_EPICARDIAL	3	1.0	17
9.90094	-15.33392	-27.82438	SAX_RV_EPICARDIAL	3	1.0	17
12.12862	-15.33392	-26.10753	SAX_RV_EPICARDIAL	3	1.0	17
8.83869	-17.54346	-26.44606	SAX_RV_EPICARDIAL	3	1.0	17
5.54876	-19.75300	-26.78459	SAX_RV_EPICARDIAL	3	1.0	17
3.32107	-19.75300	-28.50144	SAX_RV_EPICARDIAL	3	1.0	17
0.56227	-20.85777	-29.52913	SAX_RV_EPICARDIAL	3	1.0	17
-2.19654	-21.96254	-30.55682	SAX_RV_EPICARDIAL	3	1.0	17
-5.48647	-24.17208	-30.89535	SAX_RV_EPICARDIAL	3	1.0	17
-8.77640	-26.38162	-31.23388	SAX_RV_EPICARDIAL	3	1.0	17
-11.53521	-27.48639	-32.26157	SAX_RV_EPICARDIAL	3	1.0	17
-14.82514	-29.69593	-32.60010	SAX_RV_EPICARDIAL	3	1.0	17
-17.58395	-30.80070	-33.62779	SAX_RV_EPICARDIAL	3	1.0	17
-19.81164	-30.80070	-35.34464	SAX_RV_EPICARDIAL	3	1.0	17
-22.57045	-31.90547	-36.37233	SAX_RV_EPICARDIAL	3	1.0	17
-24.79814	-31.90547	-38.08917	SAX_RV_EPICARDIAL	3	1.0	17
-27.02583	-31.90547	-39.80602	SAX_RV_EPICARDIAL	3	1.0	17
-29.25352	-31.90548	-41.52286	SAX_RV_EPICARDIAL	3	1.0	17
-31.48121	-31.90548	-43.23971	SAX_RV_EPICARDIAL	3	1.0	17
-33.70889	-31.90548	-44.95656	SAX_RV_EPICARDIAL	3	1.0	17
-35.93658	-31.90548	-46.67340	SAX_RV_EPICARDIAL	3	1.0	17
-38.16427	-31.90549	-48.39025	SAX_RV_EPICARDIAL	3	1.0	17
-40.39196	-31.90549	-50.10709	SAX_RV_EPICARDIAL	3	1.0	17
-42.61965	-31.90549	-51.82394	SAX_RV_EPICARDIAL	3	1.0	17
-44.84734	-31.90549	-53.54078	SAX_RV_EPICARDIAL	3	1.0	17
-15.85719	14.49478	-77.33483	SAX_RV_SEPTUM	3	1.0	17
-14.69174	12.28525	-74.23967	SAX_RV_SEPTUM	3	1.0	17
-15.75399	10.07571	-72.86136	SAX_RV_SEPTUM	3	1.0	17
-15.70238	7.86618	-70.62462	SAX_RV_SEPTUM	3	1.0	17
-15.65078	5.65664	-68.38788	SAX_RV_SEPTUM	3	1.0	17
-15.59918	3.44711	-66.15115	SAX_RV_SEPTUM	3	1.0	17
-15.54758	1.23757	-63.91441	SAX_RV_SEPTUM	3	1.0	17
-15.49597	-0.97197	-61.67767	SAX_RV_SEPTUM	3	1.0	17
-14.33053	-3.18150	-58.58252	SAX_RV_SEPTUM	3	1.0	17
-14.27893	-5.39104	-56.34578	SAX_RV_SEPTUM	3	1.0	17
-13.11348	-7.60057	-53.25062	SAX_RV_SEPTUM	3	1.0	17
-11.41691	-8.70534	-50.84462	SAX_RV_SEPTUM	3	1.0	17
-10.25147	-10.91487	-47.74946	SAX_RV_SEPTUM	3	1.0	17
-8.55490	-12.01964	-45.34346	SAX_RV_SEPTUM	3	1.0	17
-6.85833	-13.12440	-42.93745	SAX_RV_SEPTUM	3	1.0	17
-4.63064	-13.12440	-41.22061	SAX_RV_SEPTUM	3	1.0	17
-2.93407	-14.22917	-38.81461	SAX_RV_SEPTUM	3	1.0	17
-0.70639	-14.22916	-37.09776	SAX_RV_SEPTUM	3	1.0	17
1.52130	-14.22916	-35.38092	SAX_RV_SEPTUM	3	1.0	17
3.74899	-14.22916	-33.66407	SAX_RV_SEPTUM	3	1.0	17
5.44556	-15.33393	-31.25807	SAX_RV_SEPTUM	3	1.0	17
7.67325	-15.33392	-29.54122	SAX_RV_SEPTUM	3	1.0	17
9.90094	-15.33392	-27.82438	SAX_RV_SEPTUM	3	1.0	17
-11.45342	16.70432	-76.13787	SAX_LV_EPICARDIAL	3	1.0	17
-10.39117	18.91386	-77.51619	SAX_LV_EPICARDIAL	3	1.0	17
-9.32893	21.12340	-78.89450	SAX_LV_EPICARDIAL	3	1.0	17
-7.15285	23.33293	-79.41439	SAX_LV_EPICARDIAL	3	1.0	17
-4.97676	25.54247	-79.93428	SAX_LV_EPICARDIAL	3	1.0	17
-1.68683	27.75201	-79.59575	SAX_LV_EPICARDIAL	3	1.0	17
1.60310	29.96155	-79.25722	SAX_LV_EPICARDIAL	3	1.0	17
4.89303	32.17109	-78.91869	SAX_LV_EPICARDIAL	3	1.0	17
7.65184	33.27586	-77.89100	SAX_LV_EPICARDIAL	3	1.0	17
10.94177	35.48540	-77.55246	SAX_LV_EPICARDIAL	3	1.0	17
13.70058	36.59017	-76.52478	SAX_LV_EPICARDIAL	3	1.0	17
16.45939	37.69494	-75.49709	SAX_LV_EPICARDIAL	3	1.0	17
19.21820	38.79971	-74.46940	SAX_LV_EPICARDIAL	3	1.0	17
21.97701	39.90448	-73.44171	SAX_LV_EPICARDIAL	3	1.0	17
24.73582	41.00925	-72.41402	SAX_LV_EPICARDIAL	3	1.0	17
26.96351	41.00925	-70.69717	SAX_LV_EPICARDIAL	3	1.0	17
29.19119	41.00925	-68.98033	SAX_LV_EPICARDIAL	3	1.0	17
31.41888	41.00926	-67.26348	SAX_LV_EPICARDIAL	3	1.0	17
33.64657	41.00926	-65.54664	SAX_LV_EPICARDIAL	3	1.0	17
35.87426	41.00926	-63.82979	SAX_LV_EPICARDIAL	3	1.0	17
38.10195	41.00926	-62.11295	SAX_LV_EPICARDIAL	3	1.0	17
39.79851	39.90450	-59.70694	SAX_LV_EPICARDIAL	3	1.0	17
42.02620	39.90450	-57.99010	SAX_LV_EPICARDIAL	3	1.0	17
43.72277	38.79973	-55.58410	SAX_LV_EPICARDIAL	3	1.0	17
44.88822	36.59020	-52.48894	SAX_LV_EPICARDIAL	3	1.0	17
46.58478	35.48543	-50.08293	SAX_LV_EPICARDIAL	3	1.0	17
47.75023	33.27590	-46.98777	SAX_LV_EPICARDIAL	3	1.0	17
48.91568	31.06636	-43.89262	SAX_LV_EPICARDIAL	3	1.0	17
50.08112	28.85683	-40.79746	SAX_LV_EPICARDIAL	3	1.0	17
50.13273	26.64729	-38.56072	SAX_LV_EPICARDIAL	3	1.0	17
50.18433	24.43776	-36.32398	SAX_LV_EPICARDIAL	3	1.0	17
50.23593	22.22822	-34.08725	SAX_LV_EPICARDIAL	3	1.0	17
50.28753	20.01869	-31.85051	SAX_LV_EPICARDIAL	3	1.0	17
49.22529	17.80915	-30.47220	SAX_LV_EPICARDIAL	3	1.0	17
49.27689	15.59961	-28.23546	SAX_LV_EPICARDIAL	3	1.0	17
48.21465	13.39008	-26.85715	SAX_LV_EPICARDIAL	3	1.0	17
47.15241	11.18054	-25.47884	SAX_LV_EPICARDIAL	3	1.0	17
46.09017	8.97101	-24.10052	SAX_LV_EPICARDIAL	3	1.0	17
43.91408	6.76147	-23.58063	SAX_LV_EPICARDIAL	3	1.0	17
42.85184	4.55193	-22.20232	SAX_LV_EPICARDIAL	3	1.0	17
40.67575	2.34239	-21.68243	SAX_LV_EPICARDIAL	3	1.0	17
39.61351	0.13286	-20.30411	SAX_LV_EPICARDIAL	3	1.0	17
37.43743	-2.07668	-19.78422	SAX_LV_EPICARDIAL	3	1.0	17
35.26134	-4.28622	-19.26433	SAX_LV_EPICARDIAL	3	1.0	17
31.97141	-6.49576	-19.60286	SAX_LV_EPICARDIAL	3	1.0	17
28.68148	-8.70530	-19.94140	SAX_LV_EPICARDIAL	3	1.0	17
25.92267	-9.81007	-20.96909	SAX_LV_EPICARDIAL	3	1.0	17
23.16386	-10.91484	-21.99677	SAX_LV_EPICARDIAL	3	1.0	17
20.40505	-12.01961	-23.02446	SAX_LV_EPICARDIAL	3	1.0	17
17.64624	-13.12438	-24.05215	SAX_LV_EPICARDIAL	3	1.0	17
14.88743	-14.22915	-25.07984	SAX_LV_EPICARDIAL	3	1.0	17
11.39109	-7.60055	-34.36532	SAX_LV_ENDOCARDIAL	3	1.0	17
9.69453	-6.49578	-36.77132	SAX_LV_ENDOCARDIAL	3	1.0	17
7.46684	-6.49578	-38.48817	SAX_LV_ENDOCARDIAL	3	1.0	17
5.77027	-5.39102	-40.89417	SAX_LV_ENDOCARDIAL	3	1.0	17
3.54258	-5.39102	-42.61101	SAX_LV_ENDOCARDIAL	3	1.0	17
1.84601	-4.28625	-45.01702	SAX_LV_ENDOCARDIAL	3	1.0	17
0.14945	-3.18149	-47.42302	SAX_LV_ENDOCARDIAL	3	1.0	17
-1.54712	-2.07672	-49.82902	SAX_LV_ENDOCARDIAL	3	1.0	17
-2.71257	0.13281	-52.92418	SAX_LV_ENDOCARDIAL	3	1.0	17
-3.87801	2.34235	-56.01934	SAX_LV_ENDOCARDIAL	3	1.0	17
-5.04346	4.55188	-59.11450	SAX_LV_ENDOCARDIAL	3	1.0	17
-6.20891	6.76142	-62.20966	SAX_LV_ENDOCARDIAL	3	1.0	17
-6.26051	8.97095	-64.44639	SAX_LV_ENDOCARDIAL	3	1.0	17
-6.31211	11.18049	-66.68313	SAX_LV_ENDOCARDIAL	3	1.0	17
-5.24987	13.39003	-68.06144	SAX_LV_ENDOCARDIAL	3	1.0	17
-4.18763	15.59956	-69.43976	SAX_LV_ENDOCARDIAL	3	1.0	17
-3.12539	17.80910	-70.81807	SAX_LV_ENDOCARDIAL	3	1.0	17
-0.94930	20.01864	-71.33796	SAX_LV_ENDOCARDIAL	3	1.0	17
1.22679	22.22817	-71.85785	SAX_LV_ENDOCARDIAL	3	1.0	17
3.40287	24.43771	-72.37774	SAX_LV_ENDOCARDIAL	3	1.0	17
5.57896	26.64725	-72.89763	SAX_LV_ENDOCARDIAL	3	1.0	17
8.86889	28.85679	-72.55910	SAX_LV_ENDOCARDIAL	3	1.0	17
11.62770	29.96156	-71.53141	SAX_LV_ENDOCARDIAL	3	1.0	17
14.38651	31.06633	-70.50372	SAX_LV_ENDOCARDIAL	3	1.0	17
17.14532	32.17110	-69.47603	SAX_LV_ENDOCARDIAL	3	1.0	17
19.90413	33.27587	-68.44835	SAX_LV_ENDOCARDIAL	3	1.0	17
22.13181	33.27587	-66.73150	SAX_LV_ENDOCARDIAL	3	1.0	17
24.89062	34.38064	-65.70381	SAX_LV_ENDOCARDIAL	3	1.0	17
27.11831	34.38064	-63.98697	SAX_LV_ENDOCARDIAL	3	1.0	17
29.34600	34.38065	-62.27012	SAX_LV_ENDOCARDIAL	3	1.0	17
31.57369	34.38065	-60.55327	SAX_LV_ENDOCARDIAL	3	1.0	17
33.80138	34.38065	-58.83643	SAX_LV_ENDOCARDIAL	3	1.0	17
36.02907	34.38065	-57.11958	SAX_LV_ENDOCARDIAL	3	1.0	17
37.72563	33.27589	-54.71358	SAX_LV_ENDOCARDIAL	3	1.0	17
39.42220	32.17112	-52.30758	SAX_LV_ENDOCARDIAL	3	1.0	17
41.11877	31.06636	-49.90158	SAX_LV_ENDOCARDIAL	3	1.0	17
42.28422	28.85682	-46.80642	SAX_LV_ENDOCARDIAL	3	1.0	17
43.44966	26.64729	-43.71126	SAX_LV_ENDOCARDIAL	3	1.0	17
44.61511	24.43775	-40.61610	SAX_LV_ENDOCARDIAL	3	1.0	17
44.66671	22.22822	-38.37936	SAX_LV_ENDOCARDIAL	3	1.0	17
44.71831	20.01868	-36.14263	SAX_LV_ENDOCARDIAL	3	1.0	17
44.76992	17.80915	-33.90589	SAX_LV_ENDOCARDIAL	3	1.0	17
43.70767	15.59961	-32.52758	SAX_LV_ENDOCARDIAL	3	1.0	17
42.64543	13.39007	-31.14926	SAX_LV_ENDOCARDIAL	3	1.0	17
41.58319	11.18054	-29.77095	SAX_LV_ENDOCARDIAL	3	1.0	17
40.52095	8.97100	-28.39264	SAX_LV_ENDOCARDIAL	3	1.0	17
39.45871	6.76146	-27.01432	SAX_LV_ENDOCARDIAL	3	1.0	17
37.28262	4.55193	-26.49443	SAX_LV_ENDOCARDIAL	3	1.0	17
36.22038	2.34239	-25.11612	SAX_LV_ENDOCARDIAL	3	1.0	17
34.04429	0.13285	-24.59623	SAX_LV_ENDOCARDIAL	3	1.0	17
31.86821	-2.07669	-24.07634	SAX_LV_ENDOCARDIAL	3	1.0	17
29.10940	-3.18146	-25.10403	SAX_LV_ENDOCARDIAL	3	1.0	17
26.35059	-4.28623	-26.13171	SAX_LV_ENDOCARDIAL	3	1.0	17
23.59178	-5.39100	-27.15940	SAX_LV_ENDOCARDIAL	3	1.0	17
20.83297	-6.49577	-28.18709	SAX_LV_ENDOCARDIAL	3	1.0	17
18.60528	-6.49577	-29.90394	SAX_LV_ENDOCARDIAL	3	1.0	17
15.84647	-7.60054	-30.93163	SAX_LV_ENDOCARDIAL	3	1.0	17
13.61878	-7.60054	-32.64847	SAX_LV_ENDOCARDIAL	3	1.0	17
9.90094	-15.33392	-27.82438	RV_INSERT	3	1.0	17
-15.85719	14.49478	-77.33483	RV_INSERT	3	1.0	17
-38.84504	-31.80882	-77.45481	SAX_RV_FREEWALL	4	1.0	17
-40.54160	-30.70405	-79.86081	SAX_RV_FREEWALL	4	1.0	17
-42.23817	-29.59928	-82.26681	SAX_RV_FREEWALL	4	1.0	17
-43.93474	-28.49452	-84.67282	SAX_RV_FREEWALL	4	1.0	17
-45.10019	-26.28498	-87.76798	SAX_RV_FREEWALL	4	1.0	17
-46.26563	-24.07545	-90.86314	SAX_RV_FREEWALL	4	1.0	17
-46.31723	-21.86591	-93.09987	SAX_RV_FREEWALL	4	1.0	17
-45.25499	-19.65638	-94.47818	SAX_RV_FREEWALL	4	1.0	17
-43.07891	-17.44684	-94.99808	SAX_RV_FREEWALL	4	1.0	17
-40.32010	-16.34207	-93.97039	SAX_RV_FREEWALL	4	1.0	17
-37.03017	-14.13253	-93.63185	SAX_RV_FREEWALL	4	1.0	17
-34.27136	-13.02776	-92.60417	SAX_RV_FREEWALL	4	1.0	17
-30.98143	-10.81822	-92.26563	SAX_RV_FREEWALL	4	1.0	17
-27.69150	-8.60868	-91.92710	SAX_RV_FREEWALL	4	1.0	17
-24.93269	-7.50391	-90.89941	SAX_RV_FREEWALL	4	1.0	17
-21.64276	-5.29437	-90.56088	SAX_RV_FREEWALL	4	1.0	17
-18.35283	-3.08483	-90.22235	SAX_RV_FREEWALL	4	1.0	17
-15.06290	-0.87530	-89.88382	SAX_RV_FREEWALL	4	1.0	17
-11.77297	1.33424	-89.54528	SAX_RV_FREEWALL	4	1.0	17
-9.01416	2.43901	-88.51759	SAX_RV_FREEWALL	4	1.0	17
-6.25535	3.54378	-87.48991	SAX_RV_FREEWALL	4	1.0	17
-3.49654	4.64855	-86.46222	SAX_RV_FREEWALL	4	1.0	17
2.74351	-24.07540	-53.09253	SAX_RV_FREEWALL	4	1.0	17
-0.01530	-25.18017	-54.12022	SAX_RV_FREEWALL	4	1.0	17
-2.77410	-26.28494	-55.14791	SAX_RV_FREEWALL	4	1.0	17
-5.00179	-26.28494	-56.86476	SAX_RV_FREEWALL	4	1.0	17
-7.76060	-27.38972	-57.89244	SAX_RV_FREEWALL	4	1.0	17
-9.98829	-27.38972	-59.60929	SAX_RV_FREEWALL	4	1.0	17
-12.74710	-28.49449	-60.63698	SAX_RV_FREEWALL	4	1.0	17
-15.50591	-29.59926	-61.66467	SAX_RV_FREEWALL	4	1.0	17
-18.26472	-30.70403	-62.69236	SAX_RV_FREEWALL	4	1.0	17
-20.49241	-30.70403	-64.40920	SAX_RV_FREEWALL	4	1.0	17
-23.25122	-31.80880	-65.43689	SAX_RV_FREEWALL	4	1.0	17
-25.47891	-31.80880	-67.15374	SAX_RV_FREEWALL	4	1.0	17
-27.70659	-31.80881	-68.87058	SAX_RV_FREEWALL	4	1.0	17
-29.93428	-31.80881	-70.58743	SAX_RV_FREEWALL	4	1.0	17
-32.16197	-31.80881	-72.30427	SAX_RV_FREEWALL	4	1.0	17
-34.38966	-31.80881	-74.02112	SAX_RV_FREEWALL	4	1.0	17
-36.61735	-31.80881	-75.73796	SAX_RV_FREEWALL	4	1.0	17
-37.09687	-35.12312	-72.81207	SAX_RV_EPICARDIAL	4	1.0	17
-38.79343	-34.01835	-75.21807	SAX_RV_EPICARDIAL	4	1.0	17
-41.02112	-34.01835	-76.93492	SAX_RV_EPICARDIAL	4	1.0	17
-42.71769	-32.91359	-79.34092	SAX_RV_EPICARDIAL	4	1.0	17
-44.41426	-31.80882	-81.74692	SAX_RV_EPICARDIAL	4	1.0	17
-46.11082	-30.70406	-84.15293	SAX_RV_EPICARDIAL	4	1.0	17
-47.27627	-28.49452	-87.24809	SAX_RV_EPICARDIAL	4	1.0	17
-48.44172	-26.28499	-90.34324	SAX_RV_EPICARDIAL	4	1.0	17
-48.49332	-24.07545	-92.57998	SAX_RV_EPICARDIAL	4	1.0	17
-48.54492	-21.86592	-94.81672	SAX_RV_EPICARDIAL	4	1.0	17
-47.48268	-19.65638	-96.19503	SAX_RV_EPICARDIAL	4	1.0	17
-45.30659	-17.44684	-96.71492	SAX_RV_EPICARDIAL	4	1.0	17
-43.13051	-15.23730	-97.23481	SAX_RV_EPICARDIAL	4	1.0	17
-39.84058	-13.02777	-96.89628	SAX_RV_EPICARDIAL	4	1.0	17
-37.08177	-11.92300	-95.86859	SAX_RV_EPICARDIAL	4	1.0	17
-33.79184	-9.71346	-95.53006	SAX_RV_EPICARDIAL	4	1.0	17
-30.50191	-7.50392	-95.19153	SAX_RV_EPICARDIAL	4	1.0	17
-27.21198	-5.29438	-94.85299	SAX_RV_EPICARDIAL	4	1.0	17
-24.45317	-4.18961	-93.82531	SAX_RV_EPICARDIAL	4	1.0	17
-21.16324	-1.98007	-93.48677	SAX_RV_EPICARDIAL	4	1.0	17
-17.87331	0.22947	-93.14824	SAX_RV_EPICARDIAL	4	1.0	17
-15.11450	1.33424	-92.12055	SAX_RV_EPICARDIAL	4	1.0	17
-11.82457	3.54378	-91.78202	SAX_RV_EPICARDIAL	4	1.0	17
-9.06576	4.64855	-90.75433	SAX_RV_EPICARDIAL	4	1.0	17
-6.30695	5.75332	-89.72664	SAX_RV_EPICARDIAL	4	1.0	17
-3.54814	6.85809	-88.69895	SAX_RV_EPICARDIAL	4	1.0	17
-0.78933	7.96286	-87.67126	SAX_RV_EPICARDIAL	4	1.0	17
-1.26885	4.64856	-84.74537	SAX_RV_EPICARDIAL	4	1.0	17
6.03344	-21.86586	-52.75400	SAX_RV_EPICARDIAL	4	1.0	17
7.73001	-22.97063	-50.34800	SAX_RV_EPICARDIAL	4	1.0	17
7.73001	-22.97063	-50.34800	SAX_RV_EPICARDIAL	4	1.0	17
4.44008	-25.18017	-50.68653	SAX_RV_EPICARDIAL	4	1.0	17
1.15015	-27.38971	-51.02506	SAX_RV_EPICARDIAL	4	1.0	17
-1.07754	-27.38971	-52.74191	SAX_RV_EPICARDIAL	4	1.0	17
-3.83635	-28.49448	-53.76960	SAX_RV_EPICARDIAL	4	1.0	17
-6.06404	-28.49448	-55.48644	SAX_RV_EPICARDIAL	4	1.0	17
-8.82284	-29.59925	-56.51413	SAX_RV_EPICARDIAL	4	1.0	17
-11.58165	-30.70402	-57.54182	SAX_RV_EPICARDIAL	4	1.0	17
-14.34046	-31.80879	-58.56951	SAX_RV_EPICARDIAL	4	1.0	17
-17.09927	-32.91356	-59.59720	SAX_RV_EPICARDIAL	4	1.0	17
-19.85808	-34.01833	-60.62489	SAX_RV_EPICARDIAL	4	1.0	17
-22.08577	-34.01834	-62.34173	SAX_RV_EPICARDIAL	4	1.0	17
-24.84458	-35.12311	-63.36942	SAX_RV_EPICARDIAL	4	1.0	17
-27.07227	-35.12311	-65.08627	SAX_RV_EPICARDIAL	4	1.0	17
-29.29996	-35.12311	-66.80311	SAX_RV_EPICARDIAL	4	1.0	17
-31.52765	-35.12311	-68.51996	SAX_RV_EPICARDIAL	4	1.0	17
-33.75533	-35.12312	-70.23680	SAX_RV_EPICARDIAL	4	1.0	17
-35.98302	-35.12312	-71.95365	SAX_RV_EPICARDIAL	4	1.0	17
-1.26885	4.64856	-84.74537	SAX_RV_SEPTUM	4	1.0	17
-2.33109	2.43902	-83.36706	SAX_RV_SEPTUM	4	1.0	17
-3.39333	0.22948	-81.98874	SAX_RV_SEPTUM	4	1.0	17
-4.45557	-1.98005	-80.61043	SAX_RV_SEPTUM	4	1.0	17
-5.51782	-4.18959	-79.23212	SAX_RV_SEPTUM	4	1.0	17
-5.46621	-6.39913	-76.99538	SAX_RV_SEPTUM	4	1.0	17
-5.41461	-8.60866	-74.75864	SAX_RV_SEPTUM	4	1.0	17
-5.36301	-10.81820	-72.52191	SAX_RV_SEPTUM	4	1.0	17
-5.31141	-13.02773	-70.28517	SAX_RV_SEPTUM	4	1.0	17
-4.14596	-15.23727	-67.19001	SAX_RV_SEPTUM	4	1.0	17
-2.44939	-16.34203	-64.78401	SAX_RV_SEPTUM	4	1.0	17
-1.28395	-18.55157	-61.68885	SAX_RV_SEPTUM	4	1.0	17
0.41262	-19.65633	-59.28285	SAX_RV_SEPTUM	4	1.0	17
2.10919	-20.76110	-56.87685	SAX_RV_SEPTUM	4	1.0	17
3.80576	-21.86586	-54.47084	SAX_RV_SEPTUM	4	1.0	17
6.03344	-21.86586	-52.75400	SAX_RV_SEPTUM	4	1.0	17
1.43836	7.96286	-85.95442	SAX_LV_EPICARDIAL	4	1.0	17
3.61444	10.17240	-86.47431	SAX_LV_EPICARDIAL	4	1.0	17
5.79053	12.38194	-86.99420	SAX_LV_EPICARDIAL	4	1.0	17
7.96662	14.59148	-87.51409	SAX_LV_EPICARDIAL	4	1.0	17
10.14270	16.80101	-88.03398	SAX_LV_EPICARDIAL	4	1.0	17
13.43263	19.01055	-87.69545	SAX_LV_EPICARDIAL	4	1.0	17
16.72256	21.22009	-87.35692	SAX_LV_EPICARDIAL	4	1.0	17
20.01249	23.42963	-87.01838	SAX_LV_EPICARDIAL	4	1.0	17
22.77130	24.53440	-85.99070	SAX_LV_EPICARDIAL	4	1.0	17
26.06123	26.74394	-85.65216	SAX_LV_EPICARDIAL	4	1.0	17
28.28892	26.74394	-83.93532	SAX_LV_EPICARDIAL	4	1.0	17
30.51661	26.74394	-82.21847	SAX_LV_EPICARDIAL	4	1.0	17
32.74430	26.74395	-80.50163	SAX_LV_EPICARDIAL	4	1.0	17
35.50311	27.84872	-79.47394	SAX_LV_EPICARDIAL	4	1.0	17
37.73080	27.84872	-77.75709	SAX_LV_EPICARDIAL	4	1.0	17
39.95848	27.84872	-76.04025	SAX_LV_EPICARDIAL	4	1.0	17
41.65505	26.74395	-73.63424	SAX_LV_EPICARDIAL	4	1.0	17
43.88274	26.74396	-71.91740	SAX_LV_EPICARDIAL	4	1.0	17
46.11043	26.74396	-70.20055	SAX_LV_EPICARDIAL	4	1.0	17
47.80700	25.63919	-67.79455	SAX_LV_EPICARDIAL	4	1.0	17
49.50356	24.53443	-65.38855	SAX_LV_EPICARDIAL	4	1.0	17
51.20013	23.42966	-62.98255	SAX_LV_EPICARDIAL	4	1.0	17
52.36558	21.22013	-59.88739	SAX_LV_EPICARDIAL	4	1.0	17
54.06215	20.11536	-57.48138	SAX_LV_EPICARDIAL	4	1.0	17
54.11375	17.90582	-55.24465	SAX_LV_EPICARDIAL	4	1.0	17
54.16535	15.69629	-53.00791	SAX_LV_EPICARDIAL	4	1.0	17
55.33080	13.48675	-49.91275	SAX_LV_EPICARDIAL	4	1.0	17
55.38240	11.27722	-47.67602	SAX_LV_EPICARDIAL	4	1.0	17
54.32016	9.06768	-46.29770	SAX_LV_EPICARDIAL	4	1.0	17
53.25792	6.85815	-44.91939	SAX_LV_EPICARDIAL	4	1.0	17
52.19567	4.64861	-43.54108	SAX_LV_EPICARDIAL	4	1.0	17
51.13343	2.43907	-42.16276	SAX_LV_EPICARDIAL	4	1.0	17
50.07119	0.22954	-40.78445	SAX_LV_EPICARDIAL	4	1.0	17
49.00895	-1.98000	-39.40614	SAX_LV_EPICARDIAL	4	1.0	17
47.94671	-4.18954	-38.02782	SAX_LV_EPICARDIAL	4	1.0	17
45.77062	-6.39907	-37.50793	SAX_LV_EPICARDIAL	4	1.0	17
44.70838	-8.60861	-36.12962	SAX_LV_EPICARDIAL	4	1.0	17
42.53229	-10.81815	-35.60973	SAX_LV_EPICARDIAL	4	1.0	17
39.24236	-13.02769	-35.94826	SAX_LV_EPICARDIAL	4	1.0	17
35.95243	-15.23723	-36.28679	SAX_LV_EPICARDIAL	4	1.0	17
33.19362	-16.34200	-37.31448	SAX_LV_EPICARDIAL	4	1.0	17
30.43481	-17.44677	-38.34217	SAX_LV_EPICARDIAL	4	1.0	17
27.14488	-19.65631	-38.68070	SAX_LV_EPICARDIAL	4	1.0	17
24.38607	-20.76108	-39.70839	SAX_LV_EPICARDIAL	4	1.0	17
22.15838	-20.76108	-41.42524	SAX_LV_EPICARDIAL	4	1.0	17
19.39957	-21.86585	-42.45293	SAX_LV_EPICARDIAL	4	1.0	17
17.17189	-21.86585	-44.16977	SAX_LV_EPICARDIAL	4	1.0	17
14.94420	-21.86585	-45.88662	SAX_LV_EPICARDIAL	4	1.0	17
12.71651	-21.86586	-47.60346	SAX_LV_EPICARDIAL	4	1.0	17
10.48882	-21.86586	-49.32031	SAX_LV_EPICARDIAL	4	1.0	17
13.67555	-15.23725	-53.45525	SAX_LV_ENDOCARDIAL	4	1.0	17
11.97898	-14.13248	-55.86125	SAX_LV_ENDOCARDIAL	4	1.0	17
9.75129	-14.13248	-57.57810	SAX_LV_ENDOCARDIAL	4	1.0	17
8.05472	-13.02772	-59.98410	SAX_LV_ENDOCARDIAL	4	1.0	17
6.35816	-11.92295	-62.39010	SAX_LV_ENDOCARDIAL	4	1.0	17
4.66159	-10.81819	-64.79610	SAX_LV_ENDOCARDIAL	4	1.0	17
3.49614	-8.60865	-67.89126	SAX_LV_ENDOCARDIAL	4	1.0	17
3.44454	-6.39912	-70.12800	SAX_LV_ENDOCARDIAL	4	1.0	17
3.39294	-4.18958	-72.36474	SAX_LV_ENDOCARDIAL	4	1.0	17
3.34133	-1.98005	-74.60147	SAX_LV_ENDOCARDIAL	4	1.0	17
4.40358	0.22949	-75.97978	SAX_LV_ENDOCARDIAL	4	1.0	17
5.46582	2.43903	-77.35810	SAX_LV_ENDOCARDIAL	4	1.0	17
6.52806	4.64856	-78.73641	SAX_LV_ENDOCARDIAL	4	1.0	17
7.59030	6.85810	-80.11472	SAX_LV_ENDOCARDIAL	4	1.0	17
8.65254	9.06764	-81.49304	SAX_LV_ENDOCARDIAL	4	1.0	17
10.82863	11.27717	-82.01293	SAX_LV_ENDOCARDIAL	4	1.0	17
13.00472	13.48671	-82.53282	SAX_LV_ENDOCARDIAL	4	1.0	17
16.29465	15.69625	-82.19429	SAX_LV_ENDOCARDIAL	4	1.0	17
19.58458	17.90579	-81.85576	SAX_LV_ENDOCARDIAL	4	1.0	17
22.34339	19.01056	-80.82807	SAX_LV_ENDOCARDIAL	4	1.0	17
25.10220	20.11533	-79.80038	SAX_LV_ENDOCARDIAL	4	1.0	17
27.32988	20.11533	-78.08353	SAX_LV_ENDOCARDIAL	4	1.0	17
29.55757	20.11534	-76.36669	SAX_LV_ENDOCARDIAL	4	1.0	17
32.31638	21.22011	-75.33900	SAX_LV_ENDOCARDIAL	4	1.0	17
34.54407	21.22011	-73.62215	SAX_LV_ENDOCARDIAL	4	1.0	17
36.77176	21.22011	-71.90531	SAX_LV_ENDOCARDIAL	4	1.0	17
38.99945	21.22011	-70.18846	SAX_LV_ENDOCARDIAL	4	1.0	17
41.22714	21.22011	-68.47161	SAX_LV_ENDOCARDIAL	4	1.0	17
42.92370	20.11535	-66.06561	SAX_LV_ENDOCARDIAL	4	1.0	17
45.15139	20.11535	-64.34877	SAX_LV_ENDOCARDIAL	4	1.0	17
46.31684	17.90582	-61.25361	SAX_LV_ENDOCARDIAL	4	1.0	17
48.01341	16.80105	-58.84761	SAX_LV_ENDOCARDIAL	4	1.0	17
49.17885	14.59152	-55.75245	SAX_LV_ENDOCARDIAL	4	1.0	17
49.23045	12.38198	-53.51571	SAX_LV_ENDOCARDIAL	4	1.0	17
49.28206	10.17245	-51.27897	SAX_LV_ENDOCARDIAL	4	1.0	17
49.33366	7.96291	-49.04224	SAX_LV_ENDOCARDIAL	4	1.0	17
48.27142	5.75337	-47.66392	SAX_LV_ENDOCARDIAL	4	1.0	17
47.20918	3.54384	-46.28561	SAX_LV_ENDOCARDIAL	4	1.0	17
46.14693	1.33430	-44.90730	SAX_LV_ENDOCARDIAL	4	1.0	17
43.97085	-0.87524	-44.38741	SAX_LV_ENDOCARDIAL	4	1.0	17
41.79476	-3.08478	-43.86752	SAX_LV_ENDOCARDIAL	4	1.0	17
40.73252	-5.29431	-42.48920	SAX_LV_ENDOCARDIAL	4	1.0	17
37.44259	-7.50385	-42.82773	SAX_LV_ENDOCARDIAL	4	1.0	17
35.26650	-9.71339	-42.30784	SAX_LV_ENDOCARDIAL	4	1.0	17
32.50769	-10.81816	-43.33553	SAX_LV_ENDOCARDIAL	4	1.0	17
29.21776	-13.02770	-43.67407	SAX_LV_ENDOCARDIAL	4	1.0	17
26.45895	-14.13247	-44.70175	SAX_LV_ENDOCARDIAL	4	1.0	17
24.23127	-14.13247	-46.41860	SAX_LV_ENDOCARDIAL	4	1.0	17
21.47246	-15.23724	-47.44629	SAX_LV_ENDOCARDIAL	4	1.0	17
19.24477	-15.23724	-49.16313	SAX_LV_ENDOCARDIAL	4	1.0	17
17.01708	-15.23725	-50.87998	SAX_LV_ENDOCARDIAL	4	1.0	17
14.78939	-15.23725	-52.59683	SAX_LV_ENDOCARDIAL	4	1.0	17
-3.49654	4.64855	-86.46222	RV_INSERT	4	1.0	17
2.74351	-24.07540	-53.09253	RV_INSERT	4	1.0	17
-18.94548	-30.60736	-91.75742	SAX_RV_FREEWALL	5	1.0	17
-20.64205	-29.50259	-94.16342	SAX_RV_FREEWALL	5	1.0	17
-22.86974	-29.50260	-95.88027	SAX_RV_FREEWALL	5	1.0	17
-23.45246	-28.39783	-97.42785	SAX_RV_FREEWALL	5	1.0	17
-23.50407	-26.18829	-99.66458	SAX_RV_FREEWALL	5	1.0	17
-20.21414	-23.97876	-99.32605	SAX_RV_FREEWALL	5	1.0	17
-18.03805	-21.76922	-99.84594	SAX_RV_FREEWALL	5	1.0	17
-14.74812	-19.55968	-99.50741	SAX_RV_FREEWALL	5	1.0	17
-11.45819	-17.35014	-99.16888	SAX_RV_FREEWALL	5	1.0	17
-8.16826	-15.14060	-98.83035	SAX_RV_FREEWALL	5	1.0	17
-4.87833	-12.93106	-98.49181	SAX_RV_FREEWALL	5	1.0	17
-1.58840	-10.72152	-98.15328	SAX_RV_FREEWALL	5	1.0	17
1.70153	-8.51198	-97.81475	SAX_RV_FREEWALL	5	1.0	17
4.46034	-7.40721	-96.78706	SAX_RV_FREEWALL	5	1.0	17
7.21915	-6.30244	-95.75937	SAX_RV_FREEWALL	5	1.0	17
9.97796	-5.19767	-94.73168	SAX_RV_FREEWALL	5	1.0	17
8.74581	-23.97873	-77.00706	SAX_RV_FREEWALL	5	1.0	17
5.98700	-25.08350	-78.03475	SAX_RV_FREEWALL	5	1.0	17
3.75932	-25.08350	-79.75159	SAX_RV_FREEWALL	5	1.0	17
1.00051	-26.18827	-80.77928	SAX_RV_FREEWALL	5	1.0	17
-1.75830	-27.29304	-81.80697	SAX_RV_FREEWALL	5	1.0	17
-3.98599	-27.29304	-83.52382	SAX_RV_FREEWALL	5	1.0	17
-6.74480	-28.39781	-84.55151	SAX_RV_FREEWALL	5	1.0	17
-9.50361	-29.50258	-85.57919	SAX_RV_FREEWALL	5	1.0	17
-12.26242	-30.60735	-86.60688	SAX_RV_FREEWALL	5	1.0	17
-14.49011	-30.60736	-88.32373	SAX_RV_FREEWALL	5	1.0	17
-16.71780	-30.60736	-90.04057	SAX_RV_FREEWALL	5	1.0	17
-21.65269	-33.92167	-90.54837	SAX_RV_EPICARDIAL	5	1.0	17
-23.34926	-32.81690	-92.95437	SAX_RV_EPICARDIAL	5	1.0	17
-25.04583	-31.71213	-95.36038	SAX_RV_EPICARDIAL	5	1.0	17
-26.74239	-30.60737	-97.76638	SAX_RV_EPICARDIAL	5	1.0	17
-27.32512	-29.50260	-99.31396	SAX_RV_EPICARDIAL	5	1.0	17
-26.26288	-27.29306	-100.69227	SAX_RV_EPICARDIAL	5	1.0	17
-25.20063	-25.08353	-102.07059	SAX_RV_EPICARDIAL	5	1.0	17
-21.91070	-22.87399	-101.73205	SAX_RV_EPICARDIAL	5	1.0	17
-19.73462	-20.66445	-102.25194	SAX_RV_EPICARDIAL	5	1.0	17
-16.44469	-18.45491	-101.91341	SAX_RV_EPICARDIAL	5	1.0	17
-13.15476	-16.24537	-101.57488	SAX_RV_EPICARDIAL	5	1.0	17
-9.86483	-14.03583	-101.23635	SAX_RV_EPICARDIAL	5	1.0	17
-6.57490	-11.82630	-100.89782	SAX_RV_EPICARDIAL	5	1.0	17
-3.28497	-9.61676	-100.55928	SAX_RV_EPICARDIAL	5	1.0	17
-0.52616	-8.51199	-99.53159	SAX_RV_EPICARDIAL	5	1.0	17
2.76377	-6.30245	-99.19306	SAX_RV_EPICARDIAL	5	1.0	17
5.52258	-5.19768	-98.16537	SAX_RV_EPICARDIAL	5	1.0	17
8.28139	-4.09291	-97.13768	SAX_RV_EPICARDIAL	5	1.0	17
11.04020	-2.98814	-96.11000	SAX_RV_EPICARDIAL	5	1.0	17
13.79901	-1.88337	-95.08231	SAX_RV_EPICARDIAL	5	1.0	17
14.38173	-2.98813	-93.53473	SAX_RV_EPICARDIAL	5	1.0	17
12.20565	-5.19767	-93.01484	SAX_RV_EPICARDIAL	5	1.0	17
12.61847	-22.87395	-75.12095	SAX_RV_EPICARDIAL	5	1.0	17
13.25279	-26.18826	-71.33663	SAX_RV_EPICARDIAL	5	1.0	17
11.02510	-26.18826	-73.05348	SAX_RV_EPICARDIAL	5	1.0	17
8.26630	-27.29303	-74.08117	SAX_RV_EPICARDIAL	5	1.0	17
6.03861	-27.29303	-75.79801	SAX_RV_EPICARDIAL	5	1.0	17
3.27980	-28.39780	-76.82570	SAX_RV_EPICARDIAL	5	1.0	17
1.05211	-28.39780	-78.54255	SAX_RV_EPICARDIAL	5	1.0	17
-1.17558	-28.39781	-80.25939	SAX_RV_EPICARDIAL	5	1.0	17
-3.93439	-29.50258	-81.28708	SAX_RV_EPICARDIAL	5	1.0	17
-6.69320	-30.60735	-82.31477	SAX_RV_EPICARDIAL	5	1.0	17
-9.45201	-31.71212	-83.34246	SAX_RV_EPICARDIAL	5	1.0	17
-12.21082	-32.81689	-84.37015	SAX_RV_EPICARDIAL	5	1.0	17
-14.43851	-32.81689	-86.08699	SAX_RV_EPICARDIAL	5	1.0	17
-16.66619	-32.81689	-87.80384	SAX_RV_EPICARDIAL	5	1.0	17
-18.89388	-32.81690	-89.52068	SAX_RV_EPICARDIAL	5	1.0	17
12.20565	-5.19767	-93.01484	SAX_RV_SEPTUM	5	1.0	17
11.14341	-7.40721	-91.63652	SAX_RV_SEPTUM	5	1.0	17
10.08116	-9.61674	-90.25821	SAX_RV_SEPTUM	5	1.0	17
10.13277	-11.82628	-88.02147	SAX_RV_SEPTUM	5	1.0	17
9.07053	-14.03582	-86.64316	SAX_RV_SEPTUM	5	1.0	17
9.12213	-16.24535	-84.40642	SAX_RV_SEPTUM	5	1.0	17
10.28757	-18.45489	-81.31126	SAX_RV_SEPTUM	5	1.0	17
11.45302	-20.66442	-78.21611	SAX_RV_SEPTUM	5	1.0	17
12.61847	-22.87395	-75.12095	SAX_RV_SEPTUM	5	1.0	17
10.97350	-23.97872	-75.29021	SAX_RV_SEPTUM	5	1.0	17
23.27739	-26.18825	-63.61083	SAX_LV_EPICARDIAL	5	1.0	17
21.58082	-25.08348	-66.01683	SAX_LV_EPICARDIAL	5	1.0	17
19.35313	-25.08348	-67.73367	SAX_LV_EPICARDIAL	5	1.0	17
17.65657	-23.97872	-70.13968	SAX_LV_EPICARDIAL	5	1.0	17
15.42888	-23.97872	-71.85652	SAX_LV_EPICARDIAL	5	1.0	17
17.67167	-0.77859	-93.19620	SAX_LV_EPICARDIAL	5	1.0	17
20.96160	1.43094	-92.85766	SAX_LV_EPICARDIAL	5	1.0	17
24.25153	3.64048	-92.51913	SAX_LV_EPICARDIAL	5	1.0	17
27.54146	5.85002	-92.18060	SAX_LV_EPICARDIAL	5	1.0	17
30.30027	6.95479	-91.15291	SAX_LV_EPICARDIAL	5	1.0	17
33.05907	8.05956	-90.12522	SAX_LV_EPICARDIAL	5	1.0	17
35.28676	8.05956	-88.40838	SAX_LV_EPICARDIAL	5	1.0	17
38.04557	9.16434	-87.38069	SAX_LV_EPICARDIAL	5	1.0	17
40.27326	9.16434	-85.66384	SAX_LV_EPICARDIAL	5	1.0	17
42.50095	9.16434	-83.94699	SAX_LV_EPICARDIAL	5	1.0	17
44.19752	8.05957	-81.54099	SAX_LV_EPICARDIAL	5	1.0	17
46.42521	8.05958	-79.82415	SAX_LV_EPICARDIAL	5	1.0	17
48.65289	8.05958	-78.10730	SAX_LV_EPICARDIAL	5	1.0	17
50.34946	6.95481	-75.70130	SAX_LV_EPICARDIAL	5	1.0	17
52.57715	6.95481	-73.98445	SAX_LV_EPICARDIAL	5	1.0	17
53.74260	4.74528	-70.88929	SAX_LV_EPICARDIAL	5	1.0	17
54.90804	2.53575	-67.79414	SAX_LV_EPICARDIAL	5	1.0	17
56.07349	0.32621	-64.69898	SAX_LV_EPICARDIAL	5	1.0	17
56.12509	-1.88332	-62.46224	SAX_LV_EPICARDIAL	5	1.0	17
55.06285	-4.09286	-61.08393	SAX_LV_EPICARDIAL	5	1.0	17
54.00061	-6.30240	-59.70561	SAX_LV_EPICARDIAL	5	1.0	17
54.05221	-8.51193	-57.46888	SAX_LV_EPICARDIAL	5	1.0	17
51.87612	-10.72147	-56.94899	SAX_LV_EPICARDIAL	5	1.0	17
50.81388	-12.93101	-55.57067	SAX_LV_EPICARDIAL	5	1.0	17
48.63780	-15.14054	-55.05078	SAX_LV_EPICARDIAL	5	1.0	17
46.46171	-17.35008	-54.53089	SAX_LV_EPICARDIAL	5	1.0	17
44.28562	-19.55962	-54.01100	SAX_LV_EPICARDIAL	5	1.0	17
41.52681	-20.66439	-55.03869	SAX_LV_EPICARDIAL	5	1.0	17
38.23688	-22.87393	-55.37722	SAX_LV_EPICARDIAL	5	1.0	17
35.47808	-23.97870	-56.40491	SAX_LV_EPICARDIAL	5	1.0	17
32.71927	-25.08347	-57.43260	SAX_LV_EPICARDIAL	5	1.0	17
30.49158	-25.08347	-59.14945	SAX_LV_EPICARDIAL	5	1.0	17
28.26389	-25.08347	-60.86629	SAX_LV_EPICARDIAL	5	1.0	17
25.50508	-26.18825	-61.89398	SAX_LV_EPICARDIAL	5	1.0	17
23.12258	-19.55964	-70.32103	SAX_LV_ENDOCARDIAL	5	1.0	17
21.42602	-18.45487	-72.72704	SAX_LV_ENDOCARDIAL	5	1.0	17
19.72945	-17.35011	-75.13304	SAX_LV_ENDOCARDIAL	5	1.0	17
18.03288	-16.24534	-77.53904	SAX_LV_ENDOCARDIAL	5	1.0	17
16.86743	-14.03581	-80.63420	SAX_LV_ENDOCARDIAL	5	1.0	17
16.81583	-11.82627	-82.87094	SAX_LV_ENDOCARDIAL	5	1.0	17
16.76423	-9.61674	-85.10767	SAX_LV_ENDOCARDIAL	5	1.0	17
17.82647	-7.40720	-86.48599	SAX_LV_ENDOCARDIAL	5	1.0	17
18.88871	-5.19766	-87.86430	SAX_LV_ENDOCARDIAL	5	1.0	17
21.06480	-2.98813	-88.38419	SAX_LV_ENDOCARDIAL	5	1.0	17
24.35473	-0.77859	-88.04566	SAX_LV_ENDOCARDIAL	5	1.0	17
27.64466	1.43095	-87.70713	SAX_LV_ENDOCARDIAL	5	1.0	17
30.40347	2.53572	-86.67944	SAX_LV_ENDOCARDIAL	5	1.0	17
33.16228	3.64049	-85.65175	SAX_LV_ENDOCARDIAL	5	1.0	17
35.38997	3.64049	-83.93490	SAX_LV_ENDOCARDIAL	5	1.0	17
37.61766	3.64050	-82.21806	SAX_LV_ENDOCARDIAL	5	1.0	17
39.84534	3.64050	-80.50121	SAX_LV_ENDOCARDIAL	5	1.0	17
42.07303	3.64050	-78.78437	SAX_LV_ENDOCARDIAL	5	1.0	17
44.30072	3.64050	-77.06752	SAX_LV_ENDOCARDIAL	5	1.0	17
45.99729	2.53574	-74.66152	SAX_LV_ENDOCARDIAL	5	1.0	17
47.69386	1.43097	-72.25552	SAX_LV_ENDOCARDIAL	5	1.0	17
49.39042	0.32620	-69.84951	SAX_LV_ENDOCARDIAL	5	1.0	17
49.44203	-1.88333	-67.61278	SAX_LV_ENDOCARDIAL	5	1.0	17
49.49363	-4.09287	-65.37604	SAX_LV_ENDOCARDIAL	5	1.0	17
48.43139	-6.30240	-63.99773	SAX_LV_ENDOCARDIAL	5	1.0	17
47.36914	-8.51194	-62.61941	SAX_LV_ENDOCARDIAL	5	1.0	17
46.30690	-10.72148	-61.24110	SAX_LV_ENDOCARDIAL	5	1.0	17
44.13082	-12.93101	-60.72121	SAX_LV_ENDOCARDIAL	5	1.0	17
40.84089	-15.14055	-61.05974	SAX_LV_ENDOCARDIAL	5	1.0	17
37.55096	-17.35009	-61.39827	SAX_LV_ENDOCARDIAL	5	1.0	17
34.79215	-18.45486	-62.42596	SAX_LV_ENDOCARDIAL	5	1.0	17
32.03334	-19.55963	-63.45365	SAX_LV_ENDOCARDIAL	5	1.0	17
29.80565	-19.55963	-65.17050	SAX_LV_ENDOCARDIAL	5	1.0	17
27.57796	-19.55964	-66.88734	SAX_LV_ENDOCARDIAL	5	1.0	17
25.35027	-19.55964	-68.60419	SAX_LV_ENDOCARDIAL	5	1.0	17
9.97796	-5.19767	-94.73168	RV_INSERT	5	1.0	17
10.97350	-23.97872	-75.29021	RV_INSERT	5	1.0	17
7.58653	-27.19736	-103.14623	SAX_RV_FREEWALL	6	1.0	17
6.42108	-24.98783	-106.24139	SAX_RV_FREEWALL	6	1.0	17
7.48333	-22.77829	-107.61970	SAX_RV_FREEWALL	6	1.0	17
9.65941	-20.56875	-108.13959	SAX_RV_FREEWALL	6	1.0	17
12.41822	-19.46398	-107.11190	SAX_RV_FREEWALL	6	1.0	17
15.17703	-18.35921	-106.08421	SAX_RV_FREEWALL	6	1.0	17
17.93584	-17.25444	-105.05653	SAX_RV_FREEWALL	6	1.0	17
20.69465	-16.14967	-104.02884	SAX_RV_FREEWALL	6	1.0	17
17.61113	-27.19735	-95.42042	SAX_RV_FREEWALL	6	1.0	17
15.38344	-27.19735	-97.13727	SAX_RV_FREEWALL	6	1.0	17
13.15575	-27.19736	-98.85412	SAX_RV_FREEWALL	6	1.0	17
10.92806	-27.19736	-100.57096	SAX_RV_FREEWALL	6	1.0	17
8.70037	-27.19736	-102.28781	SAX_RV_FREEWALL	6	1.0	17
5.41044	-29.40690	-102.62634	SAX_RV_EPICARDIAL	6	1.0	17
3.71388	-28.30213	-105.03234	SAX_RV_EPICARDIAL	6	1.0	17
3.66227	-26.09260	-107.26908	SAX_RV_EPICARDIAL	6	1.0	17
3.61067	-23.88306	-109.50581	SAX_RV_EPICARDIAL	6	1.0	17
5.78676	-21.67352	-110.02570	SAX_RV_EPICARDIAL	6	1.0	17
9.07669	-19.46399	-109.68717	SAX_RV_EPICARDIAL	6	1.0	17
12.36662	-17.25445	-109.34864	SAX_RV_EPICARDIAL	6	1.0	17
15.12543	-16.14968	-108.32095	SAX_RV_EPICARDIAL	6	1.0	17
17.35312	-16.14967	-106.60411	SAX_RV_EPICARDIAL	6	1.0	17
20.11193	-15.04490	-105.57642	SAX_RV_EPICARDIAL	6	1.0	17
22.87073	-13.94013	-104.54873	SAX_RV_EPICARDIAL	6	1.0	17
22.06650	-27.19735	-91.98673	SAX_RV_EPICARDIAL	6	1.0	17
20.42154	-28.30212	-92.15600	SAX_RV_EPICARDIAL	6	1.0	17
18.19385	-28.30212	-93.87284	SAX_RV_EPICARDIAL	6	1.0	17
15.43504	-29.40689	-94.90053	SAX_RV_EPICARDIAL	6	1.0	17
13.20735	-29.40689	-96.61738	SAX_RV_EPICARDIAL	6	1.0	17
10.97966	-29.40689	-98.33422	SAX_RV_EPICARDIAL	6	1.0	17
8.75198	-29.40690	-100.05107	SAX_RV_EPICARDIAL	6	1.0	17
6.52429	-29.40690	-101.76792	SAX_RV_EPICARDIAL	6	1.0	17
23.45346	-15.04490	-103.00115	SAX_RV_SEPTUM	6	1.0	17
22.39122	-17.25444	-101.62283	SAX_RV_SEPTUM	6	1.0	17
21.32897	-19.46397	-100.24452	SAX_RV_SEPTUM	6	1.0	17
21.38058	-21.67351	-98.00778	SAX_RV_SEPTUM	6	1.0	17
21.43218	-23.88304	-95.77105	SAX_RV_SEPTUM	6	1.0	17
20.36994	-26.09258	-94.39273	SAX_RV_SEPTUM	6	1.0	17
29.38390	-30.51164	-83.05188	SAX_LV_EPICARDIAL	6	1.0	17
27.68733	-29.40688	-85.45788	SAX_LV_EPICARDIAL	6	1.0	17
25.45964	-29.40688	-87.17473	SAX_LV_EPICARDIAL	6	1.0	17
23.76307	-28.30211	-89.58073	SAX_LV_EPICARDIAL	6	1.0	17
30.03332	-10.62582	-102.32408	SAX_LV_EPICARDIAL	6	1.0	17
32.79213	-9.52105	-101.29639	SAX_LV_EPICARDIAL	6	1.0	17
35.55094	-8.41628	-100.26871	SAX_LV_EPICARDIAL	6	1.0	17
38.30975	-7.31151	-99.24102	SAX_LV_EPICARDIAL	6	1.0	17
41.06856	-6.20674	-98.21333	SAX_LV_EPICARDIAL	6	1.0	17
43.29624	-6.20674	-96.49648	SAX_LV_EPICARDIAL	6	1.0	17
45.52393	-6.20674	-94.77964	SAX_LV_EPICARDIAL	6	1.0	17
47.22050	-7.31150	-92.37363	SAX_LV_EPICARDIAL	6	1.0	17
48.91707	-8.41627	-89.96763	SAX_LV_EPICARDIAL	6	1.0	17
50.61364	-9.52103	-87.56163	SAX_LV_EPICARDIAL	6	1.0	17
50.66524	-11.73057	-85.32489	SAX_LV_EPICARDIAL	6	1.0	17
50.71684	-13.94011	-83.08816	SAX_LV_EPICARDIAL	6	1.0	17
50.76844	-16.14964	-80.85142	SAX_LV_EPICARDIAL	6	1.0	17
49.70620	-18.35918	-79.47311	SAX_LV_EPICARDIAL	6	1.0	17
48.64396	-20.56871	-78.09479	SAX_LV_EPICARDIAL	6	1.0	17
46.46787	-22.77825	-77.57490	SAX_LV_EPICARDIAL	6	1.0	17
44.29179	-24.98779	-77.05501	SAX_LV_EPICARDIAL	6	1.0	17
42.11570	-27.19733	-76.53512	SAX_LV_EPICARDIAL	6	1.0	17
39.35689	-28.30210	-77.56281	SAX_LV_EPICARDIAL	6	1.0	17
36.59808	-29.40687	-78.59050	SAX_LV_EPICARDIAL	6	1.0	17
33.83927	-30.51164	-79.61819	SAX_LV_EPICARDIAL	6	1.0	17
31.61158	-30.51164	-81.33503	SAX_LV_EPICARDIAL	6	1.0	17
32.62222	-26.09257	-84.95008	SAX_LV_ENDOCARDIAL	6	1.0	17
30.92566	-24.98780	-87.35609	SAX_LV_ENDOCARDIAL	6	1.0	17
29.22909	-23.88304	-89.76209	SAX_LV_ENDOCARDIAL	6	1.0	17
27.53252	-22.77827	-92.16809	SAX_LV_ENDOCARDIAL	6	1.0	17
27.48092	-20.56874	-94.40483	SAX_LV_ENDOCARDIAL	6	1.0	17
27.42932	-18.35920	-96.64156	SAX_LV_ENDOCARDIAL	6	1.0	17
28.49156	-16.14966	-98.01988	SAX_LV_ENDOCARDIAL	6	1.0	17
30.66764	-13.94013	-98.53977	SAX_LV_ENDOCARDIAL	6	1.0	17
32.84373	-11.73059	-99.05966	SAX_LV_ENDOCARDIAL	6	1.0	17
35.60254	-10.62582	-98.03197	SAX_LV_ENDOCARDIAL	6	1.0	17
38.36135	-9.52105	-97.00428	SAX_LV_ENDOCARDIAL	6	1.0	17
40.58904	-9.52104	-95.28743	SAX_LV_ENDOCARDIAL	6	1.0	17
42.28560	-10.62581	-92.88143	SAX_LV_ENDOCARDIAL	6	1.0	17
44.51329	-10.62581	-91.16459	SAX_LV_ENDOCARDIAL	6	1.0	17
45.67874	-12.83534	-88.06943	SAX_LV_ENDOCARDIAL	6	1.0	17
45.73034	-15.04488	-85.83269	SAX_LV_ENDOCARDIAL	6	1.0	17
45.78194	-17.25441	-83.59596	SAX_LV_ENDOCARDIAL	6	1.0	17
44.71970	-19.46395	-82.21764	SAX_LV_ENDOCARDIAL	6	1.0	17
42.54362	-21.67349	-81.69775	SAX_LV_ENDOCARDIAL	6	1.0	17
40.36753	-23.88303	-81.17786	SAX_LV_ENDOCARDIAL	6	1.0	17
37.60872	-24.98780	-82.20555	SAX_LV_ENDOCARDIAL	6	1.0	17
34.84991	-26.09257	-83.23324	SAX_LV_ENDOCARDIAL	6	1.0	17
23.45346	-15.04490	-103.00115	RV_INSERT	6	1.0	17
20.36994	-26.09258	-94.39273	RV_INSERT	6	1.0	17
10.19282	17.04881	-19.90304	LAX_LV_ENDOCARDIAL	9	1.0	17
11.99561	14.88047	-21.29443	LAX_LV_ENDOCARDIAL	9	1.0	17
13.79840	12.71214	-22.68582	LAX_LV_ENDOCARDIAL	9	1.0	17
15.54615	10.50865	-22.67247	LAX_LV_ENDOCARDIAL	9	1.0	17
17.34894	8.34032	-24.06386	LAX_LV_ENDOCARDIAL	9	1.0	17
19.09669	6.13683	-24.05051	LAX_LV_ENDOCARDIAL	9	1.0	17
20.84443	3.93334	-24.03716	LAX_LV_ENDOCARDIAL	9	1.0	17
22.59218	1.72986	-24.02382	LAX_LV_ENDOCARDIAL	9	1.0	17
24.33993	-0.47363	-24.01047	LAX_LV_ENDOCARDIAL	9	1.0	17
26.14272	-2.64197	-25.40186	LAX_LV_ENDOCARDIAL	9	1.0	17
28.00055	-4.77515	-28.19798	LAX_LV_ENDOCARDIAL	9	1.0	17
29.85839	-6.90833	-30.99410	LAX_LV_ENDOCARDIAL	9	1.0	17
31.71622	-9.04151	-33.79022	LAX_LV_ENDOCARDIAL	9	1.0	17
31.82631	-8.97121	-36.59968	LAX_LV_ENDOCARDIAL	9	1.0	17
32.81028	-10.00265	-39.40248	LAX_LV_ENDOCARDIAL	9	1.0	17
33.79424	-11.03409	-42.20527	LAX_LV_ENDOCARDIAL	9	1.0	17
34.77820	-12.06553	-45.00806	LAX_LV_ENDOCARDIAL	9	1.0	17
35.76216	-13.09697	-47.81085	LAX_LV_ENDOCARDIAL	9	1.0	17
35.87225	-13.02667	-50.62032	LAX_LV_ENDOCARDIAL	9	1.0	17
36.85621	-14.05811	-53.42311	LAX_LV_ENDOCARDIAL	9	1.0	17
37.84018	-15.08954	-56.22590	LAX_LV_ENDOCARDIAL	9	1.0	17
38.82414	-16.12098	-59.02870	LAX_LV_ENDOCARDIAL	9	1.0	17
38.93423	-16.05068	-61.83816	LAX_LV_ENDOCARDIAL	9	1.0	17
39.91819	-17.08212	-64.64095	LAX_LV_ENDOCARDIAL	9	1.0	17
40.90215	-18.11356	-67.44375	LAX_LV_ENDOCARDIAL	9	1.0	17
41.01224	-18.04326	-70.25321	LAX_LV_ENDOCARDIAL	9	1.0	17
41.99620	-19.07470	-73.05600	LAX_LV_ENDOCARDIAL	9	1.0	17
42.10629	-19.00439	-75.86547	LAX_LV_ENDOCARDIAL	9	1.0	17
43.09026	-20.03583	-78.66826	LAX_LV_ENDOCARDIAL	9	1.0	17
43.20035	-19.96553	-81.47773	LAX_LV_ENDOCARDIAL	9	1.0	17
43.31043	-19.89522	-84.28719	LAX_LV_ENDOCARDIAL	9	1.0	17
43.42052	-19.82492	-87.09666	LAX_LV_ENDOCARDIAL	9	1.0	17
42.65674	-18.65287	-89.91280	LAX_LV_ENDOCARDIAL	9	1.0	17
42.76683	-18.58257	-92.72226	LAX_LV_ENDOCARDIAL	9	1.0	17
42.00304	-17.41052	-95.53840	LAX_LV_ENDOCARDIAL	9	1.0	17
41.23926	-16.23848	-98.35454	LAX_LV_ENDOCARDIAL	9	1.0	17
39.54656	-13.99984	-99.77262	LAX_LV_ENDOCARDIAL	9	1.0	17
37.79881	-11.79635	-99.78596	LAX_LV_ENDOCARDIAL	9	1.0	17
35.99602	-9.62801	-98.39458	LAX_LV_ENDOCARDIAL	9	1.0	17
34.19323	-7.45968	-97.00319	LAX_LV_ENDOCARDIAL	9	1.0	17
32.39044	-5.29134	-95.61180	LAX_LV_ENDOCARDIAL	9	1.0	17
30.58765	-3.12301	-94.22041	LAX_LV_ENDOCARDIAL	9	1.0	17
28.78486	-0.95467	-92.82903	LAX_LV_ENDOCARDIAL	9	1.0	17
26.98206	1.21366	-91.43764	LAX_LV_ENDOCARDIAL	9	1.0	17
25.23432	3.41715	-91.45099	LAX_LV_ENDOCARDIAL	9	1.0	17
23.43153	5.58548	-90.05960	LAX_LV_ENDOCARDIAL	9	1.0	17
21.62874	7.75382	-88.66821	LAX_LV_ENDOCARDIAL	9	1.0	17
19.82594	9.92215	-87.27683	LAX_LV_ENDOCARDIAL	9	1.0	17
18.07820	12.12564	-87.29017	LAX_LV_ENDOCARDIAL	9	1.0	17
16.27541	14.29397	-85.89879	LAX_LV_ENDOCARDIAL	9	1.0	17
14.47262	16.46231	-84.50740	LAX_LV_ENDOCARDIAL	9	1.0	17
12.66982	18.63064	-83.11601	LAX_LV_ENDOCARDIAL	9	1.0	17
10.86703	20.79898	-81.72462	LAX_LV_ENDOCARDIAL	9	1.0	17
9.06424	22.96731	-80.33324	LAX_LV_ENDOCARDIAL	9	1.0	17
7.20641	25.10050	-77.53712	LAX_LV_ENDOCARDIAL	9	1.0	17
5.40362	27.26883	-76.14573	LAX_LV_ENDOCARDIAL	9	1.0	17
3.60082	29.43717	-74.75434	LAX_LV_ENDOCARDIAL	9	1.0	17
1.74299	31.57035	-71.95822	LAX_LV_ENDOCARDIAL	9	1.0	17
0.75903	32.60179	-69.15543	LAX_LV_ENDOCARDIAL	9	1.0	17
-0.22494	33.63323	-66.35264	LAX_LV_ENDOCARDIAL	9	1.0	17
-2.08277	35.76641	-63.55652	LAX_LV_ENDOCARDIAL	9	1.0	17
-3.06673	36.79785	-60.75373	LAX_LV_ENDOCARDIAL	9	1.0	17
-4.92457	38.93104	-57.95761	LAX_LV_ENDOCARDIAL	9	1.0	17
7.57120	20.35404	-19.92306	LAX_LV_ENDOCARDIAL	9	1.0	17
9.31895	18.15055	-19.90971	LAX_LV_ENDOCARDIAL	9	1.0	17
18.71137	5.89077	-14.21738	LAX_LV_EPICARDIAL	9	1.0	17
20.51417	3.72243	-15.60877	LAX_LV_EPICARDIAL	9	1.0	17
22.31696	1.55410	-17.00016	LAX_LV_EPICARDIAL	9	1.0	17
24.06470	-0.64939	-16.98681	LAX_LV_EPICARDIAL	9	1.0	17
25.86749	-2.81772	-18.37820	LAX_LV_EPICARDIAL	9	1.0	17
27.67029	-4.98606	-19.76958	LAX_LV_EPICARDIAL	9	1.0	17
29.47308	-7.15439	-21.16097	LAX_LV_EPICARDIAL	9	1.0	17
31.33091	-9.28758	-23.95709	LAX_LV_EPICARDIAL	9	1.0	17
33.18875	-11.42076	-26.75321	LAX_LV_EPICARDIAL	9	1.0	17
34.17271	-12.45220	-29.55600	LAX_LV_EPICARDIAL	9	1.0	17
35.15667	-13.48364	-32.35879	LAX_LV_EPICARDIAL	9	1.0	17
37.01451	-15.61682	-35.15491	LAX_LV_EPICARDIAL	9	1.0	17
37.99847	-16.64826	-37.95771	LAX_LV_EPICARDIAL	9	1.0	17
38.98243	-17.67970	-40.76050	LAX_LV_EPICARDIAL	9	1.0	17
39.09252	-17.60940	-43.56996	LAX_LV_EPICARDIAL	9	1.0	17
40.07648	-18.64084	-46.37276	LAX_LV_EPICARDIAL	9	1.0	17
41.06045	-19.67228	-49.17555	LAX_LV_EPICARDIAL	9	1.0	17
42.04441	-20.70372	-51.97834	LAX_LV_EPICARDIAL	9	1.0	17
43.02837	-21.73516	-54.78113	LAX_LV_EPICARDIAL	9	1.0	17
43.13846	-21.66485	-57.59060	LAX_LV_EPICARDIAL	9	1.0	17
44.12242	-22.69629	-60.39339	LAX_LV_EPICARDIAL	9	1.0	17
44.23251	-22.62599	-63.20286	LAX_LV_EPICARDIAL	9	1.0	17
45.21647	-23.65743	-66.00565	LAX_LV_EPICARDIAL	9	1.0	17
46.20044	-24.68887	-68.80844	LAX_LV_EPICARDIAL	9	1.0	17
46.31053	-24.61857	-71.61791	LAX_LV_EPICARDIAL	9	1.0	17
46.42062	-24.54826	-74.42737	LAX_LV_EPICARDIAL	9	1.0	17
46.53070	-24.47796	-77.23684	LAX_LV_EPICARDIAL	9	1.0	17
46.64079	-24.40765	-80.04630	LAX_LV_EPICARDIAL	9	1.0	17
46.75088	-24.33735	-82.85577	LAX_LV_EPICARDIAL	9	1.0	17
46.86097	-24.26705	-85.66523	LAX_LV_EPICARDIAL	9	1.0	17
46.09719	-23.09500	-88.48137	LAX_LV_EPICARDIAL	9	1.0	17
45.33340	-21.92295	-91.29751	LAX_LV_EPICARDIAL	9	1.0	17
45.44349	-21.85265	-94.10698	LAX_LV_EPICARDIAL	9	1.0	17
44.67971	-20.68060	-96.92311	LAX_LV_EPICARDIAL	9	1.0	17
43.91592	-19.50855	-99.73925	LAX_LV_EPICARDIAL	9	1.0	17
43.15214	-18.33651	-102.55539	LAX_LV_EPICARDIAL	9	1.0	17
41.45944	-16.09787	-103.97347	LAX_LV_EPICARDIAL	9	1.0	17
39.76674	-13.85923	-105.39155	LAX_LV_EPICARDIAL	9	1.0	17
38.01899	-11.65574	-105.40489	LAX_LV_EPICARDIAL	9	1.0	17
36.21620	-9.48741	-104.01351	LAX_LV_EPICARDIAL	9	1.0	17
34.46845	-7.28392	-104.02685	LAX_LV_EPICARDIAL	9	1.0	17
32.66566	-5.11558	-102.63546	LAX_LV_EPICARDIAL	9	1.0	17
30.86287	-2.94725	-101.24408	LAX_LV_EPICARDIAL	9	1.0	17
29.06008	-0.77892	-99.85269	LAX_LV_EPICARDIAL	9	1.0	17
27.25729	1.38942	-98.46130	LAX_LV_EPICARDIAL	9	1.0	17
25.50954	3.59291	-98.47465	LAX_LV_EPICARDIAL	9	1.0	17
23.70675	5.76124	-97.08326	LAX_LV_EPICARDIAL	9	1.0	17
21.95900	7.96473	-97.09661	LAX_LV_EPICARDIAL	9	1.0	17
20.15621	10.13306	-95.70522	LAX_LV_EPICARDIAL	9	1.0	17
18.40847	12.33655	-95.71857	LAX_LV_EPICARDIAL	9	1.0	17
16.60567	14.50489	-94.32718	LAX_LV_EPICARDIAL	9	1.0	17
14.80288	16.67322	-92.93579	LAX_LV_EPICARDIAL	9	1.0	17
13.00009	18.84156	-91.54441	LAX_LV_EPICARDIAL	9	1.0	17
11.19730	21.00989	-90.15302	LAX_LV_EPICARDIAL	9	1.0	17
9.39451	23.17823	-88.76163	LAX_LV_EPICARDIAL	9	1.0	17
7.59172	25.34656	-87.37025	LAX_LV_EPICARDIAL	9	1.0	17
5.78893	27.51490	-85.97886	LAX_LV_EPICARDIAL	9	1.0	17
3.98614	29.68323	-84.58747	LAX_LV_EPICARDIAL	9	1.0	17
2.18335	31.85157	-83.19609	LAX_LV_EPICARDIAL	9	1.0	17
0.38055	34.01990	-81.80470	LAX_LV_EPICARDIAL	9	1.0	17
-1.47728	36.15308	-79.00858	LAX_LV_EPICARDIAL	9	1.0	17
-3.33512	38.28627	-76.21246	LAX_LV_EPICARDIAL	9	1.0	17
-5.19295	40.41945	-73.41634	LAX_LV_EPICARDIAL	9	1.0	17
-6.17692	41.45089	-70.61355	LAX_LV_EPICARDIAL	9	1.0	17
-7.16088	42.48233	-67.81076	LAX_LV_EPICARDIAL	9	1.0	17
-7.27097	42.41203	-65.00129	LAX_LV_EPICARDIAL	9	1.0	17
-8.25493	43.44346	-62.19850	LAX_LV_EPICARDIAL	9	1.0	17
-7.49114	42.27142	-59.38236	LAX_LV_EPICARDIAL	9	1.0	17
-5.79844	40.03278	-57.96428	LAX_LV_EPICARDIAL	9	1.0	17
7.40607	20.24858	-15.70886	LAX_LV_EPICARDIAL	9	1.0	17
9.09877	18.00994	-14.29078	LAX_LV_EPICARDIAL	9	1.0	17
10.84651	15.80646	-14.27744	LAX_LV_EPICARDIAL	9	1.0	17
12.59426	13.60297	-14.26409	LAX_LV_EPICARDIAL	9	1.0	17
14.34201	11.39948	-14.25075	LAX_LV_EPICARDIAL	9	1.0	17
16.08975	9.19600	-14.23740	LAX_LV_EPICARDIAL	9	1.0	17
17.83750	6.99251	-14.22406	LAX_LV_EPICARDIAL	9	1.0	17
-4.16079	37.75899	-55.14147	MITRAL_VALVE	9	1.0	17
4.94958	23.65927	-19.94308	MITRAL_VALVE	9	1.0	17
-31.31874	-11.88040	-2.28795	LAX_RV_FREEWALL	8	1.0	1.0
-30.07268	-14.59730	-4.91209	LAX_RV_FREEWALL	8	1.0	1.0
-28.26880	-14.59730	-7.06991	LAX_RV_FREEWALL	8	1.0	1.0
-26.74383	-15.95575	-9.46089	LAX_RV_FREEWALL	8	1.0	1.0
-25.21886	-17.31420	-11.85187	LAX_RV_FREEWALL	8	1.0	1.0
-23.69389	-18.67265	-14.24284	LAX_RV_FREEWALL	8	1.0	1.0
-22.16893	-20.03110	-16.63382	LAX_RV_FREEWALL	8	1.0	1.0
-20.64396	-21.38955	-19.02480	LAX_RV_FREEWALL	8	1.0	1.0
-19.11899	-22.74800	-21.41578	LAX_RV_FREEWALL	8	1.0	1.0
-17.59402	-24.10645	-23.80676	LAX_RV_FREEWALL	8	1.0	1.0
-15.79014	-24.10646	-25.96458	LAX_RV_FREEWALL	8	1.0	1.0
-13.98626	-24.10646	-28.12240	LAX_RV_FREEWALL	8	1.0	1.0
-12.18238	-24.10646	-30.28021	LAX_RV_FREEWALL	8	1.0	1.0
-10.37850	-24.10646	-32.43803	LAX_RV_FREEWALL	8	1.0	1.0
-8.57461	-24.10646	-34.59585	LAX_RV_FREEWALL	8	1.0	1.0
-6.77073	-24.10646	-36.75367	LAX_RV_FREEWALL	8	1.0	1.0
-4.68794	-22.74802	-38.67832	LAX_RV_FREEWALL	8	1.0	1.0
-3.16297	-24.10647	-41.06930	LAX_RV_FREEWALL	8	1.0	1.0
-1.35909	-24.10647	-43.22712	LAX_RV_FREEWALL	8	1.0	1.0
0.16588	-25.46492	-45.61810	LAX_RV_FREEWALL	8	1.0	1.0
1.96976	-25.46492	-47.77592	LAX_RV_FREEWALL	8	1.0	1.0
3.77364	-25.46492	-49.93373	LAX_RV_FREEWALL	8	1.0	1.0
5.85644	-24.10648	-51.85839	LAX_RV_FREEWALL	8	1.0	1.0
-12.44319	-7.80507	-23.16664	LAX_RV_FREEWALL	8	1.0	1.0
-14.24707	-7.80507	-21.00882	LAX_RV_FREEWALL	8	1.0	1.0
-16.05095	-7.80507	-18.85100	LAX_RV_FREEWALL	8	1.0	1.0
-17.85483	-7.80506	-16.69318	LAX_RV_FREEWALL	8	1.0	1.0
-19.37980	-6.44661	-14.30221	LAX_RV_FREEWALL	8	1.0	1.0
-21.18368	-6.44661	-12.14439	LAX_RV_FREEWALL	8	1.0	1.0
-22.70865	-5.08816	-9.75341	LAX_RV_FREEWALL	8	1.0	1.0
-24.51253	-5.08816	-7.59559	LAX_RV_FREEWALL	8	1.0	1.0
-26.31641	-5.08816	-5.43777	LAX_RV_FREEWALL	8	1.0	1.0
-28.39920	-6.44661	-3.51312	LAX_RV_FREEWALL	8	1.0	1.0
-30.48200	-7.80505	-1.58846	LAX_RV_FREEWALL	8	1.0	1.0
-31.03982	-10.52195	-2.05479	LAX_RV_FREEWALL	8	1.0	1.0
-33.40153	-13.23885	-0.36329	LAX_RV_EPICARDIAL	8	1.0	1.0
-32.15547	-15.95575	-2.98743	LAX_RV_EPICARDIAL	8	1.0	1.0
-30.63051	-17.31420	-5.37841	LAX_RV_EPICARDIAL	8	1.0	1.0
-29.10554	-18.67265	-7.76939	LAX_RV_EPICARDIAL	8	1.0	1.0
-27.58057	-20.03110	-10.16037	LAX_RV_EPICARDIAL	8	1.0	1.0
-26.05560	-21.38955	-12.55135	LAX_RV_EPICARDIAL	8	1.0	1.0
-24.53063	-22.74800	-14.94233	LAX_RV_EPICARDIAL	8	1.0	1.0
-23.00566	-24.10645	-17.33331	LAX_RV_EPICARDIAL	8	1.0	1.0
-21.48070	-25.46490	-19.72429	LAX_RV_EPICARDIAL	8	1.0	1.0
-19.95573	-26.82335	-22.11527	LAX_RV_EPICARDIAL	8	1.0	1.0
-18.43076	-28.18180	-24.50625	LAX_RV_EPICARDIAL	8	1.0	1.0
-16.62688	-28.18180	-26.66407	LAX_RV_EPICARDIAL	8	1.0	1.0
-14.82300	-28.18180	-28.82188	LAX_RV_EPICARDIAL	8	1.0	1.0
-13.01912	-28.18180	-30.97970	LAX_RV_EPICARDIAL	8	1.0	1.0
-11.21523	-28.18181	-33.13752	LAX_RV_EPICARDIAL	8	1.0	1.0
-9.13244	-26.82336	-35.06217	LAX_RV_EPICARDIAL	8	1.0	1.0
-7.32856	-26.82336	-37.21999	LAX_RV_EPICARDIAL	8	1.0	1.0
-5.52468	-26.82336	-39.37781	LAX_RV_EPICARDIAL	8	1.0	1.0
-3.72080	-26.82336	-41.53563	LAX_RV_EPICARDIAL	8	1.0	1.0
-1.91691	-26.82337	-43.69344	LAX_RV_EPICARDIAL	8	1.0	1.0
-0.11303	-26.82337	-45.85126	LAX_RV_EPICARDIAL	8	1.0	1.0
1.69085	-26.82337	-48.00908	LAX_RV_EPICARDIAL	8	1.0	1.0
3.49473	-26.82337	-50.16690	LAX_RV_EPICARDIAL	8	1.0	1.0
5.29861	-26.82337	-52.32471	LAX_RV_EPICARDIAL	8	1.0	1.0
7.38140	-25.46493	-54.24937	LAX_RV_EPICARDIAL	8	1.0	1.0
9.18529	-25.46493	-56.40719	LAX_RV_EPICARDIAL	8	1.0	1.0
-11.26233	-6.44662	-24.01238	LAX_RV_EPICARDIAL	8	1.0	1.0
-13.13142	-2.37127	-20.07617	LAX_RV_EPICARDIAL	8	1.0	1.0
-15.21421	-3.72972	-18.15152	LAX_RV_EPICARDIAL	8	1.0	1.0
-17.01809	-3.72972	-15.99370	LAX_RV_EPICARDIAL	8	1.0	1.0
-18.82197	-3.72972	-13.83588	LAX_RV_EPICARDIAL	8	1.0	1.0
-20.62585	-3.72972	-11.67806	LAX_RV_EPICARDIAL	8	1.0	1.0
-22.42973	-3.72971	-9.52025	LAX_RV_EPICARDIAL	8	1.0	1.0
-24.23362	-3.72971	-7.36243	LAX_RV_EPICARDIAL	8	1.0	1.0
-26.03750	-3.72971	-5.20461	LAX_RV_EPICARDIAL	8	1.0	1.0
-27.84138	-3.72971	-3.04679	LAX_RV_EPICARDIAL	8	1.0	1.0
-29.92417	-5.08816	-1.12214	LAX_RV_EPICARDIAL	8	1.0	1.0
-32.28588	-7.80505	0.56936	LAX_RV_EPICARDIAL	8	1.0	1.0
-32.84370	-10.52195	0.10303	LAX_RV_EPICARDIAL	8	1.0	1.0
7.93923	-22.74803	-53.78304	LAX_RV_SEPTUM	8	1.0	1.0
6.41426	-21.38958	-51.39207	LAX_RV_SEPTUM	8	1.0	1.0
4.88929	-20.03113	-49.00109	LAX_RV_SEPTUM	8	1.0	1.0
3.36432	-18.67268	-46.61011	LAX_RV_SEPTUM	8	1.0	1.0
1.83936	-17.31423	-44.21913	LAX_RV_SEPTUM	8	1.0	1.0
0.31439	-15.95578	-41.82815	LAX_RV_SEPTUM	8	1.0	1.0
-1.21058	-14.59733	-39.43717	LAX_RV_SEPTUM	8	1.0	1.0
-2.73555	-13.23888	-37.04619	LAX_RV_SEPTUM	8	1.0	1.0
-4.26052	-11.88043	-34.65521	LAX_RV_SEPTUM	8	1.0	1.0
-5.78549	-10.52197	-32.26423	LAX_RV_SEPTUM	8	1.0	1.0
-7.31045	-9.16352	-29.87325	LAX_RV_SEPTUM	8	1.0	1.0
-8.83542	-7.80507	-27.48227	LAX_RV_SEPTUM	8	1.0	1.0
-10.63930	-7.80507	-25.32445	LAX_RV_SEPTUM	8	1.0	1.0
-10.70451	-3.72972	-23.54606	LAX_LV_EPICARDIAL	8	1.0	1.0
9.74311	-22.74803	-55.94086	LAX_LV_EPICARDIAL	8	1.0	1.0
11.26808	-24.10648	-58.33184	LAX_LV_EPICARDIAL	8	1.0	1.0
13.07196	-24.10648	-60.48966	LAX_LV_EPICARDIAL	8	1.0	1.0
14.87584	-24.10648	-62.64748	LAX_LV_EPICARDIAL	8	1.0	1.0
16.40081	-25.46494	-65.03846	LAX_LV_EPICARDIAL	8	1.0	1.0
18.20469	-25.46494	-67.19627	LAX_LV_EPICARDIAL	8	1.0	1.0
20.00857	-25.46494	-69.35409	LAX_LV_EPICARDIAL	8	1.0	1.0
21.53354	-26.82339	-71.74507	LAX_LV_EPICARDIAL	8	1.0	1.0
23.33742	-26.82339	-73.90289	LAX_LV_EPICARDIAL	8	1.0	1.0
24.86239	-28.18184	-76.29387	LAX_LV_EPICARDIAL	8	1.0	1.0
26.66627	-28.18184	-78.45169	LAX_LV_EPICARDIAL	8	1.0	1.0
28.47015	-28.18184	-80.60950	LAX_LV_EPICARDIAL	8	1.0	1.0
30.27403	-28.18185	-82.76732	LAX_LV_EPICARDIAL	8	1.0	1.0
32.07792	-28.18185	-84.92514	LAX_LV_EPICARDIAL	8	1.0	1.0
33.88180	-28.18185	-87.08296	LAX_LV_EPICARDIAL	8	1.0	1.0
35.96459	-26.82340	-89.00761	LAX_LV_EPICARDIAL	8	1.0	1.0
37.76847	-26.82340	-91.16543	LAX_LV_EPICARDIAL	8	1.0	1.0
39.85127	-25.46496	-93.09008	LAX_LV_EPICARDIAL	8	1.0	1.0
42.21297	-22.74806	-94.78158	LAX_LV_EPICARDIAL	8	1.0	1.0
43.67274	-20.03117	-95.39416	LAX_LV_EPICARDIAL	8	1.0	1.0
45.13251	-17.31427	-96.00675	LAX_LV_EPICARDIAL	8	1.0	1.0
46.59227	-14.59737	-96.61933	LAX_LV_EPICARDIAL	8	1.0	1.0
47.15010	-11.88047	-96.15301	LAX_LV_EPICARDIAL	8	1.0	1.0
47.70792	-9.16358	-95.68669	LAX_LV_EPICARDIAL	8	1.0	1.0
47.36381	-6.44668	-94.14145	LAX_LV_EPICARDIAL	8	1.0	1.0
47.01969	-3.72978	-92.59622	LAX_LV_EPICARDIAL	8	1.0	1.0
46.67558	-1.01288	-91.05099	LAX_LV_EPICARDIAL	8	1.0	1.0
45.42952	1.70402	-88.42685	LAX_LV_EPICARDIAL	8	1.0	1.0
45.08541	4.42092	-86.88161	LAX_LV_EPICARDIAL	8	1.0	1.0
44.74129	7.13781	-85.33638	LAX_LV_EPICARDIAL	8	1.0	1.0
44.39718	9.85471	-83.79115	LAX_LV_EPICARDIAL	8	1.0	1.0
44.05306	12.57161	-82.24592	LAX_LV_EPICARDIAL	8	1.0	1.0
43.70895	15.28851	-80.70068	LAX_LV_EPICARDIAL	8	1.0	1.0
43.36483	18.00541	-79.15545	LAX_LV_EPICARDIAL	8	1.0	1.0
43.02072	20.72231	-77.61022	LAX_LV_EPICARDIAL	8	1.0	1.0
42.67660	23.43920	-76.06499	LAX_LV_EPICARDIAL	8	1.0	1.0
41.43055	26.15610	-73.44084	LAX_LV_EPICARDIAL	8	1.0	1.0
41.08643	28.87300	-71.89561	LAX_LV_EPICARDIAL	8	1.0	1.0
40.74232	31.58990	-70.35038	LAX_LV_EPICARDIAL	8	1.0	1.0
39.49626	34.30680	-67.72624	LAX_LV_EPICARDIAL	8	1.0	1.0
39.15215	37.02370	-66.18101	LAX_LV_EPICARDIAL	8	1.0	1.0
37.90609	39.74060	-63.55686	LAX_LV_EPICARDIAL	8	1.0	1.0
36.66004	42.45750	-60.93272	LAX_LV_EPICARDIAL	8	1.0	1.0
35.41398	45.17440	-58.30858	LAX_LV_EPICARDIAL	8	1.0	1.0
33.88901	46.53285	-55.91760	LAX_LV_EPICARDIAL	8	1.0	1.0
32.36404	47.89130	-53.52662	LAX_LV_EPICARDIAL	8	1.0	1.0
30.83907	49.24975	-51.13564	LAX_LV_EPICARDIAL	8	1.0	1.0
29.03519	49.24975	-48.97783	LAX_LV_EPICARDIAL	8	1.0	1.0
27.51022	50.60820	-46.58685	LAX_LV_EPICARDIAL	8	1.0	1.0
25.98526	51.96665	-44.19587	LAX_LV_EPICARDIAL	8	1.0	1.0
24.18138	51.96665	-42.03805	LAX_LV_EPICARDIAL	8	1.0	1.0
22.37749	51.96665	-39.88023	LAX_LV_EPICARDIAL	8	1.0	1.0
20.57361	51.96665	-37.72242	LAX_LV_EPICARDIAL	8	1.0	1.0
18.49082	50.60821	-35.79776	LAX_LV_EPICARDIAL	8	1.0	1.0
16.12911	47.89131	-34.10627	LAX_LV_EPICARDIAL	8	1.0	1.0
-2.69934	22.08080	-22.35271	LAX_LV_EPICARDIAL	8	1.0	1.0
-4.50322	22.08080	-20.19489	LAX_LV_EPICARDIAL	8	1.0	1.0
-6.30710	22.08080	-18.03708	LAX_LV_EPICARDIAL	8	1.0	1.0
-8.68691	1.70407	-23.69232	LAX_LV_ENDOCARDIAL	8	1.0	1.0
-6.60412	3.06252	-25.61698	LAX_LV_ENDOCARDIAL	8	1.0	1.0
-4.80024	3.06251	-27.77479	LAX_LV_ENDOCARDIAL	8	1.0	1.0
-2.99636	3.06251	-29.93261	LAX_LV_ENDOCARDIAL	8	1.0	1.0
-1.19248	3.06251	-32.09043	LAX_LV_ENDOCARDIAL	8	1.0	1.0
0.33249	1.70406	-34.48141	LAX_LV_ENDOCARDIAL	8	1.0	1.0
1.85746	0.34561	-36.87239	LAX_LV_ENDOCARDIAL	8	1.0	1.0
3.38243	-1.01284	-39.26337	LAX_LV_ENDOCARDIAL	8	1.0	1.0
4.62848	-3.72974	-41.88751	LAX_LV_ENDOCARDIAL	8	1.0	1.0
5.87454	-6.44664	-44.51165	LAX_LV_ENDOCARDIAL	8	1.0	1.0
7.39951	-7.80509	-46.90263	LAX_LV_ENDOCARDIAL	8	1.0	1.0
8.92448	-9.16354	-49.29361	LAX_LV_ENDOCARDIAL	8	1.0	1.0
10.44945	-10.52199	-51.68459	LAX_LV_ENDOCARDIAL	8	1.0	1.0
11.69550	-13.23889	-54.30873	LAX_LV_ENDOCARDIAL	8	1.0	1.0
13.22047	-14.59734	-56.69971	LAX_LV_ENDOCARDIAL	8	1.0	1.0
15.02435	-14.59734	-58.85753	LAX_LV_ENDOCARDIAL	8	1.0	1.0
16.54932	-15.95579	-61.24851	LAX_LV_ENDOCARDIAL	8	1.0	1.0
18.35320	-15.95579	-63.40632	LAX_LV_ENDOCARDIAL	8	1.0	1.0
19.87817	-17.31424	-65.79730	LAX_LV_ENDOCARDIAL	8	1.0	1.0
21.40314	-18.67269	-68.18828	LAX_LV_ENDOCARDIAL	8	1.0	1.0
23.20702	-18.67270	-70.34610	LAX_LV_ENDOCARDIAL	8	1.0	1.0
24.73199	-20.03115	-72.73708	LAX_LV_ENDOCARDIAL	8	1.0	1.0
26.25696	-21.38960	-75.12806	LAX_LV_ENDOCARDIAL	8	1.0	1.0
28.06084	-21.38960	-77.28588	LAX_LV_ENDOCARDIAL	8	1.0	1.0
29.86472	-21.38960	-79.44369	LAX_LV_ENDOCARDIAL	8	1.0	1.0
31.38969	-22.74805	-81.83467	LAX_LV_ENDOCARDIAL	8	1.0	1.0
33.19357	-22.74805	-83.99249	LAX_LV_ENDOCARDIAL	8	1.0	1.0
34.99745	-22.74806	-86.15031	LAX_LV_ENDOCARDIAL	8	1.0	1.0
36.80133	-22.74806	-88.30812	LAX_LV_ENDOCARDIAL	8	1.0	1.0
38.60521	-22.74806	-90.46594	LAX_LV_ENDOCARDIAL	8	1.0	1.0
40.68801	-21.38961	-92.39060	LAX_LV_ENDOCARDIAL	8	1.0	1.0
42.14777	-18.67271	-93.00318	LAX_LV_ENDOCARDIAL	8	1.0	1.0
43.60754	-15.95582	-93.61577	LAX_LV_ENDOCARDIAL	8	1.0	1.0
44.16536	-13.23892	-93.14944	LAX_LV_ENDOCARDIAL	8	1.0	1.0
43.82125	-10.52202	-91.60421	LAX_LV_ENDOCARDIAL	8	1.0	1.0
43.47713	-7.80512	-90.05898	LAX_LV_ENDOCARDIAL	8	1.0	1.0
42.23108	-5.08822	-87.43484	LAX_LV_ENDOCARDIAL	8	1.0	1.0
41.88696	-2.37133	-85.88961	LAX_LV_ENDOCARDIAL	8	1.0	1.0
41.54285	0.34557	-84.34437	LAX_LV_ENDOCARDIAL	8	1.0	1.0
41.19873	3.06247	-82.79914	LAX_LV_ENDOCARDIAL	8	1.0	1.0
39.95268	5.77937	-80.17500	LAX_LV_ENDOCARDIAL	8	1.0	1.0
39.60856	8.49627	-78.62977	LAX_LV_ENDOCARDIAL	8	1.0	1.0
38.36251	11.21317	-76.00563	LAX_LV_ENDOCARDIAL	8	1.0	1.0
38.01839	13.93007	-74.46039	LAX_LV_ENDOCARDIAL	8	1.0	1.0
37.67428	16.64696	-72.91516	LAX_LV_ENDOCARDIAL	8	1.0	1.0
37.33016	19.36386	-71.36993	LAX_LV_ENDOCARDIAL	8	1.0	1.0
36.98605	22.08076	-69.82470	LAX_LV_ENDOCARDIAL	8	1.0	1.0
35.73999	24.79766	-67.20055	LAX_LV_ENDOCARDIAL	8	1.0	1.0
35.39588	27.51456	-65.65532	LAX_LV_ENDOCARDIAL	8	1.0	1.0
34.14982	30.23146	-63.03118	LAX_LV_ENDOCARDIAL	8	1.0	1.0
32.90376	32.94836	-60.40704	LAX_LV_ENDOCARDIAL	8	1.0	1.0
31.37880	34.30681	-58.01606	LAX_LV_ENDOCARDIAL	8	1.0	1.0
29.85383	35.66526	-55.62508	LAX_LV_ENDOCARDIAL	8	1.0	1.0
28.60777	38.38216	-53.00094	LAX_LV_ENDOCARDIAL	8	1.0	1.0
27.08280	39.74061	-50.60996	LAX_LV_ENDOCARDIAL	8	1.0	1.0
25.55784	41.09906	-48.21898	LAX_LV_ENDOCARDIAL	8	1.0	1.0
24.31178	43.81596	-45.59484	LAX_LV_ENDOCARDIAL	8	1.0	1.0
22.78681	45.17441	-43.20386	LAX_LV_ENDOCARDIAL	8	1.0	1.0
20.70402	43.81596	-41.27920	LAX_LV_ENDOCARDIAL	8	1.0	1.0
18.90014	43.81596	-39.12139	LAX_LV_ENDOCARDIAL	8	1.0	1.0
-3.60128	22.08080	-21.27380	LAX_LV_ENDOCARDIAL	8	1.0	1.0
-5.40516	22.08080	-19.11598	LAX_LV_ENDOCARDIAL	8	1.0	1.0
-33.40153	-13.23885	-0.36329	LAX_RV_EPICARDIAL	8	1.0	1.0
-32.15547	-15.95575	-2.98743	LAX_RV_EPICARDIAL	8	1.0	1.0
-30.63051	-17.31420	-5.37841	LAX_RV_EPICARDIAL	8	1.0	1.0
-29.10554	-18.67265	-7.76939	LAX_RV_EPICARDIAL	8	1.0	1.0
-27.58057	-20.03110	-10.16037	LAX_RV_EPICARDIAL	8	1.0	1.0
-26.05560	-21.38955	-12.55135	LAX_RV_EPICARDIAL	8	1.0	1.0
-24.53063	-22.74800	-14.94233	LAX_RV_EPICARDIAL	8	1.0	1.0
-23.00566	-24.10645	-17.33331	LAX_RV_EPICARDIAL	8	1.0	1.0
-21.48070	-25.46490	-19.72429	LAX_RV_EPICARDIAL	8	1.0	1.0
-19.95573	-26.82335	-22.11527	LAX_RV_EPICARDIAL	8	1.0	1.0
-18.43076	-28.18180	-24.50625	LAX_RV_EPICARDIAL	8	1.0	1.0
-16.62688	-28.18180	-26.66407	LAX_RV_EPICARDIAL	8	1.0	1.0
-14.82300	-28.18180	-28.82188	LAX_RV_EPICARDIAL	8	1.0	1.0
-13.01912	-28.18180	-30.97970	LAX_RV_EPICARDIAL	8	1.0	1.0
-11.21523	-28.18181	-33.13752	LAX_RV_EPICARDIAL	8	1.0	1.0
-9.13244	-26.82336	-35.06217	LAX_RV_EPICARDIAL	8	1.0	1.0
-7.32856	-26.82336	-37.21999	LAX_RV_EPICARDIAL	8	1.0	1.0
-5.52468	-26.82336	-39.37781	LAX_RV_EPICARDIAL	8	1.0	1.0
-3.72080	-26.82336	-41.53563	LAX_RV_EPICARDIAL	8	1.0	1.0
-1.91691	-26.82337	-43.69344	LAX_RV_EPICARDIAL	8	1.0	1.0
-0.11303	-26.82337	-45.85126	LAX_RV_EPICARDIAL	8	1.0	1.0
1.69085	-26.82337	-48.00908	LAX_RV_EPICARDIAL	8	1.0	1.0
3.49473	-26.82337	-50.16690	LAX_RV_EPICARDIAL	8	1.0	1.0
5.29861	-26.82337	-52.32471	LAX_RV_EPICARDIAL	8	1.0	1.0
7.38140	-25.46493	-54.24937	LAX_RV_EPICARDIAL	8	1.0	1.0
9.18529	-25.46493	-56.40719	LAX_RV_EPICARDIAL	8	1.0	1.0
-11.26233	-6.44662	-24.01238	LAX_RV_EPICARDIAL	8	1.0	1.0
-13.13142	-2.37127	-20.07617	LAX_RV_EPICARDIAL	8	1.0	1.0
-15.21421	-3.72972	-18.15152	LAX_RV_EPICARDIAL	8	1.0	1.0
-17.01809	-3.72972	-15.99370	LAX_RV_EPICARDIAL	8	1.0	1.0
-18.82197	-3.72972	-13.83588	LAX_RV_EPICARDIAL	8	1.0	1.0
-20.62585	-3.72972	-11.67806	LAX_RV_EPICARDIAL	8	1.0	1.0
-22.42973	-3.72971	-9.52025	LAX_RV_EPICARDIAL	8	1.0	1.0
-24.23362	-3.72971	-7.36243	LAX_RV_EPICARDIAL	8	1.0	1.0
-26.03750	-3.72971	-5.20461	LAX_RV_EPICARDIAL	8	1.0	1.0
-27.84138	-3.72971	-3.04679	LAX_RV_EPICARDIAL	8	1.0	1.0
-29.92417	-5.08816	-1.12214	LAX_RV_EPICARDIAL	8	1.0	1.0
-32.28588	-7.80505	0.56936	LAX_RV_EPICARDIAL	8	1.0	1.0
-32.84370	-10.52195	0.10303	LAX_RV_EPICARDIAL	8	1.0	1.0
16.19431	43.81596	-35.88466	MITRAL_VALVE	8	1.0	1.0
-1.23957	24.79770	-22.96530	MITRAL_VALVE	8	1.0	1.0
-11.67165	0.34562	-20.68876	AORTA_VALVE	8	1.0	1.0
-8.11098	22.08080	-15.87926	AORTA_VALVE	8	1.0	1.0
-61.80503	5.49023	-71.30469	LAX_RV_FREEWALL	7	1.0	17
-64.38308	3.88894	-73.87565	LAX_RV_FREEWALL	7	1.0	17
-64.16157	2.28765	-76.17716	LAX_RV_FREEWALL	7	1.0	17
-63.94005	0.68636	-78.47867	LAX_RV_FREEWALL	7	1.0	17
-62.31876	-0.91494	-80.64545	LAX_RV_FREEWALL	7	1.0	17
-60.69746	-2.51623	-82.81224	LAX_RV_FREEWALL	7	1.0	17
-59.07617	-4.11752	-84.97903	LAX_RV_FREEWALL	7	1.0	17
-57.45488	-5.71881	-87.14581	LAX_RV_FREEWALL	7	1.0	17
-55.83358	-7.32010	-89.31260	LAX_RV_FREEWALL	7	1.0	17
-52.81251	-8.92139	-91.34466	LAX_RV_FREEWALL	7	1.0	17
-49.79143	-10.52269	-93.37672	LAX_RV_FREEWALL	7	1.0	17
-46.88111	-11.32333	-94.25803	LAX_RV_FREEWALL	7	1.0	17
-43.86004	-12.92462	-96.29009	LAX_RV_FREEWALL	7	1.0	17
-40.94972	-13.72527	-97.17140	LAX_RV_FREEWALL	7	1.0	17
-38.03940	-14.52592	-98.05270	LAX_RV_FREEWALL	7	1.0	17
-35.12908	-15.32656	-98.93401	LAX_RV_FREEWALL	7	1.0	17
-32.10800	-16.92786	-100.96607	LAX_RV_FREEWALL	7	1.0	17
-29.30844	-16.92786	-100.69662	LAX_RV_FREEWALL	7	1.0	17
-26.39812	-17.72850	-101.57793	LAX_RV_FREEWALL	7	1.0	17
-23.48780	-18.52915	-102.45923	LAX_RV_FREEWALL	7	1.0	17
-20.57748	-19.32980	-103.34054	LAX_RV_FREEWALL	7	1.0	17
-17.66716	-20.13044	-104.22185	LAX_RV_FREEWALL	7	1.0	17
-14.86760	-20.13044	-103.95240	LAX_RV_FREEWALL	7	1.0	17
-11.95728	-20.93109	-104.83370	LAX_RV_FREEWALL	7	1.0	17
-9.04696	-21.73174	-105.71501	LAX_RV_FREEWALL	7	1.0	17
-6.24740	-21.73174	-105.44556	LAX_RV_FREEWALL	7	1.0	17
-3.44784	-21.73174	-105.17611	LAX_RV_FREEWALL	7	1.0	17
-0.53752	-22.53238	-106.05742	LAX_RV_FREEWALL	7	1.0	17
2.26204	-22.53239	-105.78797	LAX_RV_FREEWALL	7	1.0	17
5.17236	-23.33303	-106.66927	LAX_RV_FREEWALL	7	1.0	17
8.08268	-24.13368	-107.55058	LAX_RV_FREEWALL	7	1.0	17
10.88224	-24.13368	-107.28113	LAX_RV_FREEWALL	7	1.0	17
13.79256	-24.93433	-108.16244	LAX_RV_FREEWALL	7	1.0	17
16.59212	-24.93433	-107.89299	LAX_RV_FREEWALL	7	1.0	17
19.28093	-24.13368	-106.47278	LAX_RV_FREEWALL	7	1.0	17
22.08049	-24.13368	-106.20333	LAX_RV_FREEWALL	7	1.0	17
24.65854	-22.53239	-103.63237	LAX_RV_FREEWALL	7	1.0	17
-62.13730	7.89217	-67.85242	LAX_RV_EPICARDIAL	7	1.0	17
-64.82611	7.09152	-69.27262	LAX_RV_EPICARDIAL	7	1.0	17
-67.40415	5.49023	-71.84358	LAX_RV_EPICARDIAL	7	1.0	17
-67.18264	3.88894	-74.14510	LAX_RV_EPICARDIAL	7	1.0	17
-68.36091	2.28765	-76.58133	LAX_RV_EPICARDIAL	7	1.0	17
-68.13940	0.68636	-78.88284	LAX_RV_EPICARDIAL	7	1.0	17
-66.51810	-0.91493	-81.04963	LAX_RV_EPICARDIAL	7	1.0	17
-66.29659	-2.51623	-83.35114	LAX_RV_EPICARDIAL	7	1.0	17
-64.67530	-4.11752	-85.51793	LAX_RV_EPICARDIAL	7	1.0	17
-63.05400	-5.71881	-87.68471	LAX_RV_EPICARDIAL	7	1.0	17
-61.43271	-7.32010	-89.85150	LAX_RV_EPICARDIAL	7	1.0	17
-59.81141	-8.92139	-92.01828	LAX_RV_EPICARDIAL	7	1.0	17
-56.79034	-10.52268	-94.05035	LAX_RV_EPICARDIAL	7	1.0	17
-53.76926	-12.12398	-96.08241	LAX_RV_EPICARDIAL	7	1.0	17
-50.85894	-12.92462	-96.96371	LAX_RV_EPICARDIAL	7	1.0	17
-47.83787	-14.52591	-98.99578	LAX_RV_EPICARDIAL	7	1.0	17
-44.92755	-15.32656	-99.87708	LAX_RV_EPICARDIAL	7	1.0	17
-42.01723	-16.12721	-100.75839	LAX_RV_EPICARDIAL	7	1.0	17
-39.10691	-16.92785	-101.63969	LAX_RV_EPICARDIAL	7	1.0	17
-36.19659	-17.72850	-102.52100	LAX_RV_EPICARDIAL	7	1.0	17
-33.28627	-18.52915	-103.40231	LAX_RV_EPICARDIAL	7	1.0	17
-30.37595	-19.32979	-104.28361	LAX_RV_EPICARDIAL	7	1.0	17
-27.46563	-20.13044	-105.16492	LAX_RV_EPICARDIAL	7	1.0	17
-24.55531	-20.93109	-106.04622	LAX_RV_EPICARDIAL	7	1.0	17
-21.75575	-20.93109	-105.77678	LAX_RV_EPICARDIAL	7	1.0	17
-18.84543	-21.73173	-106.65808	LAX_RV_EPICARDIAL	7	1.0	17
-15.93511	-22.53238	-107.53939	LAX_RV_EPICARDIAL	7	1.0	17
-13.02479	-23.33303	-108.42069	LAX_RV_EPICARDIAL	7	1.0	17
-10.11448	-24.13367	-109.30200	LAX_RV_EPICARDIAL	7	1.0	17
-7.31491	-24.13367	-109.03255	LAX_RV_EPICARDIAL	7	1.0	17
-4.51535	-24.13367	-108.76310	LAX_RV_EPICARDIAL	7	1.0	17
-1.60503	-24.93432	-109.64441	LAX_RV_EPICARDIAL	7	1.0	17
1.19453	-24.93432	-109.37496	LAX_RV_EPICARDIAL	7	1.0	17
3.99409	-24.93432	-109.10551	LAX_RV_EPICARDIAL	7	1.0	17
6.90441	-25.73497	-109.98681	LAX_RV_EPICARDIAL	7	1.0	17
9.70398	-25.73497	-109.71737	LAX_RV_EPICARDIAL	7	1.0	17
12.61429	-26.53562	-110.59867	LAX_RV_EPICARDIAL	7	1.0	17
15.41386	-26.53562	-110.32922	LAX_RV_EPICARDIAL	7	1.0	17
18.21342	-26.53562	-110.05977	LAX_RV_EPICARDIAL	7	1.0	17
20.90223	-25.73497	-108.63957	LAX_RV_EPICARDIAL	7	1.0	17
23.59103	-24.93433	-107.21936	LAX_RV_EPICARDIAL	7	1.0	17
26.27984	-24.13368	-105.79916	LAX_RV_EPICARDIAL	7	1.0	17
-26.51828	13.49667	-56.29429	LAX_RV_SEPTUM	7	1.0	17
24.54779	-21.73175	-102.48162	LAX_RV_SEPTUM	7	1.0	17
21.52671	-20.13045	-100.44956	LAX_RV_SEPTUM	7	1.0	17
18.61639	-19.32981	-99.56825	LAX_RV_SEPTUM	7	1.0	17
15.59532	-17.72852	-97.53619	LAX_RV_SEPTUM	7	1.0	17
12.57424	-16.12722	-95.50413	LAX_RV_SEPTUM	7	1.0	17
9.55316	-14.52593	-93.47206	LAX_RV_SEPTUM	7	1.0	17
6.53209	-12.92464	-91.44000	LAX_RV_SEPTUM	7	1.0	17
3.51101	-11.32335	-89.40794	LAX_RV_SEPTUM	7	1.0	17
0.48994	-9.72206	-87.37588	LAX_RV_SEPTUM	7	1.0	17
-2.53114	-8.12076	-85.34382	LAX_RV_SEPTUM	7	1.0	17
-4.15243	-6.51947	-83.17703	LAX_RV_SEPTUM	7	1.0	17
-5.77373	-4.91818	-81.01025	LAX_RV_SEPTUM	7	1.0	17
-7.39502	-3.31689	-78.84346	LAX_RV_SEPTUM	7	1.0	17
-10.41610	-1.71560	-76.81140	LAX_RV_SEPTUM	7	1.0	17
-12.03739	-0.11430	-74.64461	LAX_RV_SEPTUM	7	1.0	17
-13.65868	1.48699	-72.47782	LAX_RV_SEPTUM	7	1.0	17
-15.27998	3.08828	-70.31104	LAX_RV_SEPTUM	7	1.0	17
-16.90127	4.68957	-68.14425	LAX_RV_SEPTUM	7	1.0	17
-18.52257	6.29086	-65.97747	LAX_RV_SEPTUM	7	1.0	17
-21.54364	7.89215	-63.94540	LAX_RV_SEPTUM	7	1.0	17
-23.16494	9.49345	-61.77862	LAX_RV_SEPTUM	7	1.0	17
-23.38645	11.09474	-59.47711	LAX_RV_SEPTUM	7	1.0	17
-25.00774	12.69603	-57.31032	LAX_RV_SEPTUM	7	1.0	17
20.44039	38.31667	-15.77078	LAX_LV_EPICARDIAL	7	1.0	17
17.75158	37.51603	-17.19099	LAX_LV_EPICARDIAL	7	1.0	17
-22.46975	24.70571	-39.64481	LAX_LV_EPICARDIAL	7	1.0	17
-23.64802	23.10442	-42.08105	LAX_LV_EPICARDIAL	7	1.0	17
-23.42650	21.50313	-44.38256	LAX_LV_EPICARDIAL	7	1.0	17
-24.60477	19.90184	-46.81880	LAX_LV_EPICARDIAL	7	1.0	17
-25.78304	18.30055	-49.25503	LAX_LV_EPICARDIAL	7	1.0	17
-25.56153	16.69926	-51.55654	LAX_LV_EPICARDIAL	7	1.0	17
-25.34001	15.09797	-53.85805	LAX_LV_EPICARDIAL	7	1.0	17
27.34735	-21.73175	-102.21217	LAX_LV_EPICARDIAL	7	1.0	17
30.14691	-21.73175	-101.94272	LAX_LV_EPICARDIAL	7	1.0	17
32.94647	-21.73175	-101.67327	LAX_LV_EPICARDIAL	7	1.0	17
35.85679	-22.53239	-102.55458	LAX_LV_EPICARDIAL	7	1.0	17
38.54560	-21.73175	-101.13437	LAX_LV_EPICARDIAL	7	1.0	17
41.23440	-20.93110	-99.71417	LAX_LV_EPICARDIAL	7	1.0	17
43.92321	-20.13046	-98.29396	LAX_LV_EPICARDIAL	7	1.0	17
45.10148	-18.52917	-95.85773	LAX_LV_EPICARDIAL	7	1.0	17
47.67953	-16.92788	-93.28676	LAX_LV_EPICARDIAL	7	1.0	17
48.85780	-15.32659	-90.85053	LAX_LV_EPICARDIAL	7	1.0	17
50.03606	-13.72530	-88.41429	LAX_LV_EPICARDIAL	7	1.0	17
51.21433	-12.12401	-85.97806	LAX_LV_EPICARDIAL	7	1.0	17
52.39260	-10.52272	-83.54182	LAX_LV_EPICARDIAL	7	1.0	17
52.17109	-8.92142	-81.24031	LAX_LV_EPICARDIAL	7	1.0	17
53.34936	-7.32013	-78.80408	LAX_LV_EPICARDIAL	7	1.0	17
54.52762	-5.71884	-76.36784	LAX_LV_EPICARDIAL	7	1.0	17
55.70589	-4.11755	-73.93160	LAX_LV_EPICARDIAL	7	1.0	17
55.48438	-2.51626	-71.63009	LAX_LV_EPICARDIAL	7	1.0	17
56.66265	-0.91497	-69.19386	LAX_LV_EPICARDIAL	7	1.0	17
56.44113	0.68632	-66.89235	LAX_LV_EPICARDIAL	7	1.0	17
56.21962	2.28761	-64.59084	LAX_LV_EPICARDIAL	7	1.0	17
57.39789	3.88890	-62.15460	LAX_LV_EPICARDIAL	7	1.0	17
55.77660	5.49020	-59.98781	LAX_LV_EPICARDIAL	7	1.0	17
55.55508	7.09149	-57.68630	LAX_LV_EPICARDIAL	7	1.0	17
55.33357	8.69278	-55.38479	LAX_LV_EPICARDIAL	7	1.0	17
55.11206	10.29407	-53.08328	LAX_LV_EPICARDIAL	7	1.0	17
53.49076	11.89536	-50.91650	LAX_LV_EPICARDIAL	7	1.0	17
53.26925	13.49665	-48.61498	LAX_LV_EPICARDIAL	7	1.0	17
53.04774	15.09794	-46.31347	LAX_LV_EPICARDIAL	7	1.0	17
51.42644	16.69924	-44.14669	LAX_LV_EPICARDIAL	7	1.0	17
51.20493	18.30053	-41.84518	LAX_LV_EPICARDIAL	7	1.0	17
49.58363	19.90182	-39.67839	LAX_LV_EPICARDIAL	7	1.0	17
49.36212	21.50311	-37.37688	LAX_LV_EPICARDIAL	7	1.0	17
47.74083	23.10440	-35.21009	LAX_LV_EPICARDIAL	7	1.0	17
46.11953	24.70569	-33.04331	LAX_LV_EPICARDIAL	7	1.0	17
44.49824	26.30698	-30.87652	LAX_LV_EPICARDIAL	7	1.0	17
42.87694	27.90828	-28.70973	LAX_LV_EPICARDIAL	7	1.0	17
41.25565	29.50957	-26.54295	LAX_LV_EPICARDIAL	7	1.0	17
39.63436	31.11086	-24.37616	LAX_LV_EPICARDIAL	7	1.0	17
36.61328	32.71215	-22.34410	LAX_LV_EPICARDIAL	7	1.0	17
34.99199	34.31344	-20.17731	LAX_LV_EPICARDIAL	7	1.0	17
31.97091	35.91473	-18.14525	LAX_LV_EPICARDIAL	7	1.0	17
29.06059	36.71538	-17.26395	LAX_LV_EPICARDIAL	7	1.0	17
26.15027	37.51603	-16.38264	LAX_LV_EPICARDIAL	7	1.0	17
23.23995	38.31667	-15.50133	LAX_LV_EPICARDIAL	7	1.0	17
-19.67019	24.70571	-39.37537	LAX_LV_ENDOCARDIAL	7	1.0	17
-19.44867	23.10442	-41.67688	LAX_LV_ENDOCARDIAL	7	1.0	17
-19.22716	21.50313	-43.97839	LAX_LV_ENDOCARDIAL	7	1.0	17
-19.00565	19.90184	-46.27990	LAX_LV_ENDOCARDIAL	7	1.0	17
-18.78413	18.30055	-48.58141	LAX_LV_ENDOCARDIAL	7	1.0	17
-18.56262	16.69925	-50.88292	LAX_LV_ENDOCARDIAL	7	1.0	17
-18.34111	15.09796	-53.18443	LAX_LV_ENDOCARDIAL	7	1.0	17
-16.71981	13.49667	-55.35122	LAX_LV_ENDOCARDIAL	7	1.0	17
-15.09852	11.89538	-57.51800	LAX_LV_ENDOCARDIAL	7	1.0	17
-13.47723	10.29409	-59.68479	LAX_LV_ENDOCARDIAL	7	1.0	17
-10.45615	8.69280	-61.71685	LAX_LV_ENDOCARDIAL	7	1.0	17
-7.43507	7.09150	-63.74891	LAX_LV_ENDOCARDIAL	7	1.0	17
-4.41400	5.49021	-65.78097	LAX_LV_ENDOCARDIAL	7	1.0	17
-2.79270	3.88892	-67.94776	LAX_LV_ENDOCARDIAL	7	1.0	17
-1.17141	2.28763	-70.11455	LAX_LV_ENDOCARDIAL	7	1.0	17
0.44988	0.68634	-72.28133	LAX_LV_ENDOCARDIAL	7	1.0	17
2.07118	-0.91495	-74.44812	LAX_LV_ENDOCARDIAL	7	1.0	17
3.69247	-2.51625	-76.61491	LAX_LV_ENDOCARDIAL	7	1.0	17
5.31377	-4.11754	-78.78169	LAX_LV_ENDOCARDIAL	7	1.0	17
6.93506	-5.71883	-80.94848	LAX_LV_ENDOCARDIAL	7	1.0	17
9.95614	-7.32012	-82.98054	LAX_LV_ENDOCARDIAL	7	1.0	17
11.57743	-8.92141	-85.14733	LAX_LV_ENDOCARDIAL	7	1.0	17
14.59851	-10.52270	-87.17939	LAX_LV_ENDOCARDIAL	7	1.0	17
17.61958	-12.12400	-89.21145	LAX_LV_ENDOCARDIAL	7	1.0	17
19.24088	-13.72529	-91.37824	LAX_LV_ENDOCARDIAL	7	1.0	17
22.15120	-14.52593	-92.25954	LAX_LV_ENDOCARDIAL	7	1.0	17
25.17227	-16.12723	-94.29160	LAX_LV_ENDOCARDIAL	7	1.0	17
28.19335	-17.72852	-96.32367	LAX_LV_ENDOCARDIAL	7	1.0	17
31.10367	-18.52917	-97.20497	LAX_LV_ENDOCARDIAL	7	1.0	17
34.01399	-19.32981	-98.08628	LAX_LV_ENDOCARDIAL	7	1.0	17
36.92430	-20.13046	-98.96758	LAX_LV_ENDOCARDIAL	7	1.0	17
39.61311	-19.32981	-97.54738	LAX_LV_ENDOCARDIAL	7	1.0	17
40.90214	-18.52917	-96.26190	LAX_LV_ENDOCARDIAL	7	1.0	17
42.08040	-16.92788	-93.82566	LAX_LV_ENDOCARDIAL	7	1.0	17
43.25867	-15.32659	-91.38943	LAX_LV_ENDOCARDIAL	7	1.0	17
44.43694	-13.72530	-88.95319	LAX_LV_ENDOCARDIAL	7	1.0	17
44.21543	-12.12400	-86.65168	LAX_LV_ENDOCARDIAL	7	1.0	17
45.39369	-10.52271	-84.21545	LAX_LV_ENDOCARDIAL	7	1.0	17
46.57196	-8.92142	-81.77921	LAX_LV_ENDOCARDIAL	7	1.0	17
46.35045	-7.32013	-79.47770	LAX_LV_ENDOCARDIAL	7	1.0	17
47.52872	-5.71884	-77.04146	LAX_LV_ENDOCARDIAL	7	1.0	17
48.70699	-4.11755	-74.60523	LAX_LV_ENDOCARDIAL	7	1.0	17
48.48547	-2.51626	-72.30372	LAX_LV_ENDOCARDIAL	7	1.0	17
49.66374	-0.91497	-69.86748	LAX_LV_ENDOCARDIAL	7	1.0	17
49.44223	0.68632	-67.56597	LAX_LV_ENDOCARDIAL	7	1.0	17
49.22072	2.28762	-65.26446	LAX_LV_ENDOCARDIAL	7	1.0	17
48.99920	3.88891	-62.96295	LAX_LV_ENDOCARDIAL	7	1.0	17
48.77769	5.49020	-60.66144	LAX_LV_ENDOCARDIAL	7	1.0	17
48.55618	7.09149	-58.35993	LAX_LV_ENDOCARDIAL	7	1.0	17
48.33466	8.69278	-56.05842	LAX_LV_ENDOCARDIAL	7	1.0	17
48.11315	10.29407	-53.75690	LAX_LV_ENDOCARDIAL	7	1.0	17
47.89164	11.89536	-51.45539	LAX_LV_ENDOCARDIAL	7	1.0	17
47.67012	13.49665	-49.15388	LAX_LV_ENDOCARDIAL	7	1.0	17
47.44861	15.09795	-46.85237	LAX_LV_ENDOCARDIAL	7	1.0	17
45.82732	16.69924	-44.68559	LAX_LV_ENDOCARDIAL	7	1.0	17
44.20602	18.30053	-42.51880	LAX_LV_ENDOCARDIAL	7	1.0	17
42.58473	19.90182	-40.35201	LAX_LV_ENDOCARDIAL	7	1.0	17
40.96343	21.50311	-38.18523	LAX_LV_ENDOCARDIAL	7	1.0	17
39.34214	23.10440	-36.01844	LAX_LV_ENDOCARDIAL	7	1.0	17
37.72084	24.70570	-33.85165	LAX_LV_ENDOCARDIAL	7	1.0	17
36.09955	26.30699	-31.68487	LAX_LV_ENDOCARDIAL	7	1.0	17
33.07847	27.90828	-29.65281	LAX_LV_ENDOCARDIAL	7	1.0	17
31.45718	29.50957	-27.48602	LAX_LV_ENDOCARDIAL	7	1.0	17
29.83589	31.11086	-25.31923	LAX_LV_ENDOCARDIAL	7	1.0	17
26.92557	31.91151	-24.43793	LAX_LV_ENDOCARDIAL	7	1.0	17
24.01525	32.71215	-23.55662	LAX_LV_ENDOCARDIAL	7	1.0	17
20.99417	34.31345	-21.52456	LAX_LV_ENDOCARDIAL	7	1.0	17
18.08385	35.11409	-20.64325	LAX_LV_ENDOCARDIAL	7	1.0	17
-62.13730	7.89217	-67.85242	LAX_RV_EPICARDIAL	7	1.0	17
-64.82611	7.09152	-69.27262	LAX_RV_EPICARDIAL	7	1.0	17
-67.40415	5.49023	-71.84358	LAX_RV_EPICARDIAL	7	1.0	17
-67.18264	3.88894	-74.14510	LAX_RV_EPICARDIAL	7	1.0	17
-68.36091	2.28765	-76.58133	LAX_RV_EPICARDIAL	7	1.0	17
-68.13940	0.68636	-78.88284	LAX_RV_EPICARDIAL	7	1.0	17
-66.51810	-0.91493	-81.04963	LAX_RV_EPICARDIAL	7	1.0	17
-66.29659	-2.51623	-83.35114	LAX_RV_EPICARDIAL	7	1.0	17
-64.67530	-4.11752	-85.51793	LAX_RV_EPICARDIAL	7	1.0	17
-63.05400	-5.71881	-87.68471	LAX_RV_EPICARDIAL	7	1.0	17
-61.43271	-7.32010	-89.85150	LAX_RV_EPICARDIAL	7	1.0	17
-59.81141	-8.92139	-92.01828	LAX_RV_EPICARDIAL	7	1.0	17
-56.79034	-10.52268	-94.05035	LAX_RV_EPICARDIAL	7	1.0	17
-53.76926	-12.12398	-96.08241	LAX_RV_EPICARDIAL	7	1.0	17
-50.85894	-12.92462	-96.96371	LAX_RV_EPICARDIAL	7	1.0	17
-47.83787	-14.52591	-98.99578	LAX_RV_EPICARDIAL	7	1.0	17
-44.92755	-15.32656	-99.87708	LAX_RV_EPICARDIAL	7	1.0	17
-42.01723	-16.12721	-100.75839	LAX_RV_EPICARDIAL	7	1.0	17
-39.10691	-16.92785	-101.63969	LAX_RV_EPICARDIAL	7	1.0	17
-36.19659	-17.72850	-102.52100	LAX_RV_EPICARDIAL	7	1.0	17
-33.28627	-18.52915	-103.40231	LAX_RV_EPICARDIAL	7	1.0	17
-30.37595	-19.32979	-104.28361	LAX_RV_EPICARDIAL	7	1.0	17
-27.46563	-20.13044	-105.16492	LAX_RV_EPICARDIAL	7	1.0	17
-24.55531	-20.93109	-106.04622	LAX_RV_EPICARDIAL	7	1.0	17
-21.75575	-20.93109	-105.77678	LAX_RV_EPICARDIAL	7	1.0	17
-18.84543	-21.73173	-106.65808	LAX_RV_EPICARDIAL	7	1.0	17
-15.93511	-22.53238	-107.53939	LAX_RV_EPICARDIAL	7	1.0	17
-13.02479	-23.33303	-108.42069	LAX_RV_EPICARDIAL	7	1.0	17
-10.11448	-24.13367	-109.30200	LAX_RV_EPICARDIAL	7	1.0	17
-7.31491	-24.13367	-109.03255	LAX_RV_EPICARDIAL	7	1.0	17
-4.51535	-24.13367	-108.76310	LAX_RV_EPICARDIAL	7	1.0	17
-1.60503	-24.93432	-109.64441	LAX_RV_EPICARDIAL	7	1.0	17
1.19453	-24.93432	-109.37496	LAX_RV_EPICARDIAL	7	1.0	17
3.99409	-24.93432	-109.10551	LAX_RV_EPICARDIAL	7	1.0	17
6.90441	-25.73497	-109.98681	LAX_RV_EPICARDIAL	7	1.0	17
9.70398	-25.73497	-109.71737	LAX_RV_EPICARDIAL	7	1.0	17
12.61429	-26.53562	-110.59867	LAX_RV_EPICARDIAL	7	1.0	17
15.41386	-26.53562	-110.32922	LAX_RV_EPICARDIAL	7	1.0	17
18.21342	-26.53562	-110.05977	LAX_RV_EPICARDIAL	7	1.0	17
20.90223	-25.73497	-108.63957	LAX_RV_EPICARDIAL	7	1.0	17
23.59103	-24.93433	-107.21936	LAX_RV_EPICARDIAL	7	1.0	17
26.27984	-24.13368	-105.79916	LAX_RV_EPICARDIAL	7	1.0	17
-18.60267	27.10765	-35.78837	MITRAL_VALVE	7	1.0	17
15.17353	35.91474	-19.76195	MITRAL_VALVE	7	1.0	17
-60.73752	7.89217	-67.71769	TRICUSPID_VALVE	7	1.0	17
-27.91806	13.49668	-56.42901	TRICUSPID_VALVE	7	1.0	17
35.85679	-22.53239	-102.55458	APEX_POINT	7	1.0	17
-10.88531	-17.19117	-2.56135	LAX_RV_FREEWALL	11	1.0	17
-10.50699	-17.18129	-5.34827	LAX_RV_FREEWALL	11	1.0	17
-10.04327	-18.57505	-8.12858	LAX_RV_FREEWALL	11	1.0	17
-9.57954	-19.96881	-10.90888	LAX_RV_FREEWALL	11	1.0	17
-9.11581	-21.36257	-13.68918	LAX_RV_FREEWALL	11	1.0	17
-8.73750	-21.35269	-16.47611	LAX_RV_FREEWALL	11	1.0	17
-8.27377	-22.74645	-19.25641	LAX_RV_FREEWALL	11	1.0	17
-7.89546	-22.73657	-22.04333	LAX_RV_FREEWALL	11	1.0	17
-7.43173	-24.13033	-24.82364	LAX_RV_FREEWALL	11	1.0	17
-7.05342	-24.12045	-27.61056	LAX_RV_FREEWALL	11	1.0	17
-6.67510	-24.11057	-30.39748	LAX_RV_FREEWALL	11	1.0	17
-6.29679	-24.10070	-33.18441	LAX_RV_FREEWALL	11	1.0	17
-5.91848	-24.09082	-35.97133	LAX_RV_FREEWALL	11	1.0	17
-5.54017	-24.08094	-38.75825	LAX_RV_FREEWALL	11	1.0	17
-5.16186	-24.07106	-41.54518	LAX_RV_FREEWALL	11	1.0	17
-4.69813	-25.46482	-44.32548	LAX_RV_FREEWALL	11	1.0	17
-4.31982	-25.45494	-47.11240	LAX_RV_FREEWALL	11	1.0	17
-3.85609	-26.84870	-49.89271	LAX_RV_FREEWALL	11	1.0	17
-3.47778	-26.83882	-52.67963	LAX_RV_FREEWALL	11	1.0	17
-3.09946	-26.82894	-55.46655	LAX_RV_FREEWALL	11	1.0	17
-2.72115	-26.81906	-58.25348	LAX_RV_FREEWALL	11	1.0	17
-2.34284	-26.80918	-61.04040	LAX_RV_FREEWALL	11	1.0	17
-1.87911	-28.20294	-63.82070	LAX_RV_FREEWALL	11	1.0	17
-1.50080	-28.19307	-66.60763	LAX_RV_FREEWALL	11	1.0	17
-1.12249	-28.18319	-69.39455	LAX_RV_FREEWALL	11	1.0	17
-0.74417	-28.17331	-72.18147	LAX_RV_FREEWALL	11	1.0	17
-0.45128	-26.75979	-74.97502	LAX_RV_FREEWALL	11	1.0	17
-0.15838	-25.34627	-77.76856	LAX_RV_FREEWALL	11	1.0	17
0.30535	-26.74003	-80.54886	LAX_RV_FREEWALL	11	1.0	17
0.68366	-26.73015	-83.33579	LAX_RV_FREEWALL	11	1.0	17
1.06197	-26.72028	-86.12271	LAX_RV_FREEWALL	11	1.0	17
1.35487	-25.30676	-88.91625	LAX_RV_FREEWALL	11	1.0	17
1.81859	-26.70052	-91.69655	LAX_RV_FREEWALL	11	1.0	17
2.19691	-26.69064	-94.48348	LAX_RV_FREEWALL	11	1.0	17
2.57522	-26.68076	-97.27040	LAX_RV_FREEWALL	11	1.0	17
2.95353	-26.67088	-100.05732	LAX_RV_FREEWALL	11	1.0	17
3.33184	-26.66100	-102.84425	LAX_RV_FREEWALL	11	1.0	17
3.62474	-25.24749	-105.63779	LAX_RV_FREEWALL	11	1.0	17
3.91764	-23.83397	-108.43133	LAX_RV_FREEWALL	11	1.0	17
3.93596	-21.02175	-109.83803	LAX_RV_FREEWALL	11	1.0	17
3.76513	-18.21447	-109.85127	LAX_RV_FREEWALL	11	1.0	17
3.40514	-15.41214	-108.47105	LAX_RV_FREEWALL	11	1.0	17
3.04515	-12.60980	-107.09083	LAX_RV_FREEWALL	11	1.0	17
2.68517	-9.80746	-105.71060	LAX_RV_FREEWALL	11	1.0	17
2.13602	-7.01006	-102.93692	LAX_RV_FREEWALL	11	1.0	17
1.77603	-4.20772	-101.55670	LAX_RV_FREEWALL	11	1.0	17
1.22689	-1.41033	-98.78301	LAX_RV_FREEWALL	11	1.0	17
0.86690	1.39201	-97.40279	LAX_RV_FREEWALL	11	1.0	17
0.40317	2.78577	-94.62248	LAX_RV_FREEWALL	11	1.0	17
-0.14597	5.58317	-91.84880	LAX_RV_FREEWALL	11	1.0	17
-0.60970	6.97693	-89.06850	LAX_RV_FREEWALL	11	1.0	17
-0.62802	4.16471	-87.66180	LAX_RV_FREEWALL	11	1.0	17
-0.64635	1.35250	-86.25510	LAX_RV_SEPTUM	11	1.0	17
-0.66467	-1.45972	-84.84840	LAX_RV_SEPTUM	11	1.0	17
-0.68300	-4.27194	-83.44170	LAX_RV_SEPTUM	11	1.0	17
-0.89048	-7.08909	-80.64153	LAX_RV_SEPTUM	11	1.0	17
-0.90880	-9.90131	-79.23483	LAX_RV_SEPTUM	11	1.0	17
-1.20170	-11.31483	-76.44129	LAX_RV_SEPTUM	11	1.0	17
-1.49459	-12.72834	-73.64775	LAX_RV_SEPTUM	11	1.0	17
-1.78749	-14.14186	-70.85421	LAX_RV_SEPTUM	11	1.0	17
-2.16580	-14.15174	-68.06728	LAX_RV_SEPTUM	11	1.0	17
-2.54411	-14.16162	-65.28036	LAX_RV_SEPTUM	11	1.0	17
-2.92243	-14.17150	-62.49344	LAX_RV_SEPTUM	11	1.0	17
-3.30074	-14.18138	-59.70651	LAX_RV_SEPTUM	11	1.0	17
-3.67905	-14.19126	-56.91959	LAX_RV_SEPTUM	11	1.0	17
-3.97195	-15.60477	-54.12605	LAX_RV_SEPTUM	11	1.0	17
-4.35026	-15.61465	-51.33912	LAX_RV_SEPTUM	11	1.0	17
-4.72857	-15.62453	-48.55220	LAX_RV_SEPTUM	11	1.0	17
-5.10688	-15.63441	-45.76528	LAX_RV_SEPTUM	11	1.0	17
-5.57061	-14.24065	-42.98497	LAX_RV_SEPTUM	11	1.0	17
-6.03434	-12.84689	-40.20467	LAX_RV_SEPTUM	11	1.0	17
-6.49807	-11.45313	-37.42437	LAX_RV_SEPTUM	11	1.0	17
-6.87638	-11.46301	-34.63744	LAX_RV_SEPTUM	11	1.0	17
-7.34011	-10.06925	-31.85714	LAX_RV_SEPTUM	11	1.0	17
-7.71842	-10.07913	-29.07022	LAX_RV_SEPTUM	11	1.0	17
-8.18215	-8.68537	-26.28991	LAX_RV_SEPTUM	11	1.0	17
-8.64588	-7.29161	-23.50961	LAX_RV_SEPTUM	11	1.0	17
-9.10960	-5.89785	-20.72931	LAX_RV_SEPTUM	11	1.0	17
-9.48792	-5.90773	-17.94238	LAX_RV_SEPTUM	11	1.0	17
-9.95164	-4.51397	-15.16208	LAX_RV_SEPTUM	11	1.0	17
-10.41537	-3.12021	-12.38178	LAX_RV_SEPTUM	11	1.0	17
-11.45277	-17.20599	1.61903	LAX_RV_EPICARDIAL	11	1.0	17
-10.98905	-18.59975	-1.16127	LAX_RV_EPICARDIAL	11	1.0	17
-10.52532	-19.99351	-3.94157	LAX_RV_EPICARDIAL	11	1.0	17
-10.06159	-21.38727	-6.72188	LAX_RV_EPICARDIAL	11	1.0	17
-9.59786	-22.78103	-9.50218	LAX_RV_EPICARDIAL	11	1.0	17
-9.13413	-24.17479	-12.28248	LAX_RV_EPICARDIAL	11	1.0	17
-8.75582	-24.16491	-15.06941	LAX_RV_EPICARDIAL	11	1.0	17
-8.29209	-25.55867	-17.84971	LAX_RV_EPICARDIAL	11	1.0	17
-7.82837	-26.95243	-20.63002	LAX_RV_EPICARDIAL	11	1.0	17
-7.45005	-26.94255	-23.41694	LAX_RV_EPICARDIAL	11	1.0	17
-7.07174	-26.93267	-26.20386	LAX_RV_EPICARDIAL	11	1.0	17
-6.69343	-26.92279	-28.99078	LAX_RV_EPICARDIAL	11	1.0	17
-6.31512	-26.91291	-31.77771	LAX_RV_EPICARDIAL	11	1.0	17
-5.93680	-26.90303	-34.56463	LAX_RV_EPICARDIAL	11	1.0	17
-5.55849	-26.89315	-37.35155	LAX_RV_EPICARDIAL	11	1.0	17
-5.18018	-26.88328	-40.13848	LAX_RV_EPICARDIAL	11	1.0	17
-4.80187	-26.87340	-42.92540	LAX_RV_EPICARDIAL	11	1.0	17
-4.42356	-26.86352	-45.71232	LAX_RV_EPICARDIAL	11	1.0	17
-3.95983	-28.25728	-48.49263	LAX_RV_EPICARDIAL	11	1.0	17
-3.58152	-28.24740	-51.27955	LAX_RV_EPICARDIAL	11	1.0	17
-3.20320	-28.23752	-54.06647	LAX_RV_EPICARDIAL	11	1.0	17
-2.82489	-28.22764	-56.85340	LAX_RV_EPICARDIAL	11	1.0	17
-2.36116	-29.62140	-59.63370	LAX_RV_EPICARDIAL	11	1.0	17
-1.98285	-29.61152	-62.42062	LAX_RV_EPICARDIAL	11	1.0	17
-1.60454	-29.60164	-65.20755	LAX_RV_EPICARDIAL	11	1.0	17
-1.14081	-30.99540	-67.98785	LAX_RV_EPICARDIAL	11	1.0	17
-0.76250	-30.98552	-70.77477	LAX_RV_EPICARDIAL	11	1.0	17
-0.38419	-30.97565	-73.56170	LAX_RV_EPICARDIAL	11	1.0	17
-0.09129	-29.56213	-76.35524	LAX_RV_EPICARDIAL	11	1.0	17
0.28702	-29.55225	-79.14216	LAX_RV_EPICARDIAL	11	1.0	17
0.66533	-29.54237	-81.92909	LAX_RV_EPICARDIAL	11	1.0	17
1.04365	-29.53249	-84.71601	LAX_RV_EPICARDIAL	11	1.0	17
1.42196	-29.52261	-87.50293	LAX_RV_EPICARDIAL	11	1.0	17
1.80027	-29.51273	-90.28985	LAX_RV_EPICARDIAL	11	1.0	17
2.17858	-29.50286	-93.07678	LAX_RV_EPICARDIAL	11	1.0	17
2.55690	-29.49298	-95.86370	LAX_RV_EPICARDIAL	11	1.0	17
2.93521	-29.48310	-98.65062	LAX_RV_EPICARDIAL	11	1.0	17
3.31352	-29.47322	-101.43755	LAX_RV_EPICARDIAL	11	1.0	17
3.60642	-28.05970	-104.23109	LAX_RV_EPICARDIAL	11	1.0	17
3.98473	-28.04982	-107.01801	LAX_RV_EPICARDIAL	11	1.0	17
4.27762	-26.63631	-109.81156	LAX_RV_EPICARDIAL	11	1.0	17
4.48510	-23.81915	-112.61172	LAX_RV_EPICARDIAL	11	1.0	17
4.50343	-21.00693	-114.01842	LAX_RV_EPICARDIAL	11	1.0	17
4.14344	-18.20460	-112.63819	LAX_RV_EPICARDIAL	11	1.0	17
3.97261	-15.39732	-112.65143	LAX_RV_EPICARDIAL	11	1.0	17
3.61262	-12.59498	-111.27121	LAX_RV_EPICARDIAL	11	1.0	17
3.25263	-9.79264	-109.89099	LAX_RV_EPICARDIAL	11	1.0	17
2.89265	-6.99030	-108.51076	LAX_RV_EPICARDIAL	11	1.0	17
2.53266	-4.18797	-107.13054	LAX_RV_EPICARDIAL	11	1.0	17
2.17267	-1.38563	-105.75032	LAX_RV_EPICARDIAL	11	1.0	17
1.62353	1.41177	-102.97663	LAX_RV_EPICARDIAL	11	1.0	17
1.07438	4.20917	-100.20295	LAX_RV_EPICARDIAL	11	1.0	17
0.52524	7.00657	-97.42927	LAX_RV_EPICARDIAL	11	1.0	17
-0.02391	9.80396	-94.65558	LAX_RV_EPICARDIAL	11	1.0	17
-0.57305	12.60136	-91.88190	LAX_RV_EPICARDIAL	11	1.0	17
-0.95136	12.59148	-89.09497	LAX_RV_EPICARDIAL	11	1.0	17
-0.96969	9.77927	-87.68827	LAX_RV_EPICARDIAL	11	1.0	17
-0.60970	6.97693	-89.06850	LAX_RV_EPICARDIAL	11	1.0	17
-11.62361	-14.39871	1.60580	PULMONARY_VALVE	11	1.0	17
-11.15367	-0.32775	-8.21463	PULMONARY_VALVE	11	1.0	17
