x	y	z	contour type	frameID	weight	time frame
-29.40832	-25.27687	-48.23307	SAX_RV_FREEWALL	3	1.0	8
-31.10489	-24.17210	-50.63907	SAX_RV_FREEWALL	3	1.0	8
-33.33258	-24.17211	-52.35592	SAX_RV_FREEWALL	3	1.0	8
-35.56027	-24.17211	-54.07277	SAX_RV_FREEWALL	3	1.0	8
-37.25684	-23.06734	-56.47877	SAX_RV_FREEWALL	3	1.0	8
-38.95340	-21.96258	-58.88477	SAX_RV_FREEWALL	3	1.0	8
-41.18109	-21.96258	-60.60162	SAX_RV_FREEWALL	3	1.0	8
-42.34654	-19.75304	-63.69678	SAX_RV_FREEWALL	3	1.0	8
-44.04311	-18.64828	-66.10278	SAX_RV_FREEWALL	3	1.0	8
-45.73967	-17.54351	-68.50878	SAX_RV_FREEWALL	3	1.0	8
-45.79128	-15.33398	-70.74552	SAX_RV_FREEWALL	3	1.0	8
-45.84288	-13.12444	-72.98225	SAX_RV_FREEWALL	3	1.0	8
-45.89448	-10.91491	-75.21899	SAX_RV_FREEWALL	3	1.0	8
-44.83224	-8.70537	-76.59730	SAX_RV_FREEWALL	3	1.0	8
-43.77000	-6.49583	-77.97562	SAX_RV_FREEWALL	3	1.0	8
-41.59391	-4.28629	-78.49551	SAX_RV_FREEWALL	3	1.0	8
-39.41782	-2.07676	-79.01540	SAX_RV_FREEWALL	3	1.0	8
-36.12789	0.13278	-78.67686	SAX_RV_FREEWALL	3	1.0	8
-33.95181	2.34232	-79.19676	SAX_RV_FREEWALL	3	1.0	8
-31.77572	4.55186	-79.71665	SAX_RV_FREEWALL	3	1.0	8
-29.59964	6.76139	-80.23654	SAX_RV_FREEWALL	3	1.0	8
-26.30971	8.97093	-79.89800	SAX_RV_FREEWALL	3	1.0	8
-23.55090	10.07570	-78.87032	SAX_RV_FREEWALL	3	1.0	8
-20.79209	11.18047	-77.84263	SAX_RV_FREEWALL	3	1.0	8
-18.03328	12.28524	-76.81494	SAX_RV_FREEWALL	3	1.0	8
-15.80559	12.28525	-75.09809	SAX_RV_FREEWALL	3	1.0	8
7.14213	-16.43869	-28.85206	SAX_RV_FREEWALL	3	1.0	8
4.38332	-17.54346	-29.87975	SAX_RV_FREEWALL	3	1.0	8
1.62451	-18.64823	-30.90744	SAX_RV_FREEWALL	3	1.0	8
-1.13430	-19.75300	-31.93513	SAX_RV_FREEWALL	3	1.0	8
-3.89311	-20.85777	-32.96282	SAX_RV_FREEWALL	3	1.0	8
-6.65192	-21.96254	-33.99051	SAX_RV_FREEWALL	3	1.0	8
-9.41073	-23.06731	-35.01820	SAX_RV_FREEWALL	3	1.0	8
-12.16954	-24.17209	-36.04589	SAX_RV_FREEWALL	3	1.0	8
-14.92835	-25.27686	-37.07358	SAX_RV_FREEWALL	3	1.0	8
-17.15604	-25.27686	-38.79042	SAX_RV_FREEWALL	3	1.0	8
-19.38373	-25.27686	-40.50727	SAX_RV_FREEWALL	3	1.0	8
-21.61141	-25.27686	-42.22411	SAX_RV_FREEWALL	3	1.0	8
-23.83910	-25.27686	-43.94096	SAX_RV_FREEWALL	3	1.0	8
-26.06679	-25.27687	-45.65780	SAX_RV_FREEWALL	3	1.0	8
-28.29448	-25.27687	-47.37465	SAX_RV_FREEWALL	3	1.0	8
-32.64665	-29.69594	-46.33487	SAX_RV_EPICARDIAL	3	1.0	8
-34.34322	-28.59118	-48.74087	SAX_RV_EPICARDIAL	3	1.0	8
-36.57091	-28.59118	-50.45772	SAX_RV_EPICARDIAL	3	1.0	8
-38.26748	-27.48641	-52.86372	SAX_RV_EPICARDIAL	3	1.0	8
-40.49516	-27.48642	-54.58056	SAX_RV_EPICARDIAL	3	1.0	8
-42.19173	-26.38165	-56.98657	SAX_RV_EPICARDIAL	3	1.0	8
-43.88830	-25.27688	-59.39257	SAX_RV_EPICARDIAL	3	1.0	8
-46.11599	-25.27689	-61.10941	SAX_RV_EPICARDIAL	3	1.0	8
-47.28143	-23.06735	-64.20457	SAX_RV_EPICARDIAL	3	1.0	8
-48.44688	-20.85782	-67.29973	SAX_RV_EPICARDIAL	3	1.0	8
-49.61233	-18.64828	-70.39489	SAX_RV_EPICARDIAL	3	1.0	8
-50.77777	-16.43875	-73.49005	SAX_RV_EPICARDIAL	3	1.0	8
-49.71553	-14.22921	-74.86836	SAX_RV_EPICARDIAL	3	1.0	8
-48.65329	-12.01968	-76.24668	SAX_RV_EPICARDIAL	3	1.0	8
-47.59105	-9.81014	-77.62499	SAX_RV_EPICARDIAL	3	1.0	8
-46.52881	-7.60060	-79.00330	SAX_RV_EPICARDIAL	3	1.0	8
-45.46656	-5.39107	-80.38162	SAX_RV_EPICARDIAL	3	1.0	8
-44.40432	-3.18153	-81.75993	SAX_RV_EPICARDIAL	3	1.0	8
-42.22824	-0.97199	-82.27982	SAX_RV_EPICARDIAL	3	1.0	8
-40.05215	1.23755	-82.79971	SAX_RV_EPICARDIAL	3	1.0	8
-37.87606	3.44708	-83.31960	SAX_RV_EPICARDIAL	3	1.0	8
-34.58613	5.65662	-82.98107	SAX_RV_EPICARDIAL	3	1.0	8
-31.29620	7.86616	-82.64254	SAX_RV_EPICARDIAL	3	1.0	8
-28.00627	10.07570	-82.30401	SAX_RV_EPICARDIAL	3	1.0	8
-24.71634	12.28524	-81.96547	SAX_RV_EPICARDIAL	3	1.0	8
-21.42641	14.49478	-81.62694	SAX_RV_EPICARDIAL	3	1.0	8
-18.66760	15.59955	-80.59925	SAX_RV_EPICARDIAL	3	1.0	8
-16.43991	15.59955	-78.88241	SAX_RV_EPICARDIAL	3	1.0	8
-13.68111	16.70432	-77.85472	SAX_RV_EPICARDIAL	3	1.0	8
-10.92230	17.80909	-76.82703	SAX_RV_EPICARDIAL	3	1.0	8
-12.46406	12.28525	-72.52282	SAX_RV_EPICARDIAL	3	1.0	8
12.07702	-13.12438	-28.34427	SAX_RV_EPICARDIAL	3	1.0	8
15.41855	-13.12438	-25.76900	SAX_RV_EPICARDIAL	3	1.0	8
13.24247	-15.33392	-25.24911	SAX_RV_EPICARDIAL	3	1.0	8
11.06638	-17.54346	-24.72922	SAX_RV_EPICARDIAL	3	1.0	8
7.77645	-19.75299	-25.06775	SAX_RV_EPICARDIAL	3	1.0	8
5.01764	-20.85776	-26.09544	SAX_RV_EPICARDIAL	3	1.0	8
2.25883	-21.96254	-27.12313	SAX_RV_EPICARDIAL	3	1.0	8
-0.49998	-23.06731	-28.15082	SAX_RV_EPICARDIAL	3	1.0	8
-3.78991	-25.27684	-28.48935	SAX_RV_EPICARDIAL	3	1.0	8
-6.54872	-26.38162	-29.51704	SAX_RV_EPICARDIAL	3	1.0	8
-9.30753	-27.48639	-30.54473	SAX_RV_EPICARDIAL	3	1.0	8
-12.06634	-28.59116	-31.57241	SAX_RV_EPICARDIAL	3	1.0	8
-14.82514	-29.69593	-32.60010	SAX_RV_EPICARDIAL	3	1.0	8
-17.05283	-29.69593	-34.31695	SAX_RV_EPICARDIAL	3	1.0	8
-19.28052	-29.69593	-36.03379	SAX_RV_EPICARDIAL	3	1.0	8
-21.50821	-29.69593	-37.75064	SAX_RV_EPICARDIAL	3	1.0	8
-23.73590	-29.69594	-39.46749	SAX_RV_EPICARDIAL	3	1.0	8
-25.96359	-29.69594	-41.18433	SAX_RV_EPICARDIAL	3	1.0	8
-28.19128	-29.69594	-42.90118	SAX_RV_EPICARDIAL	3	1.0	8
-30.41896	-29.69594	-44.61802	SAX_RV_EPICARDIAL	3	1.0	8
-13.57790	12.28525	-73.38125	SAX_RV_SEPTUM	3	1.0	8
-12.41245	10.07571	-70.28609	SAX_RV_SEPTUM	3	1.0	8
-12.36085	7.86618	-68.04935	SAX_RV_SEPTUM	3	1.0	8
-12.30925	5.65664	-65.81262	SAX_RV_SEPTUM	3	1.0	8
-12.25765	3.44711	-63.57588	SAX_RV_SEPTUM	3	1.0	8
-12.20604	1.23757	-61.33914	SAX_RV_SEPTUM	3	1.0	8
-12.15444	-0.97196	-59.10241	SAX_RV_SEPTUM	3	1.0	8
-12.10284	-3.18150	-56.86567	SAX_RV_SEPTUM	3	1.0	8
-10.93739	-5.39103	-53.77051	SAX_RV_SEPTUM	3	1.0	8
-9.77195	-7.60057	-50.67535	SAX_RV_SEPTUM	3	1.0	8
-8.60650	-9.81010	-47.58019	SAX_RV_SEPTUM	3	1.0	8
-6.90993	-10.91487	-45.17419	SAX_RV_SEPTUM	3	1.0	8
-5.21337	-12.01963	-42.76819	SAX_RV_SEPTUM	3	1.0	8
-2.98568	-12.01963	-41.05134	SAX_RV_SEPTUM	3	1.0	8
-1.28911	-13.12440	-38.64534	SAX_RV_SEPTUM	3	1.0	8
0.93858	-13.12439	-36.92849	SAX_RV_SEPTUM	3	1.0	8
3.16627	-13.12439	-35.21165	SAX_RV_SEPTUM	3	1.0	8
5.39396	-13.12439	-33.49480	SAX_RV_SEPTUM	3	1.0	8
7.62164	-13.12439	-31.77796	SAX_RV_SEPTUM	3	1.0	8
9.84933	-13.12439	-30.06111	SAX_RV_SEPTUM	3	1.0	8
10.43206	-14.22915	-28.51353	SAX_RV_SEPTUM	3	1.0	8
-9.75685	15.59956	-73.73187	SAX_LV_EPICARDIAL	3	1.0	8
-8.69461	17.80909	-75.11018	SAX_LV_EPICARDIAL	3	1.0	8
-6.51852	20.01863	-75.63008	SAX_LV_EPICARDIAL	3	1.0	8
-5.45628	22.22817	-77.00839	SAX_LV_EPICARDIAL	3	1.0	8
-3.28019	24.43770	-77.52828	SAX_LV_EPICARDIAL	3	1.0	8
-1.10411	26.64724	-78.04817	SAX_LV_EPICARDIAL	3	1.0	8
1.07198	28.85678	-78.56806	SAX_LV_EPICARDIAL	3	1.0	8
4.36191	31.06632	-78.22953	SAX_LV_EPICARDIAL	3	1.0	8
7.65184	33.27586	-77.89100	SAX_LV_EPICARDIAL	3	1.0	8
10.94177	35.48540	-77.55246	SAX_LV_EPICARDIAL	3	1.0	8
13.70058	36.59017	-76.52478	SAX_LV_EPICARDIAL	3	1.0	8
16.45939	37.69494	-75.49709	SAX_LV_EPICARDIAL	3	1.0	8
19.21820	38.79971	-74.46940	SAX_LV_EPICARDIAL	3	1.0	8
21.44589	38.79971	-72.75255	SAX_LV_EPICARDIAL	3	1.0	8
24.20470	39.90448	-71.72486	SAX_LV_EPICARDIAL	3	1.0	8
26.43238	39.90448	-70.00802	SAX_LV_EPICARDIAL	3	1.0	8
28.66007	39.90449	-68.29117	SAX_LV_EPICARDIAL	3	1.0	8
31.41888	41.00926	-67.26348	SAX_LV_EPICARDIAL	3	1.0	8
33.64657	41.00926	-65.54664	SAX_LV_EPICARDIAL	3	1.0	8
35.34314	39.90449	-63.14063	SAX_LV_EPICARDIAL	3	1.0	8
37.57083	39.90449	-61.42379	SAX_LV_EPICARDIAL	3	1.0	8
39.26739	38.79973	-59.01779	SAX_LV_EPICARDIAL	3	1.0	8
40.96396	37.69496	-56.61178	SAX_LV_EPICARDIAL	3	1.0	8
42.66053	36.59020	-54.20578	SAX_LV_EPICARDIAL	3	1.0	8
43.82598	34.38066	-51.11062	SAX_LV_EPICARDIAL	3	1.0	8
45.52254	33.27590	-48.70462	SAX_LV_EPICARDIAL	3	1.0	8
45.57415	31.06636	-46.46788	SAX_LV_EPICARDIAL	3	1.0	8
45.62575	28.85682	-44.23115	SAX_LV_EPICARDIAL	3	1.0	8
45.67735	26.64729	-41.99441	SAX_LV_EPICARDIAL	3	1.0	8
45.72895	24.43775	-39.75768	SAX_LV_EPICARDIAL	3	1.0	8
45.78055	22.22822	-37.52094	SAX_LV_EPICARDIAL	3	1.0	8
44.71831	20.01868	-36.14263	SAX_LV_EPICARDIAL	3	1.0	8
43.65607	17.80914	-34.76431	SAX_LV_EPICARDIAL	3	1.0	8
43.70767	15.59961	-32.52758	SAX_LV_EPICARDIAL	3	1.0	8
42.64543	13.39007	-31.14926	SAX_LV_EPICARDIAL	3	1.0	8
41.58319	11.18054	-29.77095	SAX_LV_EPICARDIAL	3	1.0	8
39.40710	8.97100	-29.25106	SAX_LV_EPICARDIAL	3	1.0	8
38.34486	6.76146	-27.87275	SAX_LV_EPICARDIAL	3	1.0	8
36.16878	4.55192	-27.35285	SAX_LV_EPICARDIAL	3	1.0	8
35.10653	2.34239	-25.97454	SAX_LV_EPICARDIAL	3	1.0	8
32.93045	0.13285	-25.45465	SAX_LV_EPICARDIAL	3	1.0	8
30.75436	-2.07669	-24.93476	SAX_LV_EPICARDIAL	3	1.0	8
28.57828	-4.28623	-24.41487	SAX_LV_EPICARDIAL	3	1.0	8
25.28835	-6.49576	-24.75340	SAX_LV_EPICARDIAL	3	1.0	8
22.52954	-7.60053	-25.78109	SAX_LV_EPICARDIAL	3	1.0	8
19.23961	-9.81007	-26.11962	SAX_LV_EPICARDIAL	3	1.0	8
16.48080	-10.91484	-27.14731	SAX_LV_EPICARDIAL	3	1.0	8
12.93285	-2.07671	-38.66952	SAX_LV_ENDOCARDIAL	3	1.0	8
11.23629	-0.97194	-41.07553	SAX_LV_ENDOCARDIAL	3	1.0	8
9.00860	-0.97194	-42.79237	SAX_LV_ENDOCARDIAL	3	1.0	8
7.31203	0.13282	-45.19838	SAX_LV_ENDOCARDIAL	3	1.0	8
5.08434	0.13282	-46.91522	SAX_LV_ENDOCARDIAL	3	1.0	8
3.91890	2.34236	-50.01038	SAX_LV_ENDOCARDIAL	3	1.0	8
2.22233	3.44712	-52.41638	SAX_LV_ENDOCARDIAL	3	1.0	8
1.05688	5.65666	-55.51154	SAX_LV_ENDOCARDIAL	3	1.0	8
-0.10857	7.86619	-58.60670	SAX_LV_ENDOCARDIAL	3	1.0	8
-0.16017	10.07573	-60.84344	SAX_LV_ENDOCARDIAL	3	1.0	8
-0.21177	12.28526	-63.08017	SAX_LV_ENDOCARDIAL	3	1.0	8
0.85047	14.49480	-64.45849	SAX_LV_ENDOCARDIAL	3	1.0	8
1.91271	16.70434	-65.83680	SAX_LV_ENDOCARDIAL	3	1.0	8
2.97496	18.91387	-67.21511	SAX_LV_ENDOCARDIAL	3	1.0	8
5.15104	21.12341	-67.73500	SAX_LV_ENDOCARDIAL	3	1.0	8
6.21328	23.33295	-69.11332	SAX_LV_ENDOCARDIAL	3	1.0	8
9.50321	25.54249	-68.77479	SAX_LV_ENDOCARDIAL	3	1.0	8
12.79314	27.75202	-68.43625	SAX_LV_ENDOCARDIAL	3	1.0	8
15.55195	28.85679	-67.40856	SAX_LV_ENDOCARDIAL	3	1.0	8
18.31076	29.96156	-66.38088	SAX_LV_ENDOCARDIAL	3	1.0	8
21.06957	31.06634	-65.35319	SAX_LV_ENDOCARDIAL	3	1.0	8
23.29726	31.06634	-63.63634	SAX_LV_ENDOCARDIAL	3	1.0	8
25.52495	31.06634	-61.91949	SAX_LV_ENDOCARDIAL	3	1.0	8
27.75264	31.06634	-60.20265	SAX_LV_ENDOCARDIAL	3	1.0	8
29.98033	31.06634	-58.48580	SAX_LV_ENDOCARDIAL	3	1.0	8
31.67689	29.96158	-56.07980	SAX_LV_ENDOCARDIAL	3	1.0	8
33.37346	28.85681	-53.67380	SAX_LV_ENDOCARDIAL	3	1.0	8
35.07003	27.75205	-51.26780	SAX_LV_ENDOCARDIAL	3	1.0	8
36.23548	25.54251	-48.17264	SAX_LV_ENDOCARDIAL	3	1.0	8
36.28708	23.33298	-45.93590	SAX_LV_ENDOCARDIAL	3	1.0	8
36.33868	21.12344	-43.69917	SAX_LV_ENDOCARDIAL	3	1.0	8
35.27644	18.91390	-42.32085	SAX_LV_ENDOCARDIAL	3	1.0	8
35.32804	16.70437	-40.08412	SAX_LV_ENDOCARDIAL	3	1.0	8
33.15195	14.49483	-39.56422	SAX_LV_ENDOCARDIAL	3	1.0	8
32.08971	12.28529	-38.18591	SAX_LV_ENDOCARDIAL	3	1.0	8
31.02747	10.07576	-36.80760	SAX_LV_ENDOCARDIAL	3	1.0	8
29.96523	7.86622	-35.42928	SAX_LV_ENDOCARDIAL	3	1.0	8
27.78914	5.65668	-34.90939	SAX_LV_ENDOCARDIAL	3	1.0	8
26.72690	3.44715	-33.53108	SAX_LV_ENDOCARDIAL	3	1.0	8
24.55081	1.23761	-33.01119	SAX_LV_ENDOCARDIAL	3	1.0	8
21.79201	0.13284	-34.03888	SAX_LV_ENDOCARDIAL	3	1.0	8
19.03320	-0.97193	-35.06657	SAX_LV_ENDOCARDIAL	3	1.0	8
16.27439	-2.07670	-36.09426	SAX_LV_ENDOCARDIAL	3	1.0	8
14.04670	-2.07670	-37.81110	SAX_LV_ENDOCARDIAL	3	1.0	8
10.43206	-14.22915	-28.51353	RV_INSERT	3	1.0	8
-13.57790	12.28525	-73.38125	RV_INSERT	3	1.0	8
-28.28932	-30.70404	-70.41816	SAX_RV_FREEWALL	4	1.0	8
-29.98588	-29.59927	-72.82416	SAX_RV_FREEWALL	4	1.0	8
-31.15133	-27.38974	-75.91932	SAX_RV_FREEWALL	4	1.0	8
-32.84790	-26.28497	-78.32533	SAX_RV_FREEWALL	4	1.0	8
-32.89950	-24.07544	-80.56206	SAX_RV_FREEWALL	4	1.0	8
-32.95110	-21.86590	-82.79880	SAX_RV_FREEWALL	4	1.0	8
-33.00271	-19.65637	-85.03553	SAX_RV_FREEWALL	4	1.0	8
-31.94046	-17.44683	-86.41385	SAX_RV_FREEWALL	4	1.0	8
-30.87822	-15.23729	-87.79216	SAX_RV_FREEWALL	4	1.0	8
-28.70214	-13.02776	-88.31205	SAX_RV_FREEWALL	4	1.0	8
-25.41221	-10.81822	-87.97352	SAX_RV_FREEWALL	4	1.0	8
-23.23612	-8.60868	-88.49341	SAX_RV_FREEWALL	4	1.0	8
-21.06003	-6.39914	-89.01330	SAX_RV_FREEWALL	4	1.0	8
-17.77010	-4.18960	-88.67477	SAX_RV_FREEWALL	4	1.0	8
-14.48017	-1.98006	-88.33624	SAX_RV_FREEWALL	4	1.0	8
-11.19024	0.22948	-87.99770	SAX_RV_FREEWALL	4	1.0	8
-7.90031	2.43901	-87.65917	SAX_RV_FREEWALL	4	1.0	8
-5.14150	3.54378	-86.63148	SAX_RV_FREEWALL	4	1.0	8
-2.38269	4.64856	-85.60379	SAX_RV_FREEWALL	4	1.0	8
4.38848	-22.97063	-52.92327	SAX_RV_FREEWALL	4	1.0	8
1.62967	-24.07540	-53.95095	SAX_RV_FREEWALL	4	1.0	8
-0.59802	-24.07540	-55.66780	SAX_RV_FREEWALL	4	1.0	8
-2.82571	-24.07541	-57.38465	SAX_RV_FREEWALL	4	1.0	8
-5.58452	-25.18018	-58.41233	SAX_RV_FREEWALL	4	1.0	8
-8.34333	-26.28495	-59.44002	SAX_RV_FREEWALL	4	1.0	8
-11.10214	-27.38972	-60.46771	SAX_RV_FREEWALL	4	1.0	8
-13.86094	-28.49449	-61.49540	SAX_RV_FREEWALL	4	1.0	8
-16.61975	-29.59926	-62.52309	SAX_RV_FREEWALL	4	1.0	8
-19.37856	-30.70403	-63.55078	SAX_RV_FREEWALL	4	1.0	8
-21.60625	-30.70403	-65.26762	SAX_RV_FREEWALL	4	1.0	8
-23.83394	-30.70403	-66.98447	SAX_RV_FREEWALL	4	1.0	8
-26.06163	-30.70404	-68.70132	SAX_RV_FREEWALL	4	1.0	8
-30.41380	-35.12311	-67.66153	SAX_RV_EPICARDIAL	4	1.0	8
-32.11037	-34.01835	-70.06754	SAX_RV_EPICARDIAL	4	1.0	8
-33.80694	-32.91358	-72.47354	SAX_RV_EPICARDIAL	4	1.0	8
-34.97238	-30.70405	-75.56870	SAX_RV_EPICARDIAL	4	1.0	8
-36.13783	-28.49451	-78.66386	SAX_RV_EPICARDIAL	4	1.0	8
-37.30328	-26.28498	-81.75902	SAX_RV_EPICARDIAL	4	1.0	8
-37.35488	-24.07544	-83.99575	SAX_RV_EPICARDIAL	4	1.0	8
-37.40648	-21.86591	-86.23249	SAX_RV_EPICARDIAL	4	1.0	8
-36.34424	-19.65637	-87.61080	SAX_RV_EPICARDIAL	4	1.0	8
-35.28200	-17.44683	-88.98912	SAX_RV_EPICARDIAL	4	1.0	8
-34.21975	-15.23730	-90.36743	SAX_RV_EPICARDIAL	4	1.0	8
-32.04367	-13.02776	-90.88732	SAX_RV_EPICARDIAL	4	1.0	8
-29.86758	-10.81822	-91.40721	SAX_RV_EPICARDIAL	4	1.0	8
-27.69150	-8.60868	-91.92710	SAX_RV_EPICARDIAL	4	1.0	8
-25.51541	-6.39915	-92.44699	SAX_RV_EPICARDIAL	4	1.0	8
-23.33932	-4.18961	-92.96688	SAX_RV_EPICARDIAL	4	1.0	8
-20.04939	-1.98007	-92.62835	SAX_RV_EPICARDIAL	4	1.0	8
-16.75946	0.22947	-92.28982	SAX_RV_EPICARDIAL	4	1.0	8
-13.46953	2.43901	-91.95129	SAX_RV_EPICARDIAL	4	1.0	8
-10.17960	4.64855	-91.61275	SAX_RV_EPICARDIAL	4	1.0	8
-7.42079	5.75332	-90.58506	SAX_RV_EPICARDIAL	4	1.0	8
-4.66198	6.85809	-89.55738	SAX_RV_EPICARDIAL	4	1.0	8
-1.90317	7.96286	-88.52969	SAX_RV_EPICARDIAL	4	1.0	8
0.85563	9.06763	-87.50200	SAX_RV_EPICARDIAL	4	1.0	8
2.02108	6.85810	-84.40684	SAX_RV_EPICARDIAL	4	1.0	8
-0.15501	4.64856	-83.88695	SAX_RV_EPICARDIAL	4	1.0	8
8.79225	-20.76109	-51.72631	SAX_RV_EPICARDIAL	4	1.0	8
9.42658	-24.07539	-47.94199	SAX_RV_EPICARDIAL	4	1.0	8
6.66777	-25.18017	-48.96968	SAX_RV_EPICARDIAL	4	1.0	8
3.90896	-26.28494	-49.99737	SAX_RV_EPICARDIAL	4	1.0	8
1.68127	-26.28494	-51.71422	SAX_RV_EPICARDIAL	4	1.0	8
-1.07754	-27.38971	-52.74191	SAX_RV_EPICARDIAL	4	1.0	8
-3.30523	-27.38971	-54.45875	SAX_RV_EPICARDIAL	4	1.0	8
-5.53291	-27.38971	-56.17560	SAX_RV_EPICARDIAL	4	1.0	8
-8.82284	-29.59925	-56.51413	SAX_RV_EPICARDIAL	4	1.0	8
-12.11277	-31.80879	-56.85266	SAX_RV_EPICARDIAL	4	1.0	8
-14.87158	-32.91356	-57.88035	SAX_RV_EPICARDIAL	4	1.0	8
-17.63039	-34.01833	-58.90804	SAX_RV_EPICARDIAL	4	1.0	8
-19.85808	-34.01833	-60.62489	SAX_RV_EPICARDIAL	4	1.0	8
-22.61689	-35.12310	-61.65257	SAX_RV_EPICARDIAL	4	1.0	8
-24.84458	-35.12311	-63.36942	SAX_RV_EPICARDIAL	4	1.0	8
-27.07227	-35.12311	-65.08627	SAX_RV_EPICARDIAL	4	1.0	8
-29.29996	-35.12311	-66.80311	SAX_RV_EPICARDIAL	4	1.0	8
-0.15501	4.64856	-83.88695	SAX_RV_SEPTUM	4	1.0	8
-1.21725	2.43902	-82.50864	SAX_RV_SEPTUM	4	1.0	8
-1.16564	0.22949	-80.27190	SAX_RV_SEPTUM	4	1.0	8
-2.22789	-1.98005	-78.89359	SAX_RV_SEPTUM	4	1.0	8
-2.17628	-4.18959	-76.65685	SAX_RV_SEPTUM	4	1.0	8
-2.12468	-6.39912	-74.42011	SAX_RV_SEPTUM	4	1.0	8
-2.07308	-8.60866	-72.18338	SAX_RV_SEPTUM	4	1.0	8
-2.02148	-10.81819	-69.94664	SAX_RV_SEPTUM	4	1.0	8
-0.85603	-13.02773	-66.85148	SAX_RV_SEPTUM	4	1.0	8
0.30942	-15.23726	-63.75632	SAX_RV_SEPTUM	4	1.0	8
2.00598	-16.34203	-61.35032	SAX_RV_SEPTUM	4	1.0	8
3.17143	-18.55156	-58.25516	SAX_RV_SEPTUM	4	1.0	8
4.86800	-19.65633	-55.84916	SAX_RV_SEPTUM	4	1.0	8
7.09569	-19.65633	-54.13231	SAX_RV_SEPTUM	4	1.0	8
8.79225	-20.76109	-51.72631	SAX_RV_SEPTUM	4	1.0	8
6.61617	-22.97063	-51.20642	SAX_RV_SEPTUM	4	1.0	8
4.19717	9.06763	-84.92673	SAX_LV_EPICARDIAL	4	1.0	8
6.37325	11.27717	-85.44662	SAX_LV_EPICARDIAL	4	1.0	8
8.54934	13.48671	-85.96651	SAX_LV_EPICARDIAL	4	1.0	8
10.72543	15.69625	-86.48640	SAX_LV_EPICARDIAL	4	1.0	8
14.01536	17.90578	-86.14787	SAX_LV_EPICARDIAL	4	1.0	8
17.30529	20.11532	-85.80934	SAX_LV_EPICARDIAL	4	1.0	8
20.59522	22.32486	-85.47080	SAX_LV_EPICARDIAL	4	1.0	8
23.88515	24.53440	-85.13227	SAX_LV_EPICARDIAL	4	1.0	8
26.64396	25.63917	-84.10458	SAX_LV_EPICARDIAL	4	1.0	8
28.87164	25.63917	-82.38774	SAX_LV_EPICARDIAL	4	1.0	8
31.63045	26.74394	-81.36005	SAX_LV_EPICARDIAL	4	1.0	8
33.85814	26.74395	-79.64320	SAX_LV_EPICARDIAL	4	1.0	8
36.61695	27.84872	-78.61551	SAX_LV_EPICARDIAL	4	1.0	8
38.84464	27.84872	-76.89867	SAX_LV_EPICARDIAL	4	1.0	8
40.54121	26.74395	-74.49267	SAX_LV_EPICARDIAL	4	1.0	8
42.76890	26.74396	-72.77582	SAX_LV_EPICARDIAL	4	1.0	8
44.46546	25.63919	-70.36982	SAX_LV_EPICARDIAL	4	1.0	8
46.16203	24.53442	-67.96382	SAX_LV_EPICARDIAL	4	1.0	8
47.85860	23.42966	-65.55781	SAX_LV_EPICARDIAL	4	1.0	8
49.55517	22.32489	-63.15181	SAX_LV_EPICARDIAL	4	1.0	8
50.72061	20.11536	-60.05665	SAX_LV_EPICARDIAL	4	1.0	8
51.88606	17.90582	-56.96149	SAX_LV_EPICARDIAL	4	1.0	8
51.93766	15.69629	-54.72476	SAX_LV_EPICARDIAL	4	1.0	8
51.98926	13.48675	-52.48802	SAX_LV_EPICARDIAL	4	1.0	8
50.92702	11.27721	-51.10971	SAX_LV_EPICARDIAL	4	1.0	8
50.97862	9.06768	-48.87297	SAX_LV_EPICARDIAL	4	1.0	8
49.91638	6.85814	-47.49466	SAX_LV_EPICARDIAL	4	1.0	8
49.96798	4.64861	-45.25792	SAX_LV_EPICARDIAL	4	1.0	8
48.90574	2.43907	-43.87961	SAX_LV_EPICARDIAL	4	1.0	8
46.72966	0.22953	-43.35972	SAX_LV_EPICARDIAL	4	1.0	8
45.66741	-1.98000	-41.98140	SAX_LV_EPICARDIAL	4	1.0	8
44.60517	-4.18954	-40.60309	SAX_LV_EPICARDIAL	4	1.0	8
42.42909	-6.39908	-40.08320	SAX_LV_EPICARDIAL	4	1.0	8
40.25300	-8.60862	-39.56331	SAX_LV_EPICARDIAL	4	1.0	8
38.07691	-10.81815	-39.04342	SAX_LV_EPICARDIAL	4	1.0	8
35.90083	-13.02769	-38.52353	SAX_LV_EPICARDIAL	4	1.0	8
32.61090	-15.23723	-38.86206	SAX_LV_EPICARDIAL	4	1.0	8
29.32097	-17.44677	-39.20059	SAX_LV_EPICARDIAL	4	1.0	8
26.56216	-18.55154	-40.22828	SAX_LV_EPICARDIAL	4	1.0	8
23.80335	-19.65631	-41.25597	SAX_LV_EPICARDIAL	4	1.0	8
21.57566	-19.65631	-42.97282	SAX_LV_EPICARDIAL	4	1.0	8
18.81685	-20.76108	-44.00051	SAX_LV_EPICARDIAL	4	1.0	8
16.58916	-20.76108	-45.71735	SAX_LV_EPICARDIAL	4	1.0	8
14.36147	-20.76109	-47.43420	SAX_LV_EPICARDIAL	4	1.0	8
12.13379	-20.76109	-49.15104	SAX_LV_EPICARDIAL	4	1.0	8
16.91387	-10.81817	-55.35345	SAX_LV_ENDOCARDIAL	4	1.0	8
15.21731	-9.71341	-57.75945	SAX_LV_ENDOCARDIAL	4	1.0	8
13.52074	-8.60864	-60.16546	SAX_LV_ENDOCARDIAL	4	1.0	8
11.82417	-7.50388	-62.57146	SAX_LV_ENDOCARDIAL	4	1.0	8
10.65873	-5.29434	-65.66662	SAX_LV_ENDOCARDIAL	4	1.0	8
9.49328	-3.08481	-68.76178	SAX_LV_ENDOCARDIAL	4	1.0	8
9.44168	-0.87527	-70.99851	SAX_LV_ENDOCARDIAL	4	1.0	8
9.39007	1.33426	-73.23525	SAX_LV_ENDOCARDIAL	4	1.0	8
10.45232	3.54380	-74.61356	SAX_LV_ENDOCARDIAL	4	1.0	8
11.51456	5.75334	-75.99188	SAX_LV_ENDOCARDIAL	4	1.0	8
12.57680	7.96287	-77.37019	SAX_LV_ENDOCARDIAL	4	1.0	8
14.75289	10.17241	-77.89008	SAX_LV_ENDOCARDIAL	4	1.0	8
16.92897	12.38195	-78.40997	SAX_LV_ENDOCARDIAL	4	1.0	8
19.10506	14.59149	-78.92986	SAX_LV_ENDOCARDIAL	4	1.0	8
22.39499	16.80103	-78.59133	SAX_LV_ENDOCARDIAL	4	1.0	8
25.15380	17.90580	-77.56364	SAX_LV_ENDOCARDIAL	4	1.0	8
27.91261	19.01057	-76.53595	SAX_LV_ENDOCARDIAL	4	1.0	8
30.14030	19.01057	-74.81911	SAX_LV_ENDOCARDIAL	4	1.0	8
32.36798	19.01057	-73.10226	SAX_LV_ENDOCARDIAL	4	1.0	8
34.59567	19.01057	-71.38542	SAX_LV_ENDOCARDIAL	4	1.0	8
36.82336	19.01057	-69.66857	SAX_LV_ENDOCARDIAL	4	1.0	8
38.51993	17.90581	-67.26257	SAX_LV_ENDOCARDIAL	4	1.0	8
40.21650	16.80104	-64.85657	SAX_LV_ENDOCARDIAL	4	1.0	8
41.91306	15.69628	-62.45056	SAX_LV_ENDOCARDIAL	4	1.0	8
43.07851	13.48674	-59.35540	SAX_LV_ENDOCARDIAL	4	1.0	8
43.13011	11.27721	-57.11867	SAX_LV_ENDOCARDIAL	4	1.0	8
43.18171	9.06767	-54.88193	SAX_LV_ENDOCARDIAL	4	1.0	8
42.11947	6.85813	-53.50362	SAX_LV_ENDOCARDIAL	4	1.0	8
41.05723	4.64860	-52.12530	SAX_LV_ENDOCARDIAL	4	1.0	8
39.99499	2.43906	-50.74699	SAX_LV_ENDOCARDIAL	4	1.0	8
38.93275	0.22953	-49.36868	SAX_LV_ENDOCARDIAL	4	1.0	8
36.75666	-1.98001	-48.84879	SAX_LV_ENDOCARDIAL	4	1.0	8
34.58058	-4.18955	-48.32890	SAX_LV_ENDOCARDIAL	4	1.0	8
31.29064	-6.39909	-48.66743	SAX_LV_ENDOCARDIAL	4	1.0	8
28.00071	-8.60863	-49.00596	SAX_LV_ENDOCARDIAL	4	1.0	8
25.24191	-9.71340	-50.03365	SAX_LV_ENDOCARDIAL	4	1.0	8
22.48310	-10.81817	-51.06134	SAX_LV_ENDOCARDIAL	4	1.0	8
20.25541	-10.81817	-52.77818	SAX_LV_ENDOCARDIAL	4	1.0	8
18.02772	-10.81817	-54.49503	SAX_LV_ENDOCARDIAL	4	1.0	8
6.61617	-22.97063	-51.20642	RV_INSERT	4	1.0	8
-2.38269	4.64856	-85.60379	RV_INSERT	4	1.0	8
-2.92375	-25.08351	-84.90213	SAX_RV_FREEWALL	5	1.0	8
-4.62032	-23.97874	-87.30813	SAX_RV_FREEWALL	5	1.0	8
-6.31688	-22.87397	-89.71413	SAX_RV_FREEWALL	5	1.0	8
-5.25464	-20.66444	-91.09245	SAX_RV_FREEWALL	5	1.0	8
-4.19240	-18.45490	-92.47076	SAX_RV_FREEWALL	5	1.0	8
-2.01631	-16.24536	-92.99065	SAX_RV_FREEWALL	5	1.0	8
1.27362	-14.03582	-92.65212	SAX_RV_FREEWALL	5	1.0	8
3.44970	-11.82629	-93.17201	SAX_RV_FREEWALL	5	1.0	8
6.73963	-9.61675	-92.83348	SAX_RV_FREEWALL	5	1.0	8
10.02956	-7.40721	-92.49495	SAX_RV_FREEWALL	5	1.0	8
12.78837	-6.30244	-91.46726	SAX_RV_FREEWALL	5	1.0	8
10.92190	-21.76919	-77.52695	SAX_RV_FREEWALL	5	1.0	8
8.69421	-21.76919	-79.24379	SAX_RV_FREEWALL	5	1.0	8
5.93540	-22.87396	-80.27148	SAX_RV_FREEWALL	5	1.0	8
3.70771	-22.87396	-81.98833	SAX_RV_FREEWALL	5	1.0	8
0.94890	-23.97873	-83.01602	SAX_RV_FREEWALL	5	1.0	8
-1.80991	-25.08350	-84.04371	SAX_RV_FREEWALL	5	1.0	8
-11.73130	-29.50259	-87.29604	SAX_RV_EPICARDIAL	5	1.0	8
-13.42787	-28.39782	-89.70204	SAX_RV_EPICARDIAL	5	1.0	8
-13.47947	-26.18828	-91.93878	SAX_RV_EPICARDIAL	5	1.0	8
-12.41723	-23.97875	-93.31709	SAX_RV_EPICARDIAL	5	1.0	8
-11.35498	-21.76921	-94.69541	SAX_RV_EPICARDIAL	5	1.0	8
-9.17890	-19.55967	-95.21530	SAX_RV_EPICARDIAL	5	1.0	8
-7.00281	-17.35014	-95.73519	SAX_RV_EPICARDIAL	5	1.0	8
-4.82673	-15.14060	-96.25508	SAX_RV_EPICARDIAL	5	1.0	8
-1.53680	-12.93106	-95.91654	SAX_RV_EPICARDIAL	5	1.0	8
0.63929	-10.72152	-96.43644	SAX_RV_EPICARDIAL	5	1.0	8
3.92922	-8.51198	-96.09790	SAX_RV_EPICARDIAL	5	1.0	8
6.68803	-7.40721	-95.07021	SAX_RV_EPICARDIAL	5	1.0	8
9.97796	-5.19767	-94.73168	SAX_RV_EPICARDIAL	5	1.0	8
12.73677	-4.09290	-93.70399	SAX_RV_EPICARDIAL	5	1.0	8
15.49558	-2.98813	-92.67630	SAX_RV_EPICARDIAL	5	1.0	8
17.72327	-2.98813	-90.95946	SAX_RV_EPICARDIAL	5	1.0	8
16.12990	-6.30243	-88.89199	SAX_RV_EPICARDIAL	5	1.0	8
14.26343	-21.76919	-74.95168	SAX_RV_EPICARDIAL	5	1.0	8
12.67007	-25.08349	-72.88421	SAX_RV_EPICARDIAL	5	1.0	8
10.44238	-25.08349	-74.60106	SAX_RV_EPICARDIAL	5	1.0	8
8.21469	-25.08349	-76.31790	SAX_RV_EPICARDIAL	5	1.0	8
5.45588	-26.18827	-77.34559	SAX_RV_EPICARDIAL	5	1.0	8
2.69707	-27.29304	-78.37328	SAX_RV_EPICARDIAL	5	1.0	8
-0.06174	-28.39781	-79.40097	SAX_RV_EPICARDIAL	5	1.0	8
-2.82054	-29.50258	-80.42866	SAX_RV_EPICARDIAL	5	1.0	8
-5.04823	-29.50258	-82.14550	SAX_RV_EPICARDIAL	5	1.0	8
-7.27592	-29.50258	-83.86235	SAX_RV_EPICARDIAL	5	1.0	8
-9.50361	-29.50258	-85.57919	SAX_RV_EPICARDIAL	5	1.0	8
15.54718	-5.19767	-90.43957	SAX_RV_SEPTUM	5	1.0	8
15.59878	-7.40720	-88.20283	SAX_RV_SEPTUM	5	1.0	8
14.53654	-9.61674	-86.82452	SAX_RV_SEPTUM	5	1.0	8
14.58814	-11.82628	-84.58778	SAX_RV_SEPTUM	5	1.0	8
13.52590	-14.03581	-83.20947	SAX_RV_SEPTUM	5	1.0	8
13.57750	-16.24535	-80.97273	SAX_RV_SEPTUM	5	1.0	8
13.62911	-18.45488	-78.73600	SAX_RV_SEPTUM	5	1.0	8
14.79455	-20.66442	-75.64084	SAX_RV_SEPTUM	5	1.0	8
13.14959	-21.76919	-75.81010	SAX_RV_SEPTUM	5	1.0	8
20.46698	-25.08348	-66.87525	SAX_LV_EPICARDIAL	5	1.0	8
18.77041	-23.97872	-69.28125	SAX_LV_EPICARDIAL	5	1.0	8
17.07384	-22.87395	-71.68726	SAX_LV_EPICARDIAL	5	1.0	8
19.41983	-4.09290	-88.55346	SAX_LV_EPICARDIAL	5	1.0	8
21.59592	-1.88336	-89.07335	SAX_LV_EPICARDIAL	5	1.0	8
23.77201	0.32618	-89.59324	SAX_LV_EPICARDIAL	5	1.0	8
25.94809	2.53572	-90.11313	SAX_LV_EPICARDIAL	5	1.0	8
28.70690	3.64049	-89.08544	SAX_LV_EPICARDIAL	5	1.0	8
31.99683	5.85003	-88.74691	SAX_LV_EPICARDIAL	5	1.0	8
34.22452	5.85003	-87.03006	SAX_LV_EPICARDIAL	5	1.0	8
36.98333	6.95480	-86.00237	SAX_LV_EPICARDIAL	5	1.0	8
39.21102	6.95480	-84.28553	SAX_LV_EPICARDIAL	5	1.0	8
41.43871	6.95480	-82.56868	SAX_LV_EPICARDIAL	5	1.0	8
43.66640	6.95481	-80.85184	SAX_LV_EPICARDIAL	5	1.0	8
45.89408	6.95481	-79.13499	SAX_LV_EPICARDIAL	5	1.0	8
47.59065	5.85004	-76.72899	SAX_LV_EPICARDIAL	5	1.0	8
49.28722	4.74528	-74.32299	SAX_LV_EPICARDIAL	5	1.0	8
50.98379	3.64051	-71.91698	SAX_LV_EPICARDIAL	5	1.0	8
52.14923	1.43098	-68.82182	SAX_LV_EPICARDIAL	5	1.0	8
53.31468	-0.77856	-65.72667	SAX_LV_EPICARDIAL	5	1.0	8
53.36628	-2.98809	-63.48993	SAX_LV_EPICARDIAL	5	1.0	8
52.30404	-5.19763	-62.11162	SAX_LV_EPICARDIAL	5	1.0	8
51.24180	-7.40717	-60.73330	SAX_LV_EPICARDIAL	5	1.0	8
51.29340	-9.61670	-58.49657	SAX_LV_EPICARDIAL	5	1.0	8
49.11731	-11.82624	-57.97668	SAX_LV_EPICARDIAL	5	1.0	8
48.05507	-14.03578	-56.59836	SAX_LV_EPICARDIAL	5	1.0	8
45.87899	-16.24532	-56.07847	SAX_LV_EPICARDIAL	5	1.0	8
42.58906	-18.45485	-56.41700	SAX_LV_EPICARDIAL	5	1.0	8
40.41297	-20.66439	-55.89711	SAX_LV_EPICARDIAL	5	1.0	8
37.12304	-22.87393	-56.23564	SAX_LV_EPICARDIAL	5	1.0	8
34.36423	-23.97870	-57.26333	SAX_LV_EPICARDIAL	5	1.0	8
31.60542	-25.08347	-58.29102	SAX_LV_EPICARDIAL	5	1.0	8
29.37773	-25.08347	-60.00787	SAX_LV_EPICARDIAL	5	1.0	8
27.15004	-25.08348	-61.72471	SAX_LV_EPICARDIAL	5	1.0	8
24.92236	-25.08348	-63.44156	SAX_LV_EPICARDIAL	5	1.0	8
22.69467	-25.08348	-65.15841	SAX_LV_EPICARDIAL	5	1.0	8
28.64020	-17.35010	-68.26566	SAX_LV_ENDOCARDIAL	5	1.0	8
26.94364	-16.24533	-70.67166	SAX_LV_ENDOCARDIAL	5	1.0	8
25.24707	-15.14057	-73.07766	SAX_LV_ENDOCARDIAL	5	1.0	8
24.08162	-12.93103	-76.17282	SAX_LV_ENDOCARDIAL	5	1.0	8
24.03002	-10.72150	-78.40956	SAX_LV_ENDOCARDIAL	5	1.0	8
25.09226	-8.51196	-79.78787	SAX_LV_ENDOCARDIAL	5	1.0	8
26.15450	-6.30242	-81.16618	SAX_LV_ENDOCARDIAL	5	1.0	8
28.33059	-4.09289	-81.68607	SAX_LV_ENDOCARDIAL	5	1.0	8
31.62052	-1.88335	-81.34754	SAX_LV_ENDOCARDIAL	5	1.0	8
34.37933	-0.77858	-80.31985	SAX_LV_ENDOCARDIAL	5	1.0	8
36.60702	-0.77858	-78.60301	SAX_LV_ENDOCARDIAL	5	1.0	8
38.83471	-0.77857	-76.88616	SAX_LV_ENDOCARDIAL	5	1.0	8
40.53127	-1.88334	-74.48016	SAX_LV_ENDOCARDIAL	5	1.0	8
42.22784	-2.98811	-72.07416	SAX_LV_ENDOCARDIAL	5	1.0	8
42.27944	-5.19764	-69.83742	SAX_LV_ENDOCARDIAL	5	1.0	8
42.33104	-7.40718	-67.60068	SAX_LV_ENDOCARDIAL	5	1.0	8
41.26880	-9.61671	-66.22237	SAX_LV_ENDOCARDIAL	5	1.0	8
40.20656	-11.82625	-64.84406	SAX_LV_ENDOCARDIAL	5	1.0	8
36.91663	-14.03579	-65.18259	SAX_LV_ENDOCARDIAL	5	1.0	8
33.62670	-16.24533	-65.52112	SAX_LV_ENDOCARDIAL	5	1.0	8
30.86789	-17.35010	-66.54881	SAX_LV_ENDOCARDIAL	5	1.0	8
13.14959	-21.76919	-75.81010	RV_INSERT	5	1.0	8
15.54718	-5.19767	-90.43957	RV_INSERT	5	1.0	8
19.73561	-22.77828	-98.17705	SAX_RV_FREEWALL	6	1.0	8
20.79785	-20.56874	-99.55536	SAX_RV_FREEWALL	6	1.0	8
23.02554	-20.56874	-97.83852	SAX_RV_FREEWALL	6	1.0	8
25.25323	-20.56874	-96.12167	SAX_RV_FREEWALL	6	1.0	8
25.25323	-20.56874	-96.12167	SAX_RV_FREEWALL	6	1.0	8
23.07714	-22.77828	-95.60178	SAX_RV_FREEWALL	6	1.0	8
20.84946	-22.77828	-97.31863	SAX_RV_FREEWALL	6	1.0	8
25.73275	-17.25443	-99.04757	SAX_RV_EPICARDIAL	6	1.0	8
24.03618	-16.14967	-101.45357	SAX_RV_EPICARDIAL	6	1.0	8
24.03618	-16.14967	-101.45357	SAX_RV_EPICARDIAL	6	1.0	8
17.55953	-24.98782	-97.65716	SAX_RV_EPICARDIAL	6	1.0	8
16.39408	-22.77828	-100.75232	SAX_RV_EPICARDIAL	6	1.0	8
15.22863	-20.56875	-103.84748	SAX_RV_EPICARDIAL	6	1.0	8
17.40472	-18.35921	-104.36737	SAX_RV_EPICARDIAL	6	1.0	8
18.57016	-20.56874	-101.27221	SAX_RV_EPICARDIAL	6	1.0	8
25.25323	-20.56874	-96.12167	SAX_RV_EPICARDIAL	6	1.0	8
24.77371	-23.88304	-93.19578	SAX_RV_EPICARDIAL	6	1.0	8
22.01490	-24.98781	-94.22347	SAX_RV_EPICARDIAL	6	1.0	8
19.78721	-24.98781	-95.94031	SAX_RV_EPICARDIAL	6	1.0	8
29.33229	-28.30211	-85.28862	SAX_LV_EPICARDIAL	6	1.0	8
28.16685	-26.09257	-88.38378	SAX_LV_EPICARDIAL	6	1.0	8
27.00140	-23.88304	-91.47893	SAX_LV_EPICARDIAL	6	1.0	8
28.06364	-21.67350	-92.85725	SAX_LV_EPICARDIAL	6	1.0	8
29.12588	-19.46397	-94.23556	SAX_LV_EPICARDIAL	6	1.0	8
31.30197	-17.25443	-94.75545	SAX_LV_EPICARDIAL	6	1.0	8
32.36421	-15.04489	-96.13377	SAX_LV_EPICARDIAL	6	1.0	8
35.65414	-12.83535	-95.79523	SAX_LV_EPICARDIAL	6	1.0	8
37.29911	-11.73058	-95.62597	SAX_LV_EPICARDIAL	6	1.0	8
40.05792	-10.62581	-94.59828	SAX_LV_EPICARDIAL	6	1.0	8
42.28560	-10.62581	-92.88143	SAX_LV_EPICARDIAL	6	1.0	8
44.51329	-10.62581	-91.16459	SAX_LV_EPICARDIAL	6	1.0	8
46.74098	-10.62581	-89.44774	SAX_LV_EPICARDIAL	6	1.0	8
47.90643	-12.83534	-86.35258	SAX_LV_EPICARDIAL	6	1.0	8
47.95803	-15.04488	-84.11585	SAX_LV_EPICARDIAL	6	1.0	8
48.00963	-17.25441	-81.87911	SAX_LV_EPICARDIAL	6	1.0	8
46.94739	-19.46395	-80.50080	SAX_LV_EPICARDIAL	6	1.0	8
44.77131	-21.67349	-79.98091	SAX_LV_EPICARDIAL	6	1.0	8
43.70906	-23.88302	-78.60259	SAX_LV_EPICARDIAL	6	1.0	8
40.41913	-26.09256	-78.94112	SAX_LV_EPICARDIAL	6	1.0	8
37.66032	-27.19733	-79.96881	SAX_LV_EPICARDIAL	6	1.0	8
34.90151	-28.30210	-80.99650	SAX_LV_EPICARDIAL	6	1.0	8
32.67383	-28.30210	-82.71335	SAX_LV_EPICARDIAL	6	1.0	8
30.44614	-28.30211	-84.43019	SAX_LV_EPICARDIAL	6	1.0	8
35.32943	-22.77826	-86.15913	SAX_LV_ENDOCARDIAL	6	1.0	8
33.63286	-21.67350	-88.56513	SAX_LV_ENDOCARDIAL	6	1.0	8
33.58126	-19.46396	-90.80187	SAX_LV_ENDOCARDIAL	6	1.0	8
35.75735	-17.25442	-91.32176	SAX_LV_ENDOCARDIAL	6	1.0	8
37.93343	-15.04489	-91.84165	SAX_LV_ENDOCARDIAL	6	1.0	8
40.16112	-15.04488	-90.12481	SAX_LV_ENDOCARDIAL	6	1.0	8
41.85769	-16.14965	-87.71880	SAX_LV_ENDOCARDIAL	6	1.0	8
41.90929	-18.35919	-85.48207	SAX_LV_ENDOCARDIAL	6	1.0	8
39.73320	-20.56872	-84.96218	SAX_LV_ENDOCARDIAL	6	1.0	8
38.08824	-21.67349	-85.13144	SAX_LV_ENDOCARDIAL	6	1.0	8
8.01156	20.63525	-31.16092	LAX_LV_ENDOCARDIAL	9	1.0	8
9.81435	18.46692	-32.55231	LAX_LV_ENDOCARDIAL	9	1.0	8
11.67218	16.33374	-35.34843	LAX_LV_ENDOCARDIAL	9	1.0	8
13.47497	14.16540	-36.73981	LAX_LV_ENDOCARDIAL	9	1.0	8
15.22272	11.96191	-36.72647	LAX_LV_ENDOCARDIAL	9	1.0	8
17.02551	9.79358	-38.11786	LAX_LV_ENDOCARDIAL	9	1.0	8
18.77326	7.59009	-38.10451	LAX_LV_ENDOCARDIAL	9	1.0	8
20.52100	5.38661	-38.09116	LAX_LV_ENDOCARDIAL	9	1.0	8
22.26875	3.18312	-38.07782	LAX_LV_ENDOCARDIAL	9	1.0	8
24.07154	1.01478	-39.46921	LAX_LV_ENDOCARDIAL	9	1.0	8
25.87433	-1.15355	-40.86059	LAX_LV_ENDOCARDIAL	9	1.0	8
26.80325	-2.22014	-42.25865	LAX_LV_ENDOCARDIAL	9	1.0	8
27.78721	-3.25158	-45.06144	LAX_LV_ENDOCARDIAL	9	1.0	8
29.64505	-5.38477	-47.85756	LAX_LV_ENDOCARDIAL	9	1.0	8
30.62901	-6.41620	-50.66036	LAX_LV_ENDOCARDIAL	9	1.0	8
31.61297	-7.44764	-53.46315	LAX_LV_ENDOCARDIAL	9	1.0	8
33.47081	-9.58083	-56.25927	LAX_LV_ENDOCARDIAL	9	1.0	8
34.45477	-10.61227	-59.06206	LAX_LV_ENDOCARDIAL	9	1.0	8
35.43873	-11.64371	-61.86485	LAX_LV_ENDOCARDIAL	9	1.0	8
36.42270	-12.67515	-64.66765	LAX_LV_ENDOCARDIAL	9	1.0	8
37.40666	-13.70659	-67.47044	LAX_LV_ENDOCARDIAL	9	1.0	8
38.39062	-14.73803	-70.27323	LAX_LV_ENDOCARDIAL	9	1.0	8
38.50071	-14.66772	-73.08270	LAX_LV_ENDOCARDIAL	9	1.0	8
39.48467	-15.69916	-75.88549	LAX_LV_ENDOCARDIAL	9	1.0	8
40.46864	-16.73060	-78.68828	LAX_LV_ENDOCARDIAL	9	1.0	8
40.57873	-16.66030	-81.49775	LAX_LV_ENDOCARDIAL	9	1.0	8
40.68881	-16.58999	-84.30721	LAX_LV_ENDOCARDIAL	9	1.0	8
40.79890	-16.51969	-87.11668	LAX_LV_ENDOCARDIAL	9	1.0	8
40.90899	-16.44939	-89.92614	LAX_LV_ENDOCARDIAL	9	1.0	8
40.09016	-15.31249	-91.33755	LAX_LV_ENDOCARDIAL	9	1.0	8
38.34242	-13.10900	-91.35089	LAX_LV_ENDOCARDIAL	9	1.0	8
36.53963	-10.94067	-89.95951	LAX_LV_ENDOCARDIAL	9	1.0	8
34.79188	-8.73718	-89.97285	LAX_LV_ENDOCARDIAL	9	1.0	8
32.98909	-6.56885	-88.58147	LAX_LV_ENDOCARDIAL	9	1.0	8
31.13125	-4.43566	-85.78535	LAX_LV_ENDOCARDIAL	9	1.0	8
29.32846	-2.26733	-84.39396	LAX_LV_ENDOCARDIAL	9	1.0	8
27.52567	-0.09899	-83.00257	LAX_LV_ENDOCARDIAL	9	1.0	8
25.72288	2.06934	-81.61119	LAX_LV_ENDOCARDIAL	9	1.0	8
23.92009	4.23768	-80.21980	LAX_LV_ENDOCARDIAL	9	1.0	8
22.11730	6.40601	-78.82841	LAX_LV_ENDOCARDIAL	9	1.0	8
20.31451	8.57435	-77.43702	LAX_LV_ENDOCARDIAL	9	1.0	8
18.51171	10.74268	-76.04564	LAX_LV_ENDOCARDIAL	9	1.0	8
16.70892	12.91102	-74.65425	LAX_LV_ENDOCARDIAL	9	1.0	8
14.96118	15.11450	-74.66760	LAX_LV_ENDOCARDIAL	9	1.0	8
13.15839	17.28284	-73.27621	LAX_LV_ENDOCARDIAL	9	1.0	8
11.41064	19.48632	-73.28956	LAX_LV_ENDOCARDIAL	9	1.0	8
9.60785	21.65466	-71.89817	LAX_LV_ENDOCARDIAL	9	1.0	8
7.80506	23.82299	-70.50678	LAX_LV_ENDOCARDIAL	9	1.0	8
6.00227	25.99133	-69.11540	LAX_LV_ENDOCARDIAL	9	1.0	8
4.19948	28.15966	-67.72401	LAX_LV_ENDOCARDIAL	9	1.0	8
2.39668	30.32800	-66.33262	LAX_LV_ENDOCARDIAL	9	1.0	8
0.64894	32.53149	-66.34597	LAX_LV_ENDOCARDIAL	9	1.0	8
-1.15385	34.69982	-64.95458	LAX_LV_ENDOCARDIAL	9	1.0	8
-2.90160	36.90331	-64.96793	LAX_LV_ENDOCARDIAL	9	1.0	8
15.60119	10.54380	-24.07720	LAX_LV_EPICARDIAL	9	1.0	8
17.40398	8.37547	-25.46859	LAX_LV_EPICARDIAL	9	1.0	8
19.15173	6.17198	-25.45524	LAX_LV_EPICARDIAL	9	1.0	8
20.95452	4.00365	-26.84663	LAX_LV_EPICARDIAL	9	1.0	8
22.70227	1.80016	-26.83328	LAX_LV_EPICARDIAL	9	1.0	8
24.50506	-0.36817	-28.22467	LAX_LV_EPICARDIAL	9	1.0	8
26.25281	-2.57166	-28.21133	LAX_LV_EPICARDIAL	9	1.0	8
28.05560	-4.74000	-29.60271	LAX_LV_EPICARDIAL	9	1.0	8
29.91343	-6.87318	-32.39883	LAX_LV_EPICARDIAL	9	1.0	8
31.77127	-9.00636	-35.19495	LAX_LV_EPICARDIAL	9	1.0	8
33.62910	-11.13955	-37.99107	LAX_LV_EPICARDIAL	9	1.0	8
35.48694	-13.27273	-40.78719	LAX_LV_EPICARDIAL	9	1.0	8
36.47090	-14.30417	-43.58998	LAX_LV_EPICARDIAL	9	1.0	8
38.32874	-16.43735	-46.38610	LAX_LV_EPICARDIAL	9	1.0	8
38.43883	-16.36705	-49.19557	LAX_LV_EPICARDIAL	9	1.0	8
39.42279	-17.39849	-51.99836	LAX_LV_EPICARDIAL	9	1.0	8
40.40675	-18.42993	-54.80115	LAX_LV_EPICARDIAL	9	1.0	8
41.39071	-19.46137	-57.60395	LAX_LV_EPICARDIAL	9	1.0	8
42.37468	-20.49281	-60.40674	LAX_LV_EPICARDIAL	9	1.0	8
43.35864	-21.52425	-63.20953	LAX_LV_EPICARDIAL	9	1.0	8
43.46873	-21.45394	-66.01900	LAX_LV_EPICARDIAL	9	1.0	8
44.45269	-22.48538	-68.82179	LAX_LV_EPICARDIAL	9	1.0	8
44.56278	-22.41508	-71.63125	LAX_LV_EPICARDIAL	9	1.0	8
44.67287	-22.34477	-74.44072	LAX_LV_EPICARDIAL	9	1.0	8
44.78296	-22.27447	-77.25018	LAX_LV_EPICARDIAL	9	1.0	8
45.76692	-23.30591	-80.05298	LAX_LV_EPICARDIAL	9	1.0	8
45.00314	-22.13386	-82.86911	LAX_LV_EPICARDIAL	9	1.0	8
45.11323	-22.06356	-85.67858	LAX_LV_EPICARDIAL	9	1.0	8
45.22331	-21.99326	-88.48804	LAX_LV_EPICARDIAL	9	1.0	8
44.45953	-20.82121	-91.30418	LAX_LV_EPICARDIAL	9	1.0	8
44.56962	-20.75090	-94.11365	LAX_LV_EPICARDIAL	9	1.0	8
42.93196	-18.47711	-96.93646	LAX_LV_EPICARDIAL	9	1.0	8
41.23926	-16.23848	-98.35454	LAX_LV_EPICARDIAL	9	1.0	8
39.54656	-13.99984	-99.77262	LAX_LV_EPICARDIAL	9	1.0	8
37.79881	-11.79635	-99.78596	LAX_LV_EPICARDIAL	9	1.0	8
35.99602	-9.62801	-98.39458	LAX_LV_EPICARDIAL	9	1.0	8
34.24827	-7.42453	-98.40792	LAX_LV_EPICARDIAL	9	1.0	8
32.44548	-5.25619	-97.01653	LAX_LV_EPICARDIAL	9	1.0	8
30.69774	-3.05271	-97.02988	LAX_LV_EPICARDIAL	9	1.0	8
28.89494	-0.88437	-95.63849	LAX_LV_EPICARDIAL	9	1.0	8
27.14720	1.31912	-95.65184	LAX_LV_EPICARDIAL	9	1.0	8
25.34441	3.48745	-94.26045	LAX_LV_EPICARDIAL	9	1.0	8
23.54162	5.65579	-92.86907	LAX_LV_EPICARDIAL	9	1.0	8
21.79387	7.85927	-92.88241	LAX_LV_EPICARDIAL	9	1.0	8
19.99108	10.02761	-91.49102	LAX_LV_EPICARDIAL	9	1.0	8
18.24333	12.23109	-91.50437	LAX_LV_EPICARDIAL	9	1.0	8
16.44054	14.39943	-90.11298	LAX_LV_EPICARDIAL	9	1.0	8
14.69279	16.60292	-90.12633	LAX_LV_EPICARDIAL	9	1.0	8
12.89000	18.77125	-88.73494	LAX_LV_EPICARDIAL	9	1.0	8
11.08721	20.93959	-87.34356	LAX_LV_EPICARDIAL	9	1.0	8
9.28442	23.10792	-85.95217	LAX_LV_EPICARDIAL	9	1.0	8
7.53667	25.31141	-85.96551	LAX_LV_EPICARDIAL	9	1.0	8
5.73388	27.47974	-84.57413	LAX_LV_EPICARDIAL	9	1.0	8
3.93109	29.64808	-83.18274	LAX_LV_EPICARDIAL	9	1.0	8
2.12830	31.81641	-81.79135	LAX_LV_EPICARDIAL	9	1.0	8
0.32551	33.98475	-80.39997	LAX_LV_EPICARDIAL	9	1.0	8
-1.53233	36.11793	-77.60385	LAX_LV_EPICARDIAL	9	1.0	8
-3.33512	38.28627	-76.21246	LAX_LV_EPICARDIAL	9	1.0	8
-4.31908	39.31771	-73.40967	LAX_LV_EPICARDIAL	9	1.0	8
-4.42917	39.24740	-70.60020	LAX_LV_EPICARDIAL	9	1.0	8
-4.53926	39.17710	-67.79074	LAX_LV_EPICARDIAL	9	1.0	8
-3.77547	38.00505	-64.97460	LAX_LV_EPICARDIAL	9	1.0	8
7.84642	20.52980	-26.94672	LAX_LV_EPICARDIAL	9	1.0	8
9.53912	18.29116	-25.52865	LAX_LV_EPICARDIAL	9	1.0	8
11.28687	16.08767	-25.51530	LAX_LV_EPICARDIAL	9	1.0	8
12.97957	13.84903	-24.09722	LAX_LV_EPICARDIAL	9	1.0	8
14.72732	11.64555	-24.08388	LAX_LV_EPICARDIAL	9	1.0	8
5.22480	23.83503	-26.96674	MITRAL_VALVE	9	1.0	8
-3.94061	37.89960	-60.76040	MITRAL_VALVE	9	1.0	8
-21.39739	-11.88041	-14.15594	LAX_RV_FREEWALL	8	1.0	1.0
-20.15133	-14.59731	-16.78009	LAX_RV_FREEWALL	8	1.0	1.0
-18.90528	-17.31421	-19.40423	LAX_RV_FREEWALL	8	1.0	1.0
-17.10140	-17.31421	-21.56204	LAX_RV_FREEWALL	8	1.0	1.0
-15.57643	-18.67266	-23.95302	LAX_RV_FREEWALL	8	1.0	1.0
-14.05146	-20.03111	-26.34400	LAX_RV_FREEWALL	8	1.0	1.0
-12.52649	-21.38956	-28.73498	LAX_RV_FREEWALL	8	1.0	1.0
-10.72261	-21.38956	-30.89280	LAX_RV_FREEWALL	8	1.0	1.0
-9.19764	-22.74801	-33.28378	LAX_RV_FREEWALL	8	1.0	1.0
-7.39376	-22.74801	-35.44160	LAX_RV_FREEWALL	8	1.0	1.0
-5.58988	-22.74802	-37.59941	LAX_RV_FREEWALL	8	1.0	1.0
-3.78600	-22.74802	-39.75723	LAX_RV_FREEWALL	8	1.0	1.0
-1.98212	-22.74802	-41.91505	LAX_RV_FREEWALL	8	1.0	1.0
-0.17824	-22.74802	-44.07287	LAX_RV_FREEWALL	8	1.0	1.0
1.62565	-22.74802	-46.23068	LAX_RV_FREEWALL	8	1.0	1.0
3.42953	-22.74802	-48.38850	LAX_RV_FREEWALL	8	1.0	1.0
5.23341	-22.74803	-50.54632	LAX_RV_FREEWALL	8	1.0	1.0
7.03729	-22.74803	-52.70414	LAX_RV_FREEWALL	8	1.0	1.0
8.84117	-22.74803	-54.86195	LAX_RV_FREEWALL	8	1.0	1.0
-7.93348	-7.80507	-28.56118	LAX_RV_FREEWALL	8	1.0	1.0
-9.73736	-7.80507	-26.40336	LAX_RV_FREEWALL	8	1.0	1.0
-11.54124	-7.80507	-24.24555	LAX_RV_FREEWALL	8	1.0	1.0
-13.34513	-7.80507	-22.08773	LAX_RV_FREEWALL	8	1.0	1.0
-15.14901	-7.80507	-19.92991	LAX_RV_FREEWALL	8	1.0	1.0
-16.95289	-7.80507	-17.77209	LAX_RV_FREEWALL	8	1.0	1.0
-18.75677	-7.80506	-15.61428	LAX_RV_FREEWALL	8	1.0	1.0
-20.56065	-7.80506	-13.45646	LAX_RV_FREEWALL	8	1.0	1.0
-21.11848	-10.52196	-13.92278	LAX_RV_FREEWALL	8	1.0	1.0
-24.66104	-14.59730	-11.38554	LAX_RV_EPICARDIAL	8	1.0	1.0
-23.41498	-17.31420	-14.00968	LAX_RV_EPICARDIAL	8	1.0	1.0
-22.16893	-20.03110	-16.63382	LAX_RV_EPICARDIAL	8	1.0	1.0
-20.64396	-21.38955	-19.02480	LAX_RV_EPICARDIAL	8	1.0	1.0
-19.11899	-22.74800	-21.41578	LAX_RV_EPICARDIAL	8	1.0	1.0
-17.31511	-22.74800	-23.57360	LAX_RV_EPICARDIAL	8	1.0	1.0
-15.79014	-24.10646	-25.96458	LAX_RV_EPICARDIAL	8	1.0	1.0
-14.26517	-25.46491	-28.35556	LAX_RV_EPICARDIAL	8	1.0	1.0
-12.46129	-25.46491	-30.51338	LAX_RV_EPICARDIAL	8	1.0	1.0
-10.93632	-26.82336	-32.90436	LAX_RV_EPICARDIAL	8	1.0	1.0
-9.13244	-26.82336	-35.06217	LAX_RV_EPICARDIAL	8	1.0	1.0
-7.32856	-26.82336	-37.21999	LAX_RV_EPICARDIAL	8	1.0	1.0
-5.52468	-26.82336	-39.37781	LAX_RV_EPICARDIAL	8	1.0	1.0
-3.72080	-26.82336	-41.53563	LAX_RV_EPICARDIAL	8	1.0	1.0
-1.91691	-26.82337	-43.69344	LAX_RV_EPICARDIAL	8	1.0	1.0
0.16588	-25.46492	-45.61810	LAX_RV_EPICARDIAL	8	1.0	1.0
1.96976	-25.46492	-47.77592	LAX_RV_EPICARDIAL	8	1.0	1.0
3.77364	-25.46492	-49.93373	LAX_RV_EPICARDIAL	8	1.0	1.0
5.57752	-25.46492	-52.09155	LAX_RV_EPICARDIAL	8	1.0	1.0
7.38140	-25.46493	-54.24937	LAX_RV_EPICARDIAL	8	1.0	1.0
9.46420	-24.10648	-56.17402	LAX_RV_EPICARDIAL	8	1.0	1.0
-6.75263	-6.44663	-29.40693	LAX_RV_EPICARDIAL	8	1.0	1.0
-9.52365	-2.37128	-24.39181	LAX_RV_EPICARDIAL	8	1.0	1.0
-11.60645	-3.72972	-22.46715	LAX_RV_EPICARDIAL	8	1.0	1.0
-13.41033	-3.72972	-20.30933	LAX_RV_EPICARDIAL	8	1.0	1.0
-15.21421	-3.72972	-18.15152	LAX_RV_EPICARDIAL	8	1.0	1.0
-17.29700	-5.08817	-16.22686	LAX_RV_EPICARDIAL	8	1.0	1.0
-19.37980	-6.44661	-14.30221	LAX_RV_EPICARDIAL	8	1.0	1.0
-21.46259	-7.80506	-12.37755	LAX_RV_EPICARDIAL	8	1.0	1.0
-22.92236	-10.52196	-11.76496	LAX_RV_EPICARDIAL	8	1.0	1.0
-23.48018	-13.23886	-12.23129	LAX_RV_EPICARDIAL	8	1.0	1.0
9.12008	-21.38958	-54.62879	LAX_RV_SEPTUM	8	1.0	1.0
7.59511	-20.03113	-52.23781	LAX_RV_SEPTUM	8	1.0	1.0
6.07015	-18.67268	-49.84683	LAX_RV_SEPTUM	8	1.0	1.0
4.54518	-17.31423	-47.45585	LAX_RV_SEPTUM	8	1.0	1.0
3.02021	-15.95578	-45.06487	LAX_RV_SEPTUM	8	1.0	1.0
1.49524	-14.59733	-42.67390	LAX_RV_SEPTUM	8	1.0	1.0
-0.02973	-13.23888	-40.28292	LAX_RV_SEPTUM	8	1.0	1.0
-1.55470	-11.88043	-37.89194	LAX_RV_SEPTUM	8	1.0	1.0
-2.80075	-9.16353	-35.26780	LAX_RV_SEPTUM	8	1.0	1.0
-4.32572	-7.80508	-32.87682	LAX_RV_SEPTUM	8	1.0	1.0
-6.12960	-7.80508	-30.71900	LAX_RV_SEPTUM	8	1.0	1.0
-7.09674	-3.72973	-27.86170	LAX_LV_EPICARDIAL	8	1.0	1.0
10.92396	-21.38958	-56.78661	LAX_LV_EPICARDIAL	8	1.0	1.0
12.44893	-22.74803	-59.17759	LAX_LV_EPICARDIAL	8	1.0	1.0
14.25281	-22.74804	-61.33541	LAX_LV_EPICARDIAL	8	1.0	1.0
15.77778	-24.10649	-63.72639	LAX_LV_EPICARDIAL	8	1.0	1.0
17.58166	-24.10649	-65.88420	LAX_LV_EPICARDIAL	8	1.0	1.0
19.10663	-25.46494	-68.27518	LAX_LV_EPICARDIAL	8	1.0	1.0
20.91051	-25.46494	-70.43300	LAX_LV_EPICARDIAL	8	1.0	1.0
22.43548	-26.82339	-72.82398	LAX_LV_EPICARDIAL	8	1.0	1.0
24.23936	-26.82339	-74.98180	LAX_LV_EPICARDIAL	8	1.0	1.0
26.04324	-26.82339	-77.13961	LAX_LV_EPICARDIAL	8	1.0	1.0
27.84713	-26.82340	-79.29743	LAX_LV_EPICARDIAL	8	1.0	1.0
29.65101	-26.82340	-81.45525	LAX_LV_EPICARDIAL	8	1.0	1.0
31.45489	-26.82340	-83.61307	LAX_LV_EPICARDIAL	8	1.0	1.0
33.25877	-26.82340	-85.77088	LAX_LV_EPICARDIAL	8	1.0	1.0
35.34156	-25.46495	-87.69554	LAX_LV_EPICARDIAL	8	1.0	1.0
37.14544	-25.46496	-89.85336	LAX_LV_EPICARDIAL	8	1.0	1.0
39.22824	-24.10651	-91.77801	LAX_LV_EPICARDIAL	8	1.0	1.0
41.58995	-21.38961	-93.46951	LAX_LV_EPICARDIAL	8	1.0	1.0
43.04971	-18.67272	-94.08209	LAX_LV_EPICARDIAL	8	1.0	1.0
44.50948	-15.95582	-94.69468	LAX_LV_EPICARDIAL	8	1.0	1.0
45.06730	-13.23892	-94.22835	LAX_LV_EPICARDIAL	8	1.0	1.0
45.62513	-10.52202	-93.76203	LAX_LV_EPICARDIAL	8	1.0	1.0
45.28101	-7.80513	-92.21680	LAX_LV_EPICARDIAL	8	1.0	1.0
45.83884	-5.08823	-91.75047	LAX_LV_EPICARDIAL	8	1.0	1.0
45.49473	-2.37133	-90.20524	LAX_LV_EPICARDIAL	8	1.0	1.0
45.15061	0.34557	-88.66001	LAX_LV_EPICARDIAL	8	1.0	1.0
44.80650	3.06247	-87.11478	LAX_LV_EPICARDIAL	8	1.0	1.0
44.46238	5.77937	-85.56954	LAX_LV_EPICARDIAL	8	1.0	1.0
44.11827	8.49626	-84.02431	LAX_LV_EPICARDIAL	8	1.0	1.0
43.77415	11.21316	-82.47908	LAX_LV_EPICARDIAL	8	1.0	1.0
43.43004	13.93006	-80.93385	LAX_LV_EPICARDIAL	8	1.0	1.0
43.08592	16.64696	-79.38861	LAX_LV_EPICARDIAL	8	1.0	1.0
42.74181	19.36386	-77.84338	LAX_LV_EPICARDIAL	8	1.0	1.0
41.49575	22.08076	-75.21924	LAX_LV_EPICARDIAL	8	1.0	1.0
41.15163	24.79765	-73.67401	LAX_LV_EPICARDIAL	8	1.0	1.0
40.80752	27.51455	-72.12877	LAX_LV_EPICARDIAL	8	1.0	1.0
40.46340	30.23145	-70.58354	LAX_LV_EPICARDIAL	8	1.0	1.0
39.21735	32.94835	-67.95940	LAX_LV_EPICARDIAL	8	1.0	1.0
38.87323	35.66525	-66.41417	LAX_LV_EPICARDIAL	8	1.0	1.0
37.62718	38.38215	-63.79003	LAX_LV_EPICARDIAL	8	1.0	1.0
36.38112	41.09905	-61.16589	LAX_LV_EPICARDIAL	8	1.0	1.0
34.85615	42.45750	-58.77491	LAX_LV_EPICARDIAL	8	1.0	1.0
33.33119	43.81595	-56.38393	LAX_LV_EPICARDIAL	8	1.0	1.0
31.80622	45.17440	-53.99295	LAX_LV_EPICARDIAL	8	1.0	1.0
30.28125	46.53285	-51.60197	LAX_LV_EPICARDIAL	8	1.0	1.0
28.75628	47.89130	-49.21099	LAX_LV_EPICARDIAL	8	1.0	1.0
26.95240	47.89130	-47.05317	LAX_LV_EPICARDIAL	8	1.0	1.0
25.14852	47.89130	-44.89535	LAX_LV_EPICARDIAL	8	1.0	1.0
23.34464	47.89131	-42.73754	LAX_LV_EPICARDIAL	8	1.0	1.0
21.26184	46.53286	-40.81288	LAX_LV_EPICARDIAL	8	1.0	1.0
2.99122	23.43924	-28.59300	LAX_LV_EPICARDIAL	8	1.0	1.0
0.62951	20.72235	-26.90151	LAX_LV_EPICARDIAL	8	1.0	1.0
-1.17437	20.72235	-24.74369	LAX_LV_EPICARDIAL	8	1.0	1.0
-2.97825	20.72235	-22.58587	LAX_LV_EPICARDIAL	8	1.0	1.0
-5.98109	1.70407	-26.92905	LAX_LV_ENDOCARDIAL	8	1.0	1.0
-3.89830	3.06251	-28.85370	LAX_LV_ENDOCARDIAL	8	1.0	1.0
-1.81550	4.42096	-30.77836	LAX_LV_ENDOCARDIAL	8	1.0	1.0
0.26729	5.77941	-32.70301	LAX_LV_ENDOCARDIAL	8	1.0	1.0
2.35008	7.13785	-34.62767	LAX_LV_ENDOCARDIAL	8	1.0	1.0
4.15396	7.13785	-36.78549	LAX_LV_ENDOCARDIAL	8	1.0	1.0
5.95785	7.13785	-38.94331	LAX_LV_ENDOCARDIAL	8	1.0	1.0
7.48281	5.77940	-41.33428	LAX_LV_ENDOCARDIAL	8	1.0	1.0
8.72887	3.06250	-43.95843	LAX_LV_ENDOCARDIAL	8	1.0	1.0
9.97493	0.34560	-46.58257	LAX_LV_ENDOCARDIAL	8	1.0	1.0
11.49989	-1.01285	-48.97355	LAX_LV_ENDOCARDIAL	8	1.0	1.0
12.74595	-3.72975	-51.59769	LAX_LV_ENDOCARDIAL	8	1.0	1.0
14.27092	-5.08820	-53.98867	LAX_LV_ENDOCARDIAL	8	1.0	1.0
15.79589	-6.44665	-56.37965	LAX_LV_ENDOCARDIAL	8	1.0	1.0
17.04194	-9.16355	-59.00379	LAX_LV_ENDOCARDIAL	8	1.0	1.0
18.56691	-10.52200	-61.39477	LAX_LV_ENDOCARDIAL	8	1.0	1.0
20.09188	-11.88045	-63.78575	LAX_LV_ENDOCARDIAL	8	1.0	1.0
21.89576	-11.88045	-65.94356	LAX_LV_ENDOCARDIAL	8	1.0	1.0
23.42073	-13.23890	-68.33454	LAX_LV_ENDOCARDIAL	8	1.0	1.0
24.94570	-14.59735	-70.72552	LAX_LV_ENDOCARDIAL	8	1.0	1.0
26.47067	-15.95580	-73.11650	LAX_LV_ENDOCARDIAL	8	1.0	1.0
28.27455	-15.95580	-75.27432	LAX_LV_ENDOCARDIAL	8	1.0	1.0
29.79952	-17.31425	-77.66530	LAX_LV_ENDOCARDIAL	8	1.0	1.0
31.60340	-17.31426	-79.82312	LAX_LV_ENDOCARDIAL	8	1.0	1.0
33.40728	-17.31426	-81.98093	LAX_LV_ENDOCARDIAL	8	1.0	1.0
35.21116	-17.31426	-84.13875	LAX_LV_ENDOCARDIAL	8	1.0	1.0
36.73613	-18.67271	-86.52973	LAX_LV_ENDOCARDIAL	8	1.0	1.0
38.54001	-18.67271	-88.68755	LAX_LV_ENDOCARDIAL	8	1.0	1.0
40.90172	-15.95582	-90.37904	LAX_LV_ENDOCARDIAL	8	1.0	1.0
40.55760	-13.23892	-88.83381	LAX_LV_ENDOCARDIAL	8	1.0	1.0
40.21349	-10.52202	-87.28858	LAX_LV_ENDOCARDIAL	8	1.0	1.0
38.68852	-9.16357	-84.89760	LAX_LV_ENDOCARDIAL	8	1.0	1.0
37.44246	-6.44667	-82.27346	LAX_LV_ENDOCARDIAL	8	1.0	1.0
36.19641	-3.72977	-79.64932	LAX_LV_ENDOCARDIAL	8	1.0	1.0
35.85229	-1.01287	-78.10408	LAX_LV_ENDOCARDIAL	8	1.0	1.0
34.60624	1.70403	-75.47994	LAX_LV_ENDOCARDIAL	8	1.0	1.0
34.26212	4.42093	-73.93471	LAX_LV_ENDOCARDIAL	8	1.0	1.0
33.01606	7.13783	-71.31057	LAX_LV_ENDOCARDIAL	8	1.0	1.0
32.67195	9.85472	-69.76534	LAX_LV_ENDOCARDIAL	8	1.0	1.0
31.42589	12.57162	-67.14119	LAX_LV_ENDOCARDIAL	8	1.0	1.0
30.17984	15.28852	-64.51705	LAX_LV_ENDOCARDIAL	8	1.0	1.0
29.83572	18.00542	-62.97182	LAX_LV_ENDOCARDIAL	8	1.0	1.0
31.29549	20.72232	-63.58440	LAX_LV_ENDOCARDIAL	8	1.0	1.0
30.95137	23.43922	-62.03917	LAX_LV_ENDOCARDIAL	8	1.0	1.0
29.70532	26.15611	-59.41503	LAX_LV_ENDOCARDIAL	8	1.0	1.0
28.45926	28.87301	-56.79089	LAX_LV_ENDOCARDIAL	8	1.0	1.0
27.21321	31.58991	-54.16675	LAX_LV_ENDOCARDIAL	8	1.0	1.0
25.68824	32.94836	-51.77577	LAX_LV_ENDOCARDIAL	8	1.0	1.0
24.44218	35.66526	-49.15163	LAX_LV_ENDOCARDIAL	8	1.0	1.0
22.63830	35.66526	-46.99381	LAX_LV_ENDOCARDIAL	8	1.0	1.0
21.11333	37.02372	-44.60283	LAX_LV_ENDOCARDIAL	8	1.0	1.0
19.58837	38.38217	-42.21185	LAX_LV_ENDOCARDIAL	8	1.0	1.0
2.99122	23.43924	-28.59300	LAX_LV_ENDOCARDIAL	8	1.0	1.0
0.62951	20.72235	-26.90151	LAX_LV_ENDOCARDIAL	8	1.0	1.0
-1.17437	20.72235	-24.74369	LAX_LV_ENDOCARDIAL	8	1.0	1.0
-2.97825	20.72235	-22.58587	LAX_LV_ENDOCARDIAL	8	1.0	1.0
-24.66104	-14.59730	-11.38554	LAX_RV_EPICARDIAL	8	1.0	1.0
-23.41498	-17.31420	-14.00968	LAX_RV_EPICARDIAL	8	1.0	1.0
-22.16893	-20.03110	-16.63382	LAX_RV_EPICARDIAL	8	1.0	1.0
-20.64396	-21.38955	-19.02480	LAX_RV_EPICARDIAL	8	1.0	1.0
-19.11899	-22.74800	-21.41578	LAX_RV_EPICARDIAL	8	1.0	1.0
-17.31511	-22.74800	-23.57360	LAX_RV_EPICARDIAL	8	1.0	1.0
-15.79014	-24.10646	-25.96458	LAX_RV_EPICARDIAL	8	1.0	1.0
-14.26517	-25.46491	-28.35556	LAX_RV_EPICARDIAL	8	1.0	1.0
-12.46129	-25.46491	-30.51338	LAX_RV_EPICARDIAL	8	1.0	1.0
-10.93632	-26.82336	-32.90436	LAX_RV_EPICARDIAL	8	1.0	1.0
-9.13244	-26.82336	-35.06217	LAX_RV_EPICARDIAL	8	1.0	1.0
-7.32856	-26.82336	-37.21999	LAX_RV_EPICARDIAL	8	1.0	1.0
-5.52468	-26.82336	-39.37781	LAX_RV_EPICARDIAL	8	1.0	1.0
-3.72080	-26.82336	-41.53563	LAX_RV_EPICARDIAL	8	1.0	1.0
-1.91691	-26.82337	-43.69344	LAX_RV_EPICARDIAL	8	1.0	1.0
0.16588	-25.46492	-45.61810	LAX_RV_EPICARDIAL	8	1.0	1.0
1.96976	-25.46492	-47.77592	LAX_RV_EPICARDIAL	8	1.0	1.0
3.77364	-25.46492	-49.93373	LAX_RV_EPICARDIAL	8	1.0	1.0
5.57752	-25.46492	-52.09155	LAX_RV_EPICARDIAL	8	1.0	1.0
7.38140	-25.46493	-54.24937	LAX_RV_EPICARDIAL	8	1.0	1.0
9.46420	-24.10648	-56.17402	LAX_RV_EPICARDIAL	8	1.0	1.0
-6.75263	-6.44663	-29.40693	LAX_RV_EPICARDIAL	8	1.0	1.0
-9.52365	-2.37128	-24.39181	LAX_RV_EPICARDIAL	8	1.0	1.0
-11.60645	-3.72972	-22.46715	LAX_RV_EPICARDIAL	8	1.0	1.0
-13.41033	-3.72972	-20.30933	LAX_RV_EPICARDIAL	8	1.0	1.0
-15.21421	-3.72972	-18.15152	LAX_RV_EPICARDIAL	8	1.0	1.0
-17.29700	-5.08817	-16.22686	LAX_RV_EPICARDIAL	8	1.0	1.0
-19.37980	-6.44661	-14.30221	LAX_RV_EPICARDIAL	8	1.0	1.0
-21.46259	-7.80506	-12.37755	LAX_RV_EPICARDIAL	8	1.0	1.0
-22.92236	-10.52196	-11.76496	LAX_RV_EPICARDIAL	8	1.0	1.0
-23.48018	-13.23886	-12.23129	LAX_RV_EPICARDIAL	8	1.0	1.0
3.54904	26.15614	-28.12668	MITRAL_VALVE	8	1.0	1.0
17.44037	41.09907	-38.50880	MITRAL_VALVE	8	1.0	1.0
-8.06389	0.34562	-25.00439	AORTA_VALVE	8	1.0	1.0
-5.06105	19.36390	-20.66122	AORTA_VALVE	8	1.0	1.0
-44.45387	1.48700	-75.44177	LAX_RV_FREEWALL	7	1.0	8
-45.63214	-0.11429	-77.87800	LAX_RV_FREEWALL	7	1.0	8
-46.81041	-1.71559	-80.31424	LAX_RV_FREEWALL	7	1.0	8
-46.58890	-3.31688	-82.61575	LAX_RV_FREEWALL	7	1.0	8
-43.56782	-4.91817	-84.64781	LAX_RV_FREEWALL	7	1.0	8
-40.54674	-6.51946	-86.67987	LAX_RV_FREEWALL	7	1.0	8
-37.52567	-8.12075	-88.71193	LAX_RV_FREEWALL	7	1.0	8
-34.61535	-8.92140	-89.59324	LAX_RV_FREEWALL	7	1.0	8
-31.59427	-10.52269	-91.62530	LAX_RV_FREEWALL	7	1.0	8
-28.68395	-11.32334	-92.50661	LAX_RV_FREEWALL	7	1.0	8
-25.77364	-12.12398	-93.38791	LAX_RV_FREEWALL	7	1.0	8
-22.86332	-12.92463	-94.26922	LAX_RV_FREEWALL	7	1.0	8
-19.95300	-13.72528	-95.15053	LAX_RV_FREEWALL	7	1.0	8
-17.04268	-14.52592	-96.03183	LAX_RV_FREEWALL	7	1.0	8
-14.13236	-15.32657	-96.91314	LAX_RV_FREEWALL	7	1.0	8
-11.11128	-16.92786	-98.94520	LAX_RV_FREEWALL	7	1.0	8
-8.20097	-17.72851	-99.82651	LAX_RV_FREEWALL	7	1.0	8
-5.40140	-17.72851	-99.55706	LAX_RV_FREEWALL	7	1.0	8
-2.49108	-18.52916	-100.43836	LAX_RV_FREEWALL	7	1.0	8
0.30848	-18.52916	-100.16891	LAX_RV_FREEWALL	7	1.0	8
3.10804	-18.52916	-99.89946	LAX_RV_FREEWALL	7	1.0	8
6.01836	-19.32980	-100.78077	LAX_RV_FREEWALL	7	1.0	8
8.81792	-19.32980	-100.51132	LAX_RV_FREEWALL	7	1.0	8
11.61749	-19.32981	-100.24187	LAX_RV_FREEWALL	7	1.0	8
14.52780	-20.13045	-101.12318	LAX_RV_FREEWALL	7	1.0	8
17.32737	-20.13045	-100.85373	LAX_RV_FREEWALL	7	1.0	8
20.12693	-20.13045	-100.58428	LAX_RV_FREEWALL	7	1.0	8
22.92649	-20.13045	-100.31483	LAX_RV_FREEWALL	7	1.0	8
-45.96441	2.28764	-74.42574	LAX_RV_EPICARDIAL	7	1.0	8
-48.54246	0.68635	-76.99670	LAX_RV_EPICARDIAL	7	1.0	8
-49.72073	-0.91494	-79.43293	LAX_RV_EPICARDIAL	7	1.0	8
-50.89900	-2.51623	-81.86917	LAX_RV_EPICARDIAL	7	1.0	8
-49.27770	-4.11752	-84.03595	LAX_RV_EPICARDIAL	7	1.0	8
-47.65641	-5.71881	-86.20274	LAX_RV_EPICARDIAL	7	1.0	8
-44.63533	-7.32011	-88.23480	LAX_RV_EPICARDIAL	7	1.0	8
-41.61426	-8.92140	-90.26686	LAX_RV_EPICARDIAL	7	1.0	8
-38.59318	-10.52269	-92.29893	LAX_RV_EPICARDIAL	7	1.0	8
-35.68286	-11.32334	-93.18023	LAX_RV_EPICARDIAL	7	1.0	8
-32.77254	-12.12398	-94.06154	LAX_RV_EPICARDIAL	7	1.0	8
-29.86222	-12.92463	-94.94284	LAX_RV_EPICARDIAL	7	1.0	8
-26.95190	-13.72528	-95.82415	LAX_RV_EPICARDIAL	7	1.0	8
-23.93083	-15.32657	-97.85621	LAX_RV_EPICARDIAL	7	1.0	8
-21.02051	-16.12721	-98.73752	LAX_RV_EPICARDIAL	7	1.0	8
-18.11019	-16.92786	-99.61882	LAX_RV_EPICARDIAL	7	1.0	8
-15.19987	-17.72851	-100.50013	LAX_RV_EPICARDIAL	7	1.0	8
-12.28955	-18.52915	-101.38144	LAX_RV_EPICARDIAL	7	1.0	8
-9.48999	-18.52915	-101.11199	LAX_RV_EPICARDIAL	7	1.0	8
-6.57967	-19.32980	-101.99329	LAX_RV_EPICARDIAL	7	1.0	8
-3.66935	-20.13045	-102.87460	LAX_RV_EPICARDIAL	7	1.0	8
-0.75903	-20.93109	-103.75591	LAX_RV_EPICARDIAL	7	1.0	8
2.04053	-20.93109	-103.48646	LAX_RV_EPICARDIAL	7	1.0	8
4.95085	-21.73174	-104.36776	LAX_RV_EPICARDIAL	7	1.0	8
7.63965	-20.93110	-102.94756	LAX_RV_EPICARDIAL	7	1.0	8
10.54997	-21.73174	-103.82886	LAX_RV_EPICARDIAL	7	1.0	8
13.34954	-21.73174	-103.55941	LAX_RV_EPICARDIAL	7	1.0	8
16.25986	-22.53239	-104.44072	LAX_RV_EPICARDIAL	7	1.0	8
19.05942	-22.53239	-104.17127	LAX_RV_EPICARDIAL	7	1.0	8
21.85898	-22.53239	-103.90182	LAX_RV_EPICARDIAL	7	1.0	8
24.54779	-21.73175	-102.48162	LAX_RV_EPICARDIAL	7	1.0	8
27.12584	-20.13046	-99.91066	LAX_RV_EPICARDIAL	7	1.0	8
25.50454	-18.52916	-97.74387	LAX_RV_EPICARDIAL	7	1.0	8
-20.91916	13.49667	-55.75539	LAX_RV_SEPTUM	7	1.0	8
25.50454	-18.52916	-97.74387	LAX_RV_SEPTUM	7	1.0	8
22.48347	-16.92787	-95.71181	LAX_RV_SEPTUM	7	1.0	8
19.57315	-16.12723	-94.83050	LAX_RV_SEPTUM	7	1.0	8
16.66283	-15.32658	-93.94920	LAX_RV_SEPTUM	7	1.0	8
13.64175	-13.72529	-91.91713	LAX_RV_SEPTUM	7	1.0	8
10.73143	-12.92464	-91.03583	LAX_RV_SEPTUM	7	1.0	8
7.71036	-11.32335	-89.00377	LAX_RV_SEPTUM	7	1.0	8
4.68928	-9.72206	-86.97171	LAX_RV_SEPTUM	7	1.0	8
3.06799	-8.12076	-84.80492	LAX_RV_SEPTUM	7	1.0	8
0.04691	-6.51947	-82.77286	LAX_RV_SEPTUM	7	1.0	8
-1.57438	-4.91818	-80.60607	LAX_RV_SEPTUM	7	1.0	8
-4.59546	-3.31689	-78.57401	LAX_RV_SEPTUM	7	1.0	8
-6.21675	-1.71560	-76.40722	LAX_RV_SEPTUM	7	1.0	8
-7.83805	-0.11431	-74.24044	LAX_RV_SEPTUM	7	1.0	8
-9.45934	1.48699	-72.07365	LAX_RV_SEPTUM	7	1.0	8
-11.08064	3.08828	-69.90686	LAX_RV_SEPTUM	7	1.0	8
-12.70193	4.68957	-67.74008	LAX_RV_SEPTUM	7	1.0	8
-15.72300	6.29086	-65.70802	LAX_RV_SEPTUM	7	1.0	8
-17.34430	7.89215	-63.54123	LAX_RV_SEPTUM	7	1.0	8
-17.56581	9.49344	-61.23972	LAX_RV_SEPTUM	7	1.0	8
-19.18711	11.09474	-59.07293	LAX_RV_SEPTUM	7	1.0	8
-20.80840	12.69603	-56.90615	LAX_RV_SEPTUM	7	1.0	8
-19.00565	19.90184	-46.27990	LAX_LV_EPICARDIAL	7	1.0	8
-20.29467	19.10119	-47.56538	LAX_LV_EPICARDIAL	7	1.0	8
-20.07316	17.49990	-49.86689	LAX_LV_EPICARDIAL	7	1.0	8
-19.85165	15.89861	-52.16840	LAX_LV_EPICARDIAL	7	1.0	8
29.59313	-17.72852	-96.18894	LAX_LV_EPICARDIAL	7	1.0	8
32.39269	-17.72852	-95.91949	LAX_LV_EPICARDIAL	7	1.0	8
35.19225	-17.72852	-95.65004	LAX_LV_EPICARDIAL	7	1.0	8
37.99182	-17.72852	-95.38059	LAX_LV_EPICARDIAL	7	1.0	8
40.79138	-17.72852	-95.11114	LAX_LV_EPICARDIAL	7	1.0	8
43.48018	-16.92788	-93.69094	LAX_LV_EPICARDIAL	7	1.0	8
44.76921	-16.12723	-92.40546	LAX_LV_EPICARDIAL	7	1.0	8
47.34726	-14.52594	-89.83450	LAX_LV_EPICARDIAL	7	1.0	8
48.52553	-12.92465	-87.39826	LAX_LV_EPICARDIAL	7	1.0	8
49.70380	-11.32336	-84.96203	LAX_LV_EPICARDIAL	7	1.0	8
49.48228	-9.72207	-82.66052	LAX_LV_EPICARDIAL	7	1.0	8
50.66055	-8.12078	-80.22428	LAX_LV_EPICARDIAL	7	1.0	8
50.43904	-6.51949	-77.92277	LAX_LV_EPICARDIAL	7	1.0	8
51.61731	-4.91820	-75.48653	LAX_LV_EPICARDIAL	7	1.0	8
51.39579	-3.31690	-73.18502	LAX_LV_EPICARDIAL	7	1.0	8
52.57406	-1.71561	-70.74879	LAX_LV_EPICARDIAL	7	1.0	8
52.35255	-0.11432	-68.44728	LAX_LV_EPICARDIAL	7	1.0	8
52.13103	1.48697	-66.14577	LAX_LV_EPICARDIAL	7	1.0	8
51.90952	3.08826	-63.84425	LAX_LV_EPICARDIAL	7	1.0	8
53.08779	4.68955	-61.40802	LAX_LV_EPICARDIAL	7	1.0	8
52.86628	6.29084	-59.10651	LAX_LV_EPICARDIAL	7	1.0	8
51.24498	7.89213	-56.93972	LAX_LV_EPICARDIAL	7	1.0	8
51.02347	9.49342	-54.63821	LAX_LV_EPICARDIAL	7	1.0	8
49.40217	11.09472	-52.47142	LAX_LV_EPICARDIAL	7	1.0	8
49.18066	12.69601	-50.16991	LAX_LV_EPICARDIAL	7	1.0	8
47.55937	14.29730	-48.00313	LAX_LV_EPICARDIAL	7	1.0	8
47.33785	15.89859	-45.70162	LAX_LV_EPICARDIAL	7	1.0	8
45.71656	17.49988	-43.53483	LAX_LV_EPICARDIAL	7	1.0	8
44.09527	19.10117	-41.36804	LAX_LV_EPICARDIAL	7	1.0	8
42.47397	20.70247	-39.20126	LAX_LV_EPICARDIAL	7	1.0	8
40.85268	22.30376	-37.03447	LAX_LV_EPICARDIAL	7	1.0	8
39.23138	23.90505	-34.86769	LAX_LV_EPICARDIAL	7	1.0	8
37.61009	25.50634	-32.70090	LAX_LV_EPICARDIAL	7	1.0	8
35.98879	27.10763	-30.53411	LAX_LV_EPICARDIAL	7	1.0	8
32.96772	28.70892	-28.50205	LAX_LV_EPICARDIAL	7	1.0	8
30.05740	29.50957	-27.62074	LAX_LV_EPICARDIAL	7	1.0	8
27.14708	30.31022	-26.73944	LAX_LV_EPICARDIAL	7	1.0	8
24.23676	31.11086	-25.85813	LAX_LV_EPICARDIAL	7	1.0	8
21.43720	31.11086	-26.12758	LAX_LV_EPICARDIAL	7	1.0	8
-17.49511	19.10119	-47.29593	LAX_LV_ENDOCARDIAL	7	1.0	8
-15.87382	17.49990	-49.46272	LAX_LV_ENDOCARDIAL	7	1.0	8
-14.25252	15.89861	-51.62950	LAX_LV_ENDOCARDIAL	7	1.0	8
-11.23145	14.29732	-53.66156	LAX_LV_ENDOCARDIAL	7	1.0	8
-9.61015	12.69602	-55.82835	LAX_LV_ENDOCARDIAL	7	1.0	8
-6.58908	11.09473	-57.86041	LAX_LV_ENDOCARDIAL	7	1.0	8
-4.96778	9.49344	-60.02720	LAX_LV_ENDOCARDIAL	7	1.0	8
-1.94671	7.89215	-62.05926	LAX_LV_ENDOCARDIAL	7	1.0	8
1.07437	6.29086	-64.09132	LAX_LV_ENDOCARDIAL	7	1.0	8
4.09545	4.68956	-66.12338	LAX_LV_ENDOCARDIAL	7	1.0	8
5.71674	3.08827	-68.29017	LAX_LV_ENDOCARDIAL	7	1.0	8
7.33803	1.48698	-70.45695	LAX_LV_ENDOCARDIAL	7	1.0	8
10.35911	-0.11431	-72.48902	LAX_LV_ENDOCARDIAL	7	1.0	8
11.98040	-1.71560	-74.65580	LAX_LV_ENDOCARDIAL	7	1.0	8
15.00148	-3.31689	-76.68786	LAX_LV_ENDOCARDIAL	7	1.0	8
16.62277	-4.91819	-78.85465	LAX_LV_ENDOCARDIAL	7	1.0	8
19.64385	-6.51948	-80.88671	LAX_LV_ENDOCARDIAL	7	1.0	8
22.66493	-8.12077	-82.91877	LAX_LV_ENDOCARDIAL	7	1.0	8
24.28622	-9.72206	-85.08556	LAX_LV_ENDOCARDIAL	7	1.0	8
27.30730	-11.32335	-87.11762	LAX_LV_ENDOCARDIAL	7	1.0	8
30.21761	-12.12400	-87.99893	LAX_LV_ENDOCARDIAL	7	1.0	8
33.23869	-13.72529	-90.03099	LAX_LV_ENDOCARDIAL	7	1.0	8
36.14901	-14.52594	-90.91230	LAX_LV_ENDOCARDIAL	7	1.0	8
38.94857	-14.52594	-90.64285	LAX_LV_ENDOCARDIAL	7	1.0	8
40.12684	-12.92465	-88.20661	LAX_LV_ENDOCARDIAL	7	1.0	8
41.30511	-11.32336	-85.77038	LAX_LV_ENDOCARDIAL	7	1.0	8
41.08359	-9.72207	-83.46886	LAX_LV_ENDOCARDIAL	7	1.0	8
40.86208	-8.12078	-81.16735	LAX_LV_ENDOCARDIAL	7	1.0	8
40.64057	-6.51948	-78.86584	LAX_LV_ENDOCARDIAL	7	1.0	8
41.81884	-4.91819	-76.42961	LAX_LV_ENDOCARDIAL	7	1.0	8
41.59732	-3.31690	-74.12810	LAX_LV_ENDOCARDIAL	7	1.0	8
41.37581	-1.71561	-71.82658	LAX_LV_ENDOCARDIAL	7	1.0	8
41.15430	-0.11432	-69.52507	LAX_LV_ENDOCARDIAL	7	1.0	8
40.93278	1.48697	-67.22356	LAX_LV_ENDOCARDIAL	7	1.0	8
40.71127	3.08826	-64.92205	LAX_LV_ENDOCARDIAL	7	1.0	8
40.48976	4.68955	-62.62054	LAX_LV_ENDOCARDIAL	7	1.0	8
38.86846	6.29085	-60.45375	LAX_LV_ENDOCARDIAL	7	1.0	8
38.64695	7.89214	-58.15224	LAX_LV_ENDOCARDIAL	7	1.0	8
37.02566	9.49343	-55.98546	LAX_LV_ENDOCARDIAL	7	1.0	8
36.80414	11.09472	-53.68395	LAX_LV_ENDOCARDIAL	7	1.0	8
35.18285	12.69601	-51.51716	LAX_LV_ENDOCARDIAL	7	1.0	8
33.56155	14.29730	-49.35037	LAX_LV_ENDOCARDIAL	7	1.0	8
33.34004	15.89859	-47.04886	LAX_LV_ENDOCARDIAL	7	1.0	8
31.71875	17.49989	-44.88208	LAX_LV_ENDOCARDIAL	7	1.0	8
30.09745	19.10118	-42.71529	LAX_LV_ENDOCARDIAL	7	1.0	8
28.47616	20.70247	-40.54850	LAX_LV_ENDOCARDIAL	7	1.0	8
26.85486	22.30376	-38.38172	LAX_LV_ENDOCARDIAL	7	1.0	8
25.23357	23.90505	-36.21493	LAX_LV_ENDOCARDIAL	7	1.0	8
22.21249	25.50634	-34.18287	LAX_LV_ENDOCARDIAL	7	1.0	8
20.59120	27.10764	-32.01608	LAX_LV_ENDOCARDIAL	7	1.0	8
18.96991	28.70893	-29.84930	LAX_LV_ENDOCARDIAL	7	1.0	8
-45.96441	2.28764	-74.42574	LAX_RV_EPICARDIAL	7	1.0	8
-48.54246	0.68635	-76.99670	LAX_RV_EPICARDIAL	7	1.0	8
-49.72073	-0.91494	-79.43293	LAX_RV_EPICARDIAL	7	1.0	8
-50.89900	-2.51623	-81.86917	LAX_RV_EPICARDIAL	7	1.0	8
-49.27770	-4.11752	-84.03595	LAX_RV_EPICARDIAL	7	1.0	8
-47.65641	-5.71881	-86.20274	LAX_RV_EPICARDIAL	7	1.0	8
-44.63533	-7.32011	-88.23480	LAX_RV_EPICARDIAL	7	1.0	8
-41.61426	-8.92140	-90.26686	LAX_RV_EPICARDIAL	7	1.0	8
-38.59318	-10.52269	-92.29893	LAX_RV_EPICARDIAL	7	1.0	8
-35.68286	-11.32334	-93.18023	LAX_RV_EPICARDIAL	7	1.0	8
-32.77254	-12.12398	-94.06154	LAX_RV_EPICARDIAL	7	1.0	8
-29.86222	-12.92463	-94.94284	LAX_RV_EPICARDIAL	7	1.0	8
-26.95190	-13.72528	-95.82415	LAX_RV_EPICARDIAL	7	1.0	8
-23.93083	-15.32657	-97.85621	LAX_RV_EPICARDIAL	7	1.0	8
-21.02051	-16.12721	-98.73752	LAX_RV_EPICARDIAL	7	1.0	8
-18.11019	-16.92786	-99.61882	LAX_RV_EPICARDIAL	7	1.0	8
-15.19987	-17.72851	-100.50013	LAX_RV_EPICARDIAL	7	1.0	8
-12.28955	-18.52915	-101.38144	LAX_RV_EPICARDIAL	7	1.0	8
-9.48999	-18.52915	-101.11199	LAX_RV_EPICARDIAL	7	1.0	8
-6.57967	-19.32980	-101.99329	LAX_RV_EPICARDIAL	7	1.0	8
-3.66935	-20.13045	-102.87460	LAX_RV_EPICARDIAL	7	1.0	8
-0.75903	-20.93109	-103.75591	LAX_RV_EPICARDIAL	7	1.0	8
2.04053	-20.93109	-103.48646	LAX_RV_EPICARDIAL	7	1.0	8
4.95085	-21.73174	-104.36776	LAX_RV_EPICARDIAL	7	1.0	8
7.63965	-20.93110	-102.94756	LAX_RV_EPICARDIAL	7	1.0	8
10.54997	-21.73174	-103.82886	LAX_RV_EPICARDIAL	7	1.0	8
13.34954	-21.73174	-103.55941	LAX_RV_EPICARDIAL	7	1.0	8
16.25986	-22.53239	-104.44072	LAX_RV_EPICARDIAL	7	1.0	8
19.05942	-22.53239	-104.17127	LAX_RV_EPICARDIAL	7	1.0	8
21.85898	-22.53239	-103.90182	LAX_RV_EPICARDIAL	7	1.0	8
24.54779	-21.73175	-102.48162	LAX_RV_EPICARDIAL	7	1.0	8
27.12584	-20.13046	-99.91066	LAX_RV_EPICARDIAL	7	1.0	8
25.50454	-18.52916	-97.74387	LAX_RV_EPICARDIAL	7	1.0	8
15.83807	31.11087	-26.66648	MITRAL_VALVE	7	1.0	8
-19.22716	21.50313	-43.97839	MITRAL_VALVE	7	1.0	8
-43.38636	3.88893	-71.85478	TRICUSPID_VALVE	7	1.0	8
-21.02991	14.29732	-54.60464	TRICUSPID_VALVE	7	1.0	8
40.79138	-17.72852	-95.11114	APEX_POINT	7	1.0	8
-10.42158	-18.58493	-5.34165	LAX_RV_FREEWALL	11	1.0	8
-10.04327	-18.57505	-8.12858	LAX_RV_FREEWALL	11	1.0	8
-9.66495	-18.56517	-10.91550	LAX_RV_FREEWALL	11	1.0	8
-9.28664	-18.55529	-13.70242	LAX_RV_FREEWALL	11	1.0	8
-8.82291	-19.94905	-16.48273	LAX_RV_FREEWALL	11	1.0	8
-8.44460	-19.93917	-19.26965	LAX_RV_FREEWALL	11	1.0	8
-8.06629	-19.92929	-22.05657	LAX_RV_FREEWALL	11	1.0	8
-7.68798	-19.91942	-24.84350	LAX_RV_FREEWALL	11	1.0	8
-7.22425	-21.31318	-27.62380	LAX_RV_FREEWALL	11	1.0	8
-6.76052	-22.70694	-30.40410	LAX_RV_FREEWALL	11	1.0	8
-6.38221	-22.69706	-33.19103	LAX_RV_FREEWALL	11	1.0	8
-5.91848	-24.09082	-35.97133	LAX_RV_FREEWALL	11	1.0	8
-5.54017	-24.08094	-38.75825	LAX_RV_FREEWALL	11	1.0	8
-5.16186	-24.07106	-41.54518	LAX_RV_FREEWALL	11	1.0	8
-4.78354	-24.06118	-44.33210	LAX_RV_FREEWALL	11	1.0	8
-4.40523	-24.05130	-47.11902	LAX_RV_FREEWALL	11	1.0	8
-4.02692	-24.04142	-49.90595	LAX_RV_FREEWALL	11	1.0	8
-3.64861	-24.03154	-52.69287	LAX_RV_FREEWALL	11	1.0	8
-3.27030	-24.02167	-55.47979	LAX_RV_FREEWALL	11	1.0	8
-2.89198	-24.01179	-58.26672	LAX_RV_FREEWALL	11	1.0	8
-2.51367	-24.00191	-61.05364	LAX_RV_FREEWALL	11	1.0	8
-2.04994	-25.39567	-63.83394	LAX_RV_FREEWALL	11	1.0	8
-1.58621	-26.78943	-66.61425	LAX_RV_FREEWALL	11	1.0	8
-1.20790	-26.77955	-69.40117	LAX_RV_FREEWALL	11	1.0	8
-0.82959	-26.76967	-72.18809	LAX_RV_FREEWALL	11	1.0	8
-0.53669	-25.35615	-74.98164	LAX_RV_FREEWALL	11	1.0	8
-0.07297	-26.74991	-77.76194	LAX_RV_FREEWALL	11	1.0	8
0.30535	-26.74003	-80.54886	LAX_RV_FREEWALL	11	1.0	8
0.68366	-26.73015	-83.33579	LAX_RV_FREEWALL	11	1.0	8
1.06197	-26.72028	-86.12271	LAX_RV_FREEWALL	11	1.0	8
1.44028	-26.71040	-88.90963	LAX_RV_FREEWALL	11	1.0	8
1.81859	-26.70052	-91.69655	LAX_RV_FREEWALL	11	1.0	8
2.11149	-25.28700	-94.49010	LAX_RV_FREEWALL	11	1.0	8
2.48980	-25.27712	-97.27702	LAX_RV_FREEWALL	11	1.0	8
2.78270	-23.86360	-100.07056	LAX_RV_FREEWALL	11	1.0	8
2.99018	-21.04645	-102.87072	LAX_RV_FREEWALL	11	1.0	8
2.81935	-18.23917	-102.88396	LAX_RV_FREEWALL	11	1.0	8
2.64852	-15.43189	-102.89720	LAX_RV_FREEWALL	11	1.0	8
2.47768	-12.62462	-102.91044	LAX_RV_FREEWALL	11	1.0	8
2.11770	-9.82228	-101.53022	LAX_RV_FREEWALL	11	1.0	8
1.75771	-7.01994	-100.15000	LAX_RV_FREEWALL	11	1.0	8
1.20856	-4.22254	-97.37631	LAX_RV_FREEWALL	11	1.0	8
0.65942	-1.42514	-94.60263	LAX_RV_FREEWALL	11	1.0	8
0.29943	1.37719	-93.22240	LAX_RV_FREEWALL	11	1.0	8
-0.24971	4.17459	-90.44872	LAX_RV_FREEWALL	11	1.0	8
-0.71344	5.56835	-87.66842	LAX_RV_FREEWALL	11	1.0	8
-1.00634	4.15483	-84.87487	LAX_RV_FREEWALL	11	1.0	8
-1.21382	1.33768	-82.07471	LAX_RV_SEPTUM	11	1.0	8
-1.23214	-1.47454	-80.66801	LAX_RV_SEPTUM	11	1.0	8
-1.25046	-4.28676	-79.26131	LAX_RV_SEPTUM	11	1.0	8
-1.26879	-7.09897	-77.85461	LAX_RV_SEPTUM	11	1.0	8
-1.47627	-9.91613	-75.05445	LAX_RV_SEPTUM	11	1.0	8
-1.76917	-11.32964	-72.26091	LAX_RV_SEPTUM	11	1.0	8
-2.14748	-11.33952	-69.47398	LAX_RV_SEPTUM	11	1.0	8
-2.44037	-12.75304	-66.68044	LAX_RV_SEPTUM	11	1.0	8
-2.81869	-12.76292	-63.89352	LAX_RV_SEPTUM	11	1.0	8
-3.11158	-14.17644	-61.09997	LAX_RV_SEPTUM	11	1.0	8
-3.40448	-15.58995	-58.30643	LAX_RV_SEPTUM	11	1.0	8
-3.78279	-15.59983	-55.51951	LAX_RV_SEPTUM	11	1.0	8
-4.16110	-15.60971	-52.73259	LAX_RV_SEPTUM	11	1.0	8
-4.62483	-14.21595	-49.95228	LAX_RV_SEPTUM	11	1.0	8
-5.08856	-12.82219	-47.17198	LAX_RV_SEPTUM	11	1.0	8
-5.55229	-11.42843	-44.39167	LAX_RV_SEPTUM	11	1.0	8
-5.93060	-11.43831	-41.60475	LAX_RV_SEPTUM	11	1.0	8
-6.39433	-10.04455	-38.82445	LAX_RV_SEPTUM	11	1.0	8
-6.77264	-10.05443	-36.03752	LAX_RV_SEPTUM	11	1.0	8
-7.23637	-8.66067	-33.25722	LAX_RV_SEPTUM	11	1.0	8
-7.61468	-8.67055	-30.47030	LAX_RV_SEPTUM	11	1.0	8
-8.07841	-7.27679	-27.68999	LAX_RV_SEPTUM	11	1.0	8
-8.45672	-7.28667	-24.90307	LAX_RV_SEPTUM	11	1.0	8
-8.92045	-5.89291	-22.12277	LAX_RV_SEPTUM	11	1.0	8
-9.46959	-3.09551	-19.34908	LAX_RV_SEPTUM	11	1.0	8
-9.93332	-1.70175	-16.56878	LAX_RV_SEPTUM	11	1.0	8
-10.39705	-0.30799	-13.78848	LAX_RV_SEPTUM	11	1.0	8
-10.33616	-19.98857	-5.33503	LAX_RV_EPICARDIAL	11	1.0	8
-9.87243	-21.38233	-8.11534	LAX_RV_EPICARDIAL	11	1.0	8
-9.49412	-21.37245	-10.90226	LAX_RV_EPICARDIAL	11	1.0	8
-9.03039	-22.76621	-13.68257	LAX_RV_EPICARDIAL	11	1.0	8
-8.56667	-24.15997	-16.46287	LAX_RV_EPICARDIAL	11	1.0	8
-8.18835	-24.15009	-19.24979	LAX_RV_EPICARDIAL	11	1.0	8
-7.81004	-24.14021	-22.03672	LAX_RV_EPICARDIAL	11	1.0	8
-7.34631	-25.53397	-24.81702	LAX_RV_EPICARDIAL	11	1.0	8
-6.96800	-25.52409	-27.60394	LAX_RV_EPICARDIAL	11	1.0	8
-6.50427	-26.91785	-30.38425	LAX_RV_EPICARDIAL	11	1.0	8
-6.12596	-26.90797	-33.17117	LAX_RV_EPICARDIAL	11	1.0	8
-5.66223	-28.30173	-35.95147	LAX_RV_EPICARDIAL	11	1.0	8
-5.28392	-28.29185	-38.73840	LAX_RV_EPICARDIAL	11	1.0	8
-4.90561	-28.28197	-41.52532	LAX_RV_EPICARDIAL	11	1.0	8
-4.44188	-29.67573	-44.30562	LAX_RV_EPICARDIAL	11	1.0	8
-4.06357	-29.66586	-47.09255	LAX_RV_EPICARDIAL	11	1.0	8
-3.77067	-28.25234	-49.88609	LAX_RV_EPICARDIAL	11	1.0	8
-3.39236	-28.24246	-52.67301	LAX_RV_EPICARDIAL	11	1.0	8
-3.09946	-26.82894	-55.46655	LAX_RV_EPICARDIAL	11	1.0	8
-2.72115	-26.81906	-58.25348	LAX_RV_EPICARDIAL	11	1.0	8
-2.25742	-28.21282	-61.03378	LAX_RV_EPICARDIAL	11	1.0	8
-1.87911	-28.20294	-63.82070	LAX_RV_EPICARDIAL	11	1.0	8
-1.41538	-29.59670	-66.60101	LAX_RV_EPICARDIAL	11	1.0	8
-0.95165	-30.99046	-69.38131	LAX_RV_EPICARDIAL	11	1.0	8
-0.65876	-29.57695	-72.17485	LAX_RV_EPICARDIAL	11	1.0	8
-0.28045	-29.56707	-74.96178	LAX_RV_EPICARDIAL	11	1.0	8
0.09787	-29.55719	-77.74870	LAX_RV_EPICARDIAL	11	1.0	8
0.47618	-29.54731	-80.53562	LAX_RV_EPICARDIAL	11	1.0	8
0.93991	-30.94107	-83.31593	LAX_RV_EPICARDIAL	11	1.0	8
1.31822	-30.93119	-86.10285	LAX_RV_EPICARDIAL	11	1.0	8
1.69653	-30.92131	-88.88977	LAX_RV_EPICARDIAL	11	1.0	8
2.07484	-30.91143	-91.67670	LAX_RV_EPICARDIAL	11	1.0	8
2.36774	-29.49792	-94.47024	LAX_RV_EPICARDIAL	11	1.0	8
2.66064	-28.08440	-97.26378	LAX_RV_EPICARDIAL	11	1.0	8
3.03895	-28.07452	-100.05070	LAX_RV_EPICARDIAL	11	1.0	8
3.33184	-26.66100	-102.84425	LAX_RV_EPICARDIAL	11	1.0	8
3.53932	-23.84385	-105.64441	LAX_RV_EPICARDIAL	11	1.0	8
3.55765	-21.03163	-107.05111	LAX_RV_EPICARDIAL	11	1.0	8
3.38682	-18.22435	-107.06435	LAX_RV_EPICARDIAL	11	1.0	8
3.21598	-15.41708	-107.07759	LAX_RV_EPICARDIAL	11	1.0	8
3.04515	-12.60980	-107.09083	LAX_RV_EPICARDIAL	11	1.0	8
2.87432	-9.80252	-107.10406	LAX_RV_EPICARDIAL	11	1.0	8
2.51433	-7.00018	-105.72384	LAX_RV_EPICARDIAL	11	1.0	8
2.15435	-4.19785	-104.34362	LAX_RV_EPICARDIAL	11	1.0	8
1.79436	-1.39551	-102.96340	LAX_RV_EPICARDIAL	11	1.0	8
1.43437	1.40683	-101.58317	LAX_RV_EPICARDIAL	11	1.0	8
0.97064	2.80059	-98.80287	LAX_RV_EPICARDIAL	11	1.0	8
0.42150	5.59799	-96.02919	LAX_RV_EPICARDIAL	11	1.0	8
-0.12765	8.39539	-93.25550	LAX_RV_EPICARDIAL	11	1.0	8
-0.67679	11.19278	-90.48182	LAX_RV_EPICARDIAL	11	1.0	8
-1.05510	11.18291	-87.69489	LAX_RV_EPICARDIAL	11	1.0	8
-1.15884	9.77433	-86.29481	LAX_RV_EPICARDIAL	11	1.0	8
-0.98801	6.96705	-86.28157	LAX_RV_EPICARDIAL	11	1.0	8
-11.07446	-17.19611	-1.16789	PULMONARY_VALVE	11	1.0	8
-10.77536	-0.31787	-11.00155	PULMONARY_VALVE	11	1.0	8
