2.936511088951375541e+02 1.582710017833679217e+02 4.783571968762435489e+01
2.183525684271961040e+02 1.872174241373862742e+02 6.640305825812396279e+01
2.203056997376206141e+02 1.960029035348508728e+02 6.197066211406662717e+01
2.347403983042059679e+02 2.192736653665197650e+02 6.428806727830267675e+01
2.405716029418512107e+02 2.175821976508076148e+02 7.632685604388595380e+01
2.069854477230306031e+02 1.902526295480552960e+02 9.721228443956152887e+01
2.738363736847853147e+02 2.169604812299494938e+02 9.563699232915261916e+01
2.651934436599863716e+02 2.199156485464413890e+02 7.134353486439032110e+01
2.756364498141180661e+02 1.832882006250809468e+02 5.143240518211161572e+01
3.118082250632924115e+02 1.462951781973320067e+02 8.337945710110929554e+01
2.891384219889811789e+02 1.283701678491900680e+02 6.229698984282813967e+01
3.110832643451859099e+02 1.709109199976357161e+02 1.037905279121591917e+02
3.030967957073292496e+02 1.661201643682062183e+02 6.659044833523616091e+01
2.970263998499380591e+02 1.941161269336229509e+02 6.960515702286143380e+01
2.867110599758975695e+02 1.511029237772473550e+02 4.413197973759058357e+01
2.636095042774778676e+02 1.688031699904670120e+02 5.078399525892679378e+01
2.542199793078424648e+02 2.151438591577903026e+02 5.854402428358447708e+01
2.879310550144570584e+02 1.303492103973577514e+02 7.002316594724759113e+01
3.076125553886844841e+02 1.637009230307072585e+02 4.991967991133206795e+01
2.870112850864589973e+02 1.912736154118693719e+02 5.272749933006713974e+01
2.297720555284514603e+02 1.949439195586788856e+02 1.080835878142720645e+02
2.065029404503270030e+02 1.777989049905374088e+02 8.576218158800972446e+01
2.070957358792786067e+02 1.885070705891145906e+02 9.819780477301016219e+01
2.420855620493526601e+02 1.914118728422418201e+02 1.148526216162608335e+02
2.015320725875516814e+02 1.806463110224171658e+02 8.796234327256870245e+01
2.095073982969126121e+02 1.925445433894655309e+02 1.012906360056058190e+02
2.306821036997180556e+02 1.948040538029830202e+02 1.159251213061914996e+02
2.353590384026707625e+02 1.758276318846866104e+02 1.192759568934177139e+02
2.105899413638866235e+02 1.696769631440699300e+02 9.343780722884913814e+01
2.132835090235424502e+02 1.709620844698548865e+02 8.814892044548194860e+01
2.384894754393570508e+02 1.726233608121663110e+02 1.095511788354890399e+02
2.291810600648743161e+02 1.618580485325760208e+02 9.799395911947597426e+01
2.424073278036226498e+02 2.042582260657999313e+02 1.052221210195371270e+02
2.742220128209382324e+02 1.942818127671144737e+02 1.184132773653018234e+02
2.285117677463095447e+02 1.614370187459548731e+02 1.020995188779802021e+02
2.860418276443535888e+02 2.125522777977465410e+02 6.826139899031652192e+01
2.482694579627385281e+02 1.794108126693998599e+02 5.427839952440585591e+01
2.707522336345352869e+02 2.063797203188703406e+02 6.160022814093473897e+01
2.935325711785419003e+02 1.852498322422750903e+02 1.143399293889467003e+02
2.895158487735573658e+02 1.659500162832096350e+02 4.842024157309539589e+01
3.130452797844082511e+02 1.562925568149409230e+02 9.204030787554039250e+01
3.094155740835865345e+02 1.824910347287770946e+02 6.258053345815594071e+01
2.779143483446476921e+02 1.608765616351682581e+02 5.060636483848915645e+01
2.943226988257711128e+02 1.777599921829696825e+02 5.800495966246305102e+01
2.335232733341548510e+02 1.797948292419684151e+02 5.213090826600523542e+01
2.105507962042549366e+02 1.712327020941090439e+02 8.375067390588883143e+01
2.284272441504093649e+02 1.783040149848737030e+02 6.058971163652164904e+01
2.691803357099420850e+02 1.733520770680091232e+02 1.139720738249566239e+02
2.518743205519697597e+02 1.759633488659301293e+02 1.206168839719464074e+02
2.244676184271025932e+02 2.033135634769791977e+02 6.125010079464873769e+01
3.169006265863773137e+02 1.611006464618522216e+02 6.798561564499934207e+01
3.037016027698235234e+02 1.874130625788389182e+02 8.058028763278622364e+01
2.465998514191047377e+02 2.169033821416347223e+02 9.429265687696307907e+01
2.887115467194297480e+02 1.365223204240237749e+02 5.063283300777040097e+01
3.072837859841868635e+02 1.411804042064593148e+02 4.007990896879496745e+01
2.956203788276778823e+02 2.046488103796670828e+02 8.915936478772165685e+01
3.096610515553636560e+02 1.745360354815917390e+02 7.648805805233187982e+01
2.905791073409362184e+02 1.293234311573791331e+02 8.784193390049695438e+01
2.851683672208289408e+02 1.475988716736454194e+02 1.102296383150392245e+02
2.762176843821699208e+02 1.614866288144149280e+02 1.154934840018514706e+02
2.863762771519774901e+02 1.397903935739147698e+02 9.938282495302783559e+01
2.418206079340058636e+02 1.990752821220526130e+02 1.070688459759900724e+02
2.511997816756195334e+02 1.866143200291174367e+02 1.151088983471631622e+02
2.154720867647392311e+02 1.825377724493674805e+02 7.619151370769245091e+01
2.165792357756269269e+02 1.828755838579888575e+02 6.601932784805894983e+01
2.621184416598045459e+02 1.912734747381211378e+02 5.188563353326573235e+01
2.425111907033559646e+02 2.081423549262989070e+02 4.820890747166308188e+01
3.124430833215885173e+02 1.305192127582047306e+02 7.139249929524609684e+01
3.099906357085443460e+02 1.288305302820300255e+02 5.663769864618370065e+01
3.162114860209499625e+02 1.516039359710148062e+02 6.131926454361241952e+01
2.367277991532860142e+02 1.752632124324966014e+02 6.175358924373204417e+01
2.278558456904918330e+02 1.744599374711593782e+02 7.036450891365495863e+01
2.274916371769761554e+02 1.756776669596473823e+02 6.398084271346734653e+01
2.289184065341880512e+02 1.721367219222724714e+02 7.165526862226276705e+01
2.253565268055723152e+02 1.587596613328279886e+02 8.902705435732553951e+01
2.372427841794497567e+02 1.642965073517773931e+02 1.068176830524987082e+02
2.385202844907994972e+02 1.627185654045916579e+02 9.220772844298521420e+01
2.618982201061007231e+02 1.598410855149757026e+02 1.091242775078079035e+02
2.531906842996055218e+02 1.681004106302763148e+02 1.007021288424458589e+02
2.434750853387075438e+02 1.642397972573499203e+02 9.141031476082906693e+01
2.548357815543048446e+02 1.557260466684956555e+02 9.350620576860174538e+01
2.420690793722606884e+02 1.689268590464734245e+02 8.064778051852174201e+01
2.489795032344637207e+02 1.612762205329680967e+02 8.137484754453254254e+01
2.304223113921057404e+02 1.638773913629082699e+02 7.377398400338866225e+01
2.453984081917465119e+02 1.668997682597656365e+02 7.009198098167260582e+01
2.765188223032107544e+02 1.329315283741302949e+02 6.704232675626892046e+01
2.790812865813168173e+02 1.502315289598192294e+02 5.112030699062244565e+01
2.801889780670333607e+02 1.305482783179418504e+02 7.801164190809431886e+01
2.739515746130771277e+02 1.408163485647681910e+02 5.668739569690382751e+01
2.786685531525122315e+02 1.330234055946175147e+02 8.281826534048845190e+01
2.683423020857986785e+02 1.540374373271011450e+02 5.396653913860143348e+01
2.777877584622282825e+02 1.317822432561259518e+02 9.169676699964345801e+01
2.715870744727536703e+02 1.386525484433624626e+02 7.855827774034996480e+01
2.669392116909959327e+02 1.416367132676792266e+02 6.973421004624839270e+01
2.680221195747191132e+02 1.466102441113826274e+02 6.269236498027531468e+01
2.628139984388818675e+02 1.647117132563704160e+02 5.853464418491368804e+01
2.638240436553876975e+02 1.468813174934593633e+02 7.441052087055844311e+01
2.635792440242880161e+02 1.437017685535467706e+02 8.415660048106046531e+01
2.718405657017362955e+02 1.409668741347619516e+02 9.918207210638652782e+01
2.612721664654303595e+02 1.558618460365605074e+02 6.725845262902626587e+01
2.681476363286075184e+02 1.533280754955434588e+02 1.078604877700155669e+02
2.582634436995399483e+02 1.496969133269854240e+02 8.833529742791117201e+01
2.571624673462812893e+02 1.554948014505825711e+02 7.834236885877156453e+01
2.535008204233422475e+02 1.624620213583981752e+02 7.008578959704726685e+01
2.484333883745074445e+02 1.711095988568361861e+02 6.067201498067982612e+01
2.686278820724531329e+02 1.207797217305908788e+02 8.700864247432936338e+01
2.027995410993369489e+02 1.606743545756422122e+02 1.020448558598620821e+02
1.755167381845239447e+02 1.361110408307650061e+02 5.872035101259321266e+01
2.041108523776533730e+02 1.657341716641249150e+02 5.356131895124079279e+01
1.803998426317315875e+02 1.265852591071331403e+02 5.362174619829359301e+01
2.642742155282021486e+02 1.272228273263025926e+02 1.097368437350927337e+02
2.486168948819969273e+02 1.195003595461532484e+02 4.519587096765832257e+01
2.170095574169774579e+02 1.676540038268450417e+02 5.400884066368379877e+01
2.428099591026252995e+02 1.161892315440642705e+02 1.067441453007297127e+02
2.116627224874684430e+02 1.700068197207206140e+02 7.495691893886262847e+01
2.271871485804799988e+02 1.388773934530422025e+02 1.449116228209240944e+02
2.604359160499655559e+02 1.560192997166127782e+02 1.362072646871157247e+02
2.384844101840734822e+02 1.722628237781996745e+02 1.231556546120982176e+02
2.073609357410221889e+02 1.667998621570340276e+02 9.032743506740649764e+01
2.126103416505632708e+02 1.251461311965452410e+02 1.278498582879961987e+02
2.540121281869221548e+02 1.306007322486447606e+02 1.356870484901336340e+02
1.802899236286988014e+02 1.355778554718448277e+02 9.408669123551563018e+01
2.689813435928386411e+02 1.214011346227075592e+02 7.074727823668304438e+01
1.907529849963941331e+02 1.459737290850119109e+02 1.128595570436092288e+02
2.129521419048157327e+02 1.571187598824938902e+02 1.314822377281087142e+02
2.271080975330000626e+02 1.668466257530035932e+02 1.275189922815193739e+02
2.018462786013874108e+02 1.359211724195367026e+02 1.211389292133516733e+02
2.231664492136837055e+02 1.317353199012419225e+02 1.260815873038912969e+02
2.138952202470565283e+02 1.447817689331656652e+02 1.415972058552191868e+02
2.487444999182309004e+02 1.418134285559189607e+02 1.464942299796127827e+02
2.537551855317393859e+02 1.704521591227840247e+02 1.294805065170619116e+02
1.994473585489856760e+02 1.212430523269216707e+02 4.300463487015767328e+01
2.558107590600334618e+02 1.273730772449807489e+02 1.248599733813445312e+02
2.397140031655455061e+02 1.208686659959100353e+02 1.187774339961225536e+02
2.108382070436308027e+02 1.194209169895905518e+02 9.101462459012000750e+01
2.685990096682207877e+02 1.221784356935196172e+02 1.004987905592514750e+02
2.565648620456811386e+02 1.195990005215761158e+02 9.173570671516220898e+01
2.175486414014762602e+02 1.172900130936278771e+02 4.623741787854415719e+01
2.535389156448825361e+02 1.100579496054832873e+02 6.782862452706616807e+01
2.451169490767393597e+02 1.181952310778749933e+02 7.494132655396390419e+01
2.364755665150313177e+02 1.232017546860137713e+02 4.313053737461908099e+01
2.137134824732052891e+02 1.685203778634063099e+02 7.793843381381887525e+01
2.514572224746541735e+02 1.619882836388032956e+02 4.022528512895770803e+01
2.641172035828758453e+02 1.524730868053956385e+02 3.839294703507071915e+01
2.344808708843691250e+02 1.669123096786608755e+02 4.276759418962537751e+01
2.220487971971282661e+02 1.660857032664617634e+02 5.125560360054404185e+01
2.787905289500436083e+02 1.414581379782695194e+02 3.748694266518096185e+01
2.223288315260335537e+02 1.104072804418606921e+02 8.707325320460635965e+01
2.145237105790876342e+02 1.620117804379119377e+02 9.134461753060448075e+01
2.279965558294517223e+02 1.555852690733032091e+02 9.962131523753686224e+01
2.757773655859149926e+02 1.214674433024584204e+02 8.813045636325065857e+01
1.851114851542025406e+02 1.223328232051282072e+02 8.290107696101050294e+01
2.726487797348316349e+02 1.328041465301601249e+02 1.101209551470353460e+02
1.746576985890267224e+02 1.353570791017004638e+02 8.355641670337921312e+01
2.774973767588253963e+02 1.185497379200902941e+02 6.257650560294150921e+01
2.766642075596807899e+02 1.203693225252288386e+02 7.876565278161709216e+01
1.859837212159304727e+02 1.081666150820434353e+02 7.466674983906712271e+01
2.681282264588931525e+02 1.469509493134783042e+02 1.187356341872512075e+02
2.326444748192047314e+02 1.091305072705146983e+02 5.393658665661948248e+01
2.735535592435959984e+02 1.260558613670979611e+02 9.668043736513449460e+01
2.513676628051398723e+02 1.171726976032478689e+02 5.114484909917187849e+01
2.330396124471520238e+02 1.568702723071036473e+02 1.064968590354571489e+02
2.134617463537259141e+02 1.134814186343695610e+02 6.164600549776815797e+01
2.823314567642162842e+02 1.259105204371556965e+02 4.593681969499414919e+01
2.451232719490884620e+02 1.742477614317601251e+02 1.247932422497682836e+02
2.669661272657794484e+02 1.561909146553405492e+02 1.285975686355367600e+02
2.105697659263367996e+02 1.728712868115256640e+02 6.083501943058136163e+01
2.150371336040362564e+02 1.724142987840617991e+02 6.302058062649138037e+01
2.214879540098026780e+02 1.636435862906851071e+02 6.201462572150033736e+01
2.204345085892006182e+02 1.642546105375408274e+02 7.426407644137924535e+01
2.282479278915633927e+02 1.657408457006427795e+02 5.230358288510880982e+01
2.217283826720761226e+02 1.645102081301579062e+02 6.575169569148857818e+01
2.270263057225267858e+02 1.588056888774734432e+02 8.834905435850699007e+01
2.321048568836837376e+02 1.520381934812828320e+02 9.798706883358063635e+01
2.392979850826491486e+02 1.608768000696023819e+02 1.051728166505993727e+02
2.469373039362238273e+02 1.500405880080185739e+02 1.074118770872321562e+02
2.544905998173999251e+02 1.513526680666762729e+02 1.132912091211520220e+02
2.396749047829066228e+02 1.561743629254151529e+02 9.736821118271942055e+01
2.492047841284194476e+02 1.435301752978659806e+02 9.580079826748306004e+01
2.321640393589684379e+02 1.525702053206935034e+02 8.162194758640168857e+01
2.397930359742090332e+02 1.518831408667161611e+02 8.033651698991481283e+01
2.284268195775529762e+02 1.552837303237878643e+02 7.271040583840526494e+01
2.368021596063619825e+02 1.524563288252778364e+02 7.091114033675431472e+01
2.675996079384877930e+02 1.369995205581680580e+02 5.066304649192601062e+01
2.700100387166131668e+02 1.215849994898043036e+02 8.561059706594174656e+01
2.700275300616372647e+02 1.290033983438848679e+02 6.777009912540739833e+01
2.688208031580009560e+02 1.227393884873762460e+02 7.694062541593054050e+01
2.690657156134907382e+02 1.336126627226561254e+02 5.765088972602325867e+01
2.607777332495755331e+02 1.453675250227795743e+02 5.074405287719010005e+01
2.657992480272076250e+02 1.265209096067585648e+02 9.120760797244764717e+01
2.599152653517978138e+02 1.348665638270494753e+02 5.895869988331136824e+01
2.615554096779438282e+02 1.306223114591224714e+02 7.208316790389031326e+01
2.676869653480711690e+02 1.312945757854727162e+02 7.943089119809123133e+01
2.516252133756568128e+02 1.518266346139299685e+02 5.329161203731621299e+01
2.555264127644793177e+02 1.380061442019906792e+02 7.572751125483397061e+01
2.590679831213786883e+02 1.315523985188763447e+02 8.586155743875225710e+01
2.637953068699915207e+02 1.353228614633252676e+02 1.019186799848805975e+02
2.542861869585719887e+02 1.430304967343405735e+02 6.478976209603607117e+01
2.666989074704372911e+02 1.411823531411977513e+02 1.096597714427932573e+02
2.508036302144941487e+02 1.411687713202761358e+02 9.250847855509356066e+01
2.510813842552896631e+02 1.440825870217598492e+02 7.874503561222859105e+01
2.428637085965565348e+02 1.475430908688394709e+02 6.819469793890431220e+01
2.412085993462663396e+02 1.587781045913358469e+02 5.506290385217243255e+01
2.084099941904363220e+02 1.387409602976916290e+02 1.306580521122301093e+02
2.420117557859573196e+02 1.329729911824370561e+02 1.409018641715920239e+02
2.632866831228975570e+02 1.564184889678039383e+02 1.338037106498660762e+02
2.374055217424768216e+02 1.639974112214994477e+02 1.242598477315359986e+02
2.275971451965109509e+02 1.266799434616552560e+02 1.377987271803172291e+02
2.505473849754947935e+02 1.668609365782253633e+02 1.279676005568914121e+02
2.389239731792196721e+02 1.149076421948949047e+02 9.476232190251224097e+01
2.407584611045967335e+02 1.109326835095549626e+02 8.761312046059676106e+01
2.168584743146356573e+02 1.224814477085504905e+02 1.088566020530954006e+02
2.662155284137173794e+02 1.179704466252292860e+02 7.493849015733285057e+01
2.156983059373495735e+02 1.215348525475951504e+02 1.243304670121789854e+02
1.890698170001598157e+02 1.206624387297786711e+02 1.025684647285357016e+02
1.758149285332147258e+02 1.237789656345459122e+02 8.920870063130182359e+01
1.788224638366257295e+02 1.323194049810954311e+02 6.072351566582821647e+01
2.087675898994439478e+02 1.519576334237561070e+02 4.324127627207355573e+01
2.375429031158981559e+02 1.454558068354722025e+02 3.293407291669805659e+01
2.171839074831959522e+02 1.486509245820925571e+02 4.595119375475523782e+01
2.458790899519549384e+02 1.359005661317621900e+02 3.418851080049843461e+01
1.888145141093351640e+02 1.551552093650339259e+02 4.947043325830136240e+01
2.600430000221511477e+02 1.247195197463704943e+02 3.052217414231861170e+01
2.653764921163080999e+02 1.138575944806433711e+02 5.010667820919472604e+01
2.732280694462634756e+02 1.186327737682356229e+02 6.146191575168224830e+01
1.894848595742036537e+02 1.562952562962710772e+02 4.692165570142928743e+01
1.924252332223059909e+02 1.212593292416873965e+02 1.078164884800126515e+02
2.598255309445387979e+02 1.133762410796405078e+02 8.968416248962356008e+01
2.228385825973326178e+02 1.556040355769486894e+02 1.147046452939742949e+02
2.746892653815913832e+02 1.875452602364443351e+02 3.796098114383097055e+01
3.164317172478921520e+02 1.756786350578592248e+02 1.120580779687413724e+02
3.052244664008050563e+02 2.084190463654870200e+02 6.425340412885232411e+01
2.632510483199584996e+02 1.757750577264434924e+02 3.633166751458304589e+01
2.917313349324541605e+02 2.052327860588771671e+02 4.699390897748822482e+01
2.940649516109994011e+02 2.208989002967124406e+02 6.820027456486099027e+01
2.481347856357812987e+02 1.811417309818945967e+02 3.705702852955190707e+01
2.753501015899963136e+02 2.193747655142518909e+02 4.907766091826582056e+01
3.054171204127159172e+02 1.865709698351361112e+02 1.213159985045783884e+02
2.896097893125127030e+02 1.753987678153389140e+02 3.508842718184544651e+01
3.216220463142654467e+02 1.560713961469835169e+02 9.504820130246477561e+01
3.167961930290607597e+02 1.933300382781345377e+02 6.232771949586863514e+01
2.753108405679473094e+02 1.653564967246213371e+02 3.837809603932424096e+01
3.000803835770024648e+02 1.891571365985599300e+02 4.527341755332722784e+01
3.145812653872063720e+02 1.968018661739136803e+02 8.798499482151987650e+01
3.083405472048798401e+02 2.154753402999732259e+02 9.235013052459862593e+01
3.230367790617776222e+02 1.781822788932178128e+02 8.044649371623343370e+01
2.625709437199751051e+02 1.983530927240694552e+02 3.855461316246220349e+01
2.974278217248568126e+02 1.648560471714684752e+02 3.647890481518922456e+01
3.227999328651398514e+02 1.491182241488558304e+02 8.702116762095468516e+01
3.183697134179564046e+02 1.785081330126080275e+02 5.858838421477720004e+01
2.860423961736171350e+02 1.526583668133498577e+02 3.795981285633340718e+01
3.153153986615918711e+02 1.708829282566773884e+02 4.324595275320682219e+01
3.255803297986262237e+02 1.641553875071709570e+02 7.003457369701622781e+01
2.934816532122342210e+02 1.296247928384051136e+02 3.743145556640683935e+01
3.161228992782993146e+02 1.422392838588604889e+02 3.757888579524165351e+01
3.247425228749756911e+02 1.315300100392454681e+02 6.745881203761730660e+01
3.155475172229302530e+02 1.220006132953261755e+02 6.249139703135492141e+01
3.208614855309190261e+02 1.509311244138387167e+02 5.566388785361760938e+01
3.012660606327711434e+02 1.251556782898454117e+02 8.948796175195496971e+01
2.965697616599891830e+02 1.490832394402579553e+02 1.165745549047079095e+02
2.872608165045503483e+02 1.630140531575719081e+02 1.303322953294071453e+02
3.038761264653821854e+02 1.406339110592212762e+02 1.125351388085805127e+02
2.722671450287772359e+02 1.144155854592703463e+02 9.195426180566153107e+01
2.619957376438978258e+02 1.231437924773251780e+02 1.171489216949928220e+02
2.469977999340975430e+02 1.194018132017237690e+02 4.066280090756754362e+01
2.448886736364691501e+02 1.138687846743745951e+02 1.062664855432783071e+02
2.723167430822871893e+02 1.209689191896108582e+02 6.921139402895006754e+01
1.939126930032379619e+02 1.210723069020132527e+02 4.298857341633319606e+01
2.576689426007558268e+02 1.258322698964564381e+02 1.250085806167050038e+02
2.366381476541039035e+02 1.194572673767997912e+02 1.238171324424720723e+02
2.062046170921112491e+02 1.172586662455881026e+02 9.399953292076381217e+01
2.719505630169128381e+02 1.230498076441441526e+02 1.001706050952090266e+02
2.529696839017606464e+02 1.158039378814511622e+02 9.699214588174281459e+01
2.146425532666898732e+02 1.200659627873656916e+02 4.041881906895063281e+01
2.518799117587768990e+02 1.067572680982913482e+02 6.842108582206191159e+01
2.420153476893689231e+02 1.143266852325640173e+02 7.861115483818299765e+01
2.337868766800840206e+02 1.211834125657206016e+02 3.986357531409549182e+01
2.517072753709568360e+02 1.603743202184987808e+02 3.696336833820345191e+01
2.598186144538135522e+02 1.538274451011110102e+02 3.543500634459337562e+01
2.331713896582199368e+02 1.695455368497790403e+02 4.077059014667369752e+01
2.783403557123091900e+02 1.380410030545169775e+02 3.069925303818941131e+01
2.218777231642955030e+02 1.079686882192685715e+02 8.814451031153878091e+01
2.757490979798764670e+02 1.320550864726241400e+02 1.096774996127894610e+02
1.844963797789023090e+02 1.072495072631111697e+02 7.201583448438897506e+01
2.696560603996738905e+02 1.443048056759608357e+02 1.211587506857265595e+02
2.299779921717461946e+02 1.064224003509156375e+02 5.295936257498699717e+01
2.750107189252233297e+02 1.208777625665848205e+02 9.749831115048029062e+01
2.504232974470367310e+02 1.141421213064267022e+02 5.087054246123331325e+01
2.087589837165317022e+02 1.073281429472428954e+02 6.110558336015217407e+01
2.784701214224880914e+02 1.131032262725450721e+02 6.608601543085968899e+01
2.865692169682711210e+02 1.258585664834375279e+02 4.539440372014048819e+01
2.005565695452122839e+02 1.628875470283963693e+02 1.035855242171364239e+02
2.042786996032193940e+02 1.942237207971311364e+02 9.897285554372101046e+01
2.312517412116205833e+02 2.008672608105000279e+02 1.107024307296760526e+02
2.037863569984758385e+02 1.805547123982096878e+02 8.489891157130145416e+01
2.092093501777898723e+02 1.716320736348138212e+02 7.617213572509461983e+01
2.051210689574502339e+02 1.920872678076882210e+02 9.876901972115780382e+01
2.416903687080522616e+02 1.952583559551679286e+02 1.184556538066841966e+02
2.370058510613635008e+02 1.750118270438268837e+02 1.217627996523958700e+02
2.063592233715172028e+02 1.675598588511695084e+02 9.098831185019609791e+01
1.990986080135876648e+02 1.822259519389690183e+02 8.351258683040813935e+01
2.052848588469485662e+02 1.961982688400024983e+02 1.012518299192298201e+02
2.359386558531351739e+02 1.965795549660916777e+02 1.184033643179163278e+02
2.364574388040466317e+02 1.761742934441166994e+02 1.218897015942527560e+02
2.083196085645760434e+02 1.684316427833065291e+02 9.418743070975153842e+01
2.104319867537105040e+02 1.703532082354908539e+02 8.969929016520057985e+01
2.390207690557786009e+02 1.727760614500566305e+02 1.110396976964860301e+02
2.280080560467559962e+02 1.587068870966301404e+02 9.939772014120424615e+01
1.883854368357681324e+02 1.450582439232807133e+02 1.139393558563790094e+02
2.090801370265892274e+02 1.581250709051114427e+02 1.315920314504651003e+02
2.260823419690440517e+02 1.680244344614906424e+02 1.246946857954489332e+02
1.981727346510726875e+02 1.375147637439939388e+02 1.217418253522594540e+02
2.574163148321167682e+02 1.707383635121995269e+02 1.286156019816062610e+02
2.281892383496728769e+02 1.579967430199472176e+02 1.027677026662675530e+02
2.069747888070237991e+02 1.729623645088648516e+02 8.231182120975550731e+01
2.119118199346747531e+02 1.708065258673471760e+02 7.631421595156049875e+01
2.111523401349665505e+02 1.640162611098336356e+02 9.434685687813039578e+01
2.269459280481303836e+02 1.562430199836990425e+02 1.003432038919307701e+02
2.509306866211100839e+02 1.781643602836719822e+02 1.280979682319614312e+02
2.317881743847466680e+02 1.595235757659119713e+02 1.102619014585728934e+02
2.480135915944092631e+02 1.754927550067424420e+02 1.258660032095683192e+02
2.418322058210604268e+02 1.986261654330732824e+02 1.117579396418923210e+02
2.482472660886410267e+02 1.902503899009750228e+02 1.197776332976318514e+02
2.060795760294285799e+02 1.840705572402532368e+02 7.629802483204461794e+01
2.096993767211411921e+02 1.752304352894662713e+02 5.998905055562791233e+01
2.098989036566508162e+02 1.841560720782980241e+02 6.646210915455711188e+01
2.133682298480709392e+02 1.764232726478957147e+02 6.040013289548841868e+01
2.036596546654984650e+02 1.693245856811188617e+02 5.287377812044213954e+01
2.149476208022184096e+02 1.902429001113042375e+02 6.481399019425718677e+01
2.150863873604176888e+02 1.680257607261271460e+02 5.242441362996870424e+01
2.232324314582277509e+02 1.786899645141576229e+02 4.969954201683042072e+01
2.614491022186641089e+02 1.567045201395231118e+02 1.379333122134752614e+02
2.511770838819909102e+02 2.110155061606233176e+02 1.126568545995707780e+02
2.792006017966463673e+02 2.081052360598275470e+02 1.306576919464764615e+02
2.799728224082811039e+02 1.788576100007533967e+02 1.240473630024360858e+02
2.726169679323534183e+02 1.599724906412687631e+02 1.287757554632313202e+02
2.177201060376645785e+02 1.963884243069697959e+02 5.718634370403039213e+01
2.359496714755657933e+02 2.241163008377633616e+02 5.997525452576556404e+01
2.417478164094085002e+02 2.249698931381312832e+02 7.557183454907794840e+01
2.808075526918416926e+02 2.351914685134777017e+02 1.068040758972294668e+02
2.687574981777979701e+02 2.407431420623876193e+02 6.568371501252904920e+01
2.554177916193280282e+02 2.305046633261098350e+02 5.469619973383165501e+01
2.249714439214967570e+02 1.900370591836048391e+02 3.814351244334344671e+01
2.227683241149376840e+02 2.116264759707928818e+02 5.592141939136796225e+01
2.491330897815611820e+02 2.264492762056478057e+02 9.430767027968225591e+01
2.407950270094261214e+02 2.145003021336251550e+02 3.541858260368275779e+01
1.741024948644444237e+02 1.379278284069607707e+02 5.946256008547616290e+01
1.803689387796504207e+02 1.248931587602108095e+02 5.344043350103738987e+01
1.905867227888800812e+02 1.176688673558732177e+02 1.078129711522659875e+02
1.793336725943139811e+02 1.338482660406174887e+02 9.513086124399150378e+01
2.240042485496078086e+02 1.638654636421531734e+02 4.956282061836532193e+01
1.804056772153282964e+02 1.192709680096344869e+02 8.106762683916390699e+01
1.709820839355808744e+02 1.325010819144855247e+02 8.503984460353332508e+01
2.292934772042270026e+02 1.367446038314497230e+02 1.457238004713182988e+02
2.516751697591972743e+02 1.262968026494844338e+02 1.390047249781455605e+02
2.249301741223234501e+02 1.272342399803333421e+02 1.284725044331542563e+02
2.110173840902745326e+02 1.435688461208898730e+02 1.415729341011592624e+02
2.510073052047746387e+02 1.384447889241273799e+02 1.471058921820473131e+02
2.055050345201183575e+02 1.391073269561025540e+02 1.305115827141366083e+02
2.360083454212920913e+02 1.637622036412099646e+02 1.194942534926598370e+02
2.234684957478213505e+02 1.577150103706823927e+02 1.160971191433061591e+02
2.512658198362381370e+02 1.699910193061574830e+02 1.284773957521340435e+02
2.415840245284320247e+02 1.290320610480057724e+02 1.431800822005309328e+02
2.691848193317574669e+02 1.559355344849110452e+02 1.323792539836481978e+02
2.249362398950403588e+02 1.227825328938068310e+02 1.384090842504198804e+02
2.132420064529519550e+02 1.211697607099359288e+02 1.281003922676480329e+02
1.751506691039596433e+02 1.325189727109021760e+02 5.890934770259851661e+01
1.740161018894276594e+02 1.216391321054593959e+02 9.074334375475405068e+01
1.874661673183628920e+02 1.149420003203871801e+02 1.075477967491000868e+02
2.100203781483160128e+02 1.175333072989230629e+02 1.272871753167464561e+02
2.196682245100058424e+02 1.206141285974778015e+02 1.097456754741853615e+02
2.350281976996475350e+02 1.112895434147416012e+02 9.827402751272155967e+01
2.452886151137582260e+02 1.093403247794243782e+02 8.641546753359230593e+01
2.768542947510039198e+02 1.160373895721973412e+02 7.993377823781268887e+01
2.621810932928071338e+02 1.127880182897508661e+02 7.868337870300457837e+01
3.003358316291123629e+02 1.239511335629404840e+02 8.062925269770538250e+01
2.984998739975832791e+02 1.172392741959987035e+02 5.857561763740625338e+01
2.752489873437202164e+02 1.175354694066253671e+02 9.505336924829877887e+01
2.169518429899490286e+02 1.484150915888827171e+02 3.822891029924554829e+01
2.016134725934986136e+02 1.536752777092772249e+02 3.751092549901587603e+01
2.345702165771929231e+02 1.451369389774716296e+02 3.195165670895482535e+01
2.453255591164127623e+02 1.368537034997129069e+02 3.039825887554405526e+01
2.619966005830744393e+02 1.258978567432333620e+02 2.772343065634161619e+01
2.764297800669318690e+02 1.165470499200301333e+02 5.885686544525441377e+01
2.609052856787309338e+02 1.075261019861249139e+02 5.079016497995657176e+01
1.845976427485027216e+02 1.535931870442725824e+02 4.488055417142182790e+01
1.911097601950395983e+02 1.556000566965678047e+02 4.404997729944378904e+01
2.580056020588657475e+02 1.121675296408069187e+02 8.791142610724452311e+01
