x,y,z,Frame
35.03271505092659,-2.1183501669250333,-94.30146661717643,2
-15.330981035554005,38.567139733543534,-50.04730828258583,2
-12.325341035101852,41.61068260082556,-51.7001627049502,2
8.701075309979887,49.86281927551234,-47.09632384295074,2
15.373115629199726,46.5263618902826,-36.81970421794103,2
-15.122536995494672,24.367293557146862,-24.06859430181541,2
34.98867587165869,31.394651966586867,-26.369890699427504,2
33.227440552969746,45.3690713350881,-41.439284198181134,2
26.476152996475268,21.97972472882618,-82.63336249518024,2
42.3875429379041,-17.232056208103547,-71.28091206958672,2
25.339552174493363,-22.30317329346586,-93.91037431164834,2
41.13257151899494,-3.5598983251950975,-45.466768044919526,2
48.034819891508896,0.3383461245506469,-78.2367328040569,2
47.063620942012115,20.076517855079324,-61.584799191162865,2
23.99225366953358,-5.5653633900983275,-97.66846309478777,2
10.412829518967207,14.576099058105,-85.2128814027877,2
22.359142548802534,50.99823748815574,-54.84931349980815,2
26.741344886483617,-24.54262619813574,-84.46818409823061,2
43.6298670782582,-1.7893414023391192,-87.96209246108812,2
38.83671999328548,24.651121019161515,-73.27636660922907,2
-4.37090030978031,25.440537913644217,-19.183061817015265,2
-20.74128217726733,28.338996380495978,-39.2375155870521,2
-14.386106321399362,22.364886099271995,-21.308747280813442,2
-0.5096872154274699,18.511478869317056,-12.490927095763764,2
-19.535590535218994,23.212415527125593,-23.21491086864781,2
-10.737938142578821,22.57089250778925,-11.881320060750928,2
-2.0067979065032864,19.03126453791523,-6.241476947573664,2
-5.259438442104737,8.883307601330051,-9.396909430319704,2
-19.290350417864556,15.001707812509883,-19.48943538791013,2
-24.804556126215612,13.964433535684508,-39.47678279777093,2
-5.79058118188573,7.396425387482461,-22.378519127553755,2
-20.965088966384066,7.19321771406141,-32.34332785772632,2
9.304667924171738,33.28380858626815,-19.44833223125686,2
26.500125882468737,16.37867017980983,-21.236241407721206,2
-18.583428012675125,4.958252350014826,-20.9454451718488,2
43.38484403921315,33.39052738051207,-51.45848423615047,2
1.1921755720296034,23.896131186320975,-76.87220850070763,2
31.80434561493659,38.32673218409992,-63.77378960255657,2
38.330609137867185,4.428236819418794,-30.29622888316339,2
30.51897654127777,6.852404569528714,-86.80910741853874,2
43.18977124646753,-12.20773113496815,-58.014381894470745,2
47.1716042492771,8.835452268191435,-70.4089427238652,2
18.730905947768928,4.515844937890268,-89.62844828322999,2
41.33843171653112,11.132677134537756,-78.6101661357787,2
-8.44809877617135,32.749009135107535,-72.11081188341629,2
-21.058594081424467,25.319890416720717,-43.676503542007225,2
-15.436689167648153,31.69447264933712,-65.66618142068765,2
19.336922309225482,3.461219038928054,-21.206831296226397,2
3.08736209688022,6.793532848582422,-22.484978008843665,2
-3.130559039385353,46.495584970354834,-52.836248324728636,2
48.05043150894953,-9.052576671767964,-75.82592247981839,2
47.991027481236095,9.923809499230874,-51.90805839402206,2
15.293700169504564,38.945568672605184,-23.7990908746238,2
26.275123011134006,-16.174911037381786,-100.39138630457771,2
38.11855238754222,-13.5315645456199,-103.17264283518104,2
44.86570804883993,21.515536176140866,-38.841701913397095,2
49.01360682792268,-0.5438158039256581,-63.602966073097,2
29.313776505233257,-22.651640939755435,-72.44562871112666,2
25.678188544117766,-14.881137952275616,-44.21562169521882,2
23.32284912288176,-7.652802811304339,-28.05171861387777,2
29.5587167355599,-18.656610002335363,-58.29078686205229,2
3.677108473789869,27.834338251827727,-18.027537645363754,2
10.756921304410119,16.37786159462319,-20.76207911496739,2
-19.46535655407692,33.875715627571516,-45.9507046409275,2
-20.597050371955614,32.75480326713829,-54.18271004912305,2
18.427126804601123,36.659430545803794,-73.5755278294111,2
9.534119956430963,48.66609969640656,-64.56057083551006,2
39.38321705570504,-23.808016169024853,-84.52442740163679,2
36.17064436159772,-23.277222313307682,-93.87018622370684,2
47.11382711813303,-13.387501226597577,-89.47924370217949,2
-8.522624962406907,23.493805503669567,-67.26618783527199,2
-18.953282770725398,19.664585487452985,-56.05559156726387,2
-14.445342708553365,24.453127314143895,-62.63780596526722,2
-19.694684575153715,23.503717699874038,-59.3494658157673,2
-18.56888813721127,11.265235441123098,-49.141523570537515,2
-7.998466324936524,5.276603200200736,-32.78265343571978,2
-14.214348236469185,6.071318020457068,-41.67080322839438,2
6.44415762950403,-5.247532233570103,-32.48884325556857,2
-0.9509376793675189,2.9187695729472116,-34.18366850514719,2
-8.131683733772153,1.5523632750157659,-44.74334332949731,2
-2.0859297968845834,-2.9647921314548205,-48.28060428424562,2
-12.144884642727899,9.071006706957023,-54.99369604878218,2
-6.701712755167236,2.9225559759838866,-58.42362522446939,2
-13.052309513935246,15.67657779958646,-60.18058758675213,2
-7.227713195308363,12.934084505371922,-64.76357864427474,2
17.251329034496113,-14.722886671865435,-83.12633444198097,2
16.9480681827219,-4.208035563489908,-90.41853334632059,2
19.071863386065086,-18.341895972725904,-78.39868004886831,2
18.869108320689502,-9.341937479616188,-87.7260285615157,2
20.680206677308643,-19.707596736478905,-71.78340720378095,2
11.363171986482683,1.3943851956007214,-84.4546666993246,2
18.035502122375657,-18.143885398504324,-64.47567516230511,2
11.81397815599685,-14.626568112579843,-70.92297037739888,2
9.113942558524208,-10.117386085982497,-76.51468965567686,2
9.01561776406995,-4.070612789477732,-81.37268921777277,2
3.738893382583087,9.264899413615984,-79.29570522118192,2
2.579974344860771,-6.394568791153655,-70.94734022593852,2
5.233064691905965,-12.585932396711362,-63.312085053442864,2
13.275799225063775,-16.185542814701332,-52.29516854433424,2
1.8709954272643743,0.40366256600338,-75.51433749534083,2
9.238410822948982,-10.747958064305655,-40.93621700000476,2
1.157497358571542,-8.934071944193025,-53.9451078239665,2
-2.5136728120970213,-2.2397243358758274,-64.77346526275994,2
-2.3795481339950113,6.276472651153285,-69.80693031100704,2
-1.287672720616885,16.519138849949353,-72.23682963470415,2
6.6308904214635636,-24.99522192613599,-73.28901974717745,2
-38.057726814754794,-0.860996589182554,-44.93995487448872,2
-66.41695731574593,17.50035316979015,-72.1079142113353,2
-36.101117523175866,29.389904646272967,-70.68514849312436,2
-61.42341381205564,5.175097648782334,-79.75424213684337,2
-0.8662508695323716,-24.71910484659119,-50.04706781964454,2
-16.256904957198824,-18.72619158056171,-103.96458927533764,2
-26.348036352569935,29.309403547099983,-70.92304441963016,2
-15.982769347050368,-30.39557252613695,-57.49547530527401,2
-28.612998989718243,20.623990553673934,-57.37910697373255,2
-21.437612665912262,-13.747437076447614,-2.0778606518609615,2
4.556521533701115,-8.986798699815084,-2.600239480164996,2
-5.340848929516155,2.4692842710233,-11.98678664070719,2
-31.71808043560949,9.771306376598622,-47.84344196899961,2
-44.333083223768156,-17.93936072150353,-18.54717777996059,2
-7.3160319375730305,-23.98428387919023,-22.83865553920259,2
-63.409271062263954,-5.0597943471919615,-54.961762165670955,2
3.6190171857195583,-26.27292558905838,-85.73328565663553,2
-48.98165495473895,-5.2914125246561,-46.966950050662874,2
-24.03414270474229,0.5788638326786206,-4.017706867198861,2
-16.165999603794745,4.034049002765438,-11.937609373097223,2
-42.70381716970188,-11.928067103040556,-35.530368486885884,2
-28.21260238397782,-25.177054634840115,-30.771796059470887,2
-27.63315902282221,-6.725146106899422,-0.5154422473264072,2
-7.638049463297844,-15.2803506377946,-0.08258754429812346,2
2.1685456478798573,0.848929379700872,-8.51360330828472,2
-52.671661592106524,-2.584657731879033,-89.2941797489937,2
-6.071925659183282,-22.270375745234,-35.25451411979174,2
-22.43830975338373,-28.66789733972927,-43.950098943491064,2
-49.50354555768264,-28.82384063840819,-67.54581515487307,2
3.6801639606427994,-24.940197705241587,-62.4281678236294,2
-7.988130143366046,-28.734525655214824,-69.57988140284425,2
-39.08127013314184,-8.307939376661269,-97.60924221582961,2
-8.540567284103187,-26.700789802172174,-92.33646623148958,2
-22.086361906664216,-30.43624179834359,-86.53365461114066,2
-24.5653761371119,-13.356848909210562,-101.75305568906157,2
-25.971351035796697,18.949901711029383,-53.975393061469035,2
-2.5215233638617853,11.528256618589884,-87.90869414074913,2
5.676306867310989,2.9768291034887926,-94.7747326117971,2
-12.289643714388314,20.587757596029437,-80.60469499889741,2
-20.870952588693946,29.494613273908048,-76.61924941687305,2
12.48346820233301,-9.57174753716828,-104.18136025258501,2
-39.674496925122014,-34.44969333497917,-76.78693588467495,2
-28.99502316458684,7.516970945653543,-42.159783366397036,2
-26.271147343264634,-2.1374000713724053,-33.36537921073397,2
17.926590250678238,-25.270768294372637,-74.87393419875691,2
-72.19758243477345,-12.005414579907553,-73.42720771668881,2
11.890982984620388,-22.009915620056493,-46.67808956251434,2
-71.70936286939319,3.9021699802062213,-62.62454020013621,2
15.80263852803182,-25.647106719343945,-96.87154994715972,2
16.324142660440355,-26.66931056810907,-84.1056836385804,2
-62.32089581834722,-16.528519236893803,-82.35920656894584,2
8.211974063813566,-15.438340408773353,-31.430083943705878,2
-29.24993358759828,-23.27602281632369,-100.52665758516959,2
16.10297336972306,-22.970785365896184,-60.95675031528009,2
-15.342297252996135,-22.753438176593743,-103.05674719373715,2
-16.647035433033942,-3.0522604669015956,-25.969213105238325,2
-49.46483902951151,-22.451145070901557,-95.88227441129062,2
19.81815893744315,-19.79371523135971,-108.1532643706367,2
-0.08703670788109917,1.7765740770610947,-18.233125653906487,2
12.721410537598658,-7.110540648419801,-12.907546106340893,2
-29.71667388652851,27.27882792936596,-63.769296515701186,2
-26.787769091733086,26.96554309858222,-62.59449788091013,2
-21.447725916552283,19.8721558792719,-68.42792150393409,2
-25.03526965908228,14.429926682412848,-59.457528584379865,2
-17.89819480185752,18.461284858860548,-73.85723314367684,2
-24.624277270173472,19.837908185566505,-64.35923945202434,2
-23.448475713622663,6.002672294785745,-50.63464970165313,2
-21.76065408400107,-2.682590128320918,-41.84564111374192,2
-16.29349062578023,-5.322836644216404,-33.151670389625885,2
-9.574856992787522,-6.929772978592561,-31.6079037607853,2
-3.2639786618115543,-12.974720253632428,-32.93769593795468,2
-15.440413410690178,-4.441903179968132,-45.81194668298229,2
-10.849558321074657,-10.297765054018575,-49.33495069720555,2
-19.207599122709745,3.791541621920498,-56.47076557790941,2
-16.15207380308041,-1.8825028239768207,-61.25186526175799,2
-21.040204416694543,10.610060275805866,-63.53030279553663,2
-15.514777243289018,6.824238109364527,-68.41143670397494,2
12.41134376205485,-7.443312178604847,-92.96902991436913,2
11.467741428890774,-22.397784249256038,-74.23789264738004,2
10.286773520142424,-16.95522741981417,-86.04920867882944,2
10.63470760604651,-21.264028059211288,-80.50993121655148,2
13.14234194806192,-12.688959264140571,-91.9520808417823,2
3.5121688027672286,-2.027289043966906,-89.67320800739253,2
7.903269381222579,-21.34989869097146,-66.98067515171094,2
1.4048757732874741,-9.096072148423113,-86.08484793882354,2
0.9174034541688022,-14.384903169139832,-80.22802024900552,2
3.656356199261672,-18.253406764759045,-73.37706332408327,2
-4.771951722223087,3.6358466100784694,-84.64821024561569,2
-6.184962126201631,-11.140857318388674,-73.60613294174567,2
-3.194793967397838,-16.17841411885787,-65.1229142248971,2
3.653110065563296,-22.634256589951953,-53.715858697191116,2
-5.482697956116634,-4.179523907757468,-80.04757120830176,2
0.6481098759345433,-18.535759678112342,-41.734891049143684,2
-6.760002270717153,-14.506319222070749,-55.52361555015367,2
-12.346761086083195,-7.970937430080025,-66.37591351604306,2
-11.317910716964523,0.4332309008489268,-73.54760452152064,2
-11.761784157913013,12.109523375752193,-78.39005727322362,2
-36.36193333860618,-11.268954861307344,-18.56481242457323,2
-12.545199847497873,-20.45092418067602,-11.449464369524609,2
10.458866148486683,-9.95299823355499,-7.246265643088634,2
-9.29938782106753,-1.9032745328724647,-16.890897579620695,2
-31.57251902532738,-23.540076695094655,-14.163020995459172,2
2.1468786879638113,-1.900013697570648,-12.491581644540126,2
-26.83891499326102,-33.715589390761956,-66.69056501765996,2
-16.544670420831597,-30.588887444392924,-76.9734354655007,2
-37.519507666661895,-30.525290370148802,-54.5014271790134,2
-6.098688327752272,-27.070871824394402,-83.42708368225178,2
-44.381542263555396,-24.948401869931153,-41.119066301256964,2
-60.41170281084977,-23.424985296711387,-56.43090466068152,2
-72.69078792058833,-7.95551642487505,-64.31924165311591,2
-67.17240070702074,11.260490719460895,-75.08676734016073,2
-40.833037875896274,18.980502829537947,-82.10704157397716,2
-18.963904223929088,2.968510184810156,-91.22210956166028,2
-31.10878717214825,11.080251523321715,-85.43198949299168,2
-10.310808443707181,-6.057235380784974,-97.23874197921127,2
-56.779101509971305,28.051012277968233,-74.80068336633475,2
-2.4027269633411095,-14.520585104073591,-108.01378072337141,2
0.6725327544176187,-24.33333543215531,-109.31036314607383,2
3.757939145863049,-26.75503510241646,-97.39986431822334,2
-51.15034326192852,24.828612570555748,-78.59278340083132,2
-61.45325159243411,-19.32712671336248,-47.51469240376145,2
-3.015650790102879,-26.761686651160254,-76.42427505210563,2
-23.68695630359154,-5.665806486589488,-20.264302055287764,2
27.136999223140045,27.979902087427178,-88.43218274757447,2
46.807696150422395,-5.109972979431401,-39.82361682452548,2
52.447325009723556,26.901366941651556,-58.653805915615095,2
11.215448811850285,20.75627434952729,-90.11526295014204,2
44.04221878168817,32.052562226008405,-76.03860892583229,2
50.480452142611085,37.62623954165761,-51.00844712467945,2
1.7061477266704035,31.546468121575764,-81.74149372066074,2
36.480202416595446,46.21320081356759,-65.90346087355135,2
42.49413478239101,5.604382093062394,-23.352269651619014,2
30.465971411404233,11.957617261460546,-91.83926962637476,2
50.32829739684552,-11.549391231659023,-52.32393499689248,2
53.46047889260166,15.017654602388848,-67.99786167100937,2
17.797144939042916,8.927960470235394,-92.74000226933171,2
45.640346882093276,18.253289437506528,-81.32944548030699,2
53.761378465434404,12.643540355776071,-49.22283350068059,2
50.8469761282292,22.889547069781223,-34.9916392388214,2
56.53666960299245,0.10937039802259461,-58.882553811392626,2
19.04605937179103,42.209111600872795,-79.52283554736447,2
35.28022816870415,2.121671776760118,-98.65337000476868,2
49.30250184776858,-20.643797873900766,-70.10261374732738,2
53.52288151786294,3.994189063211373,-77.01595874090414,2
23.96473506842831,-2.7041841469911017,-100.4916434399573,2
48.29511679278319,2.9661576971439723,-91.25300501864074,2
55.67763677402431,-8.392173543958151,-75.30248338455259,2
30.035311079895443,-17.664629664022556,-109.43770159820674,2
42.034098521984845,-14.735751511706985,-106.23035757757557,2
46.53745138849371,-25.1984653321531,-86.46939416830573,2
41.220275004550246,-25.783424760950727,-97.68240224822462,2
51.72181287045024,-14.211383671855607,-94.77074677077489,2
36.51379703522715,-27.681353966440607,-69.42648624566337,2
32.369244899422576,-17.728646752743614,-36.64458172979282,2
29.51994174564945,-8.636298759099642,-21.388185210714948,2
37.37821344338696,-22.443966302383295,-50.92518328459772,2
7.275164540360975,-26.63055540883148,-73.12817079149784,2
0.1113397476911259,-26.44137832178775,-48.18033462545322,2
-17.046891868271224,-18.393372135570445,-106.00796243022292,2
-17.6687376376135,-33.193069194384684,-57.08651199755082,2
3.433635219618959,-28.473556084999803,-86.58075845069926,2
-55.807489684703576,-1.315916759214274,-91.79616029831806,2
-5.478252538082948,-25.55963598293267,-33.65969914474794,2
-24.467165233644227,-31.713742061956,-42.92172185351868,2
-52.81784202961233,-32.62292209123928,-68.24875609090819,2
4.386115979673712,-26.95579311317378,-60.619009650538715,2
-9.826267012646975,-31.423260933793834,-69.19414509076663,2
-41.746050312155774,-6.414532725610883,-100.16306866675356,2
-11.817437215515419,-30.721993736004446,-93.66894631810526,2
-25.300534349975177,-34.330150351132836,-86.76577759656317,2
-27.197131367380962,-12.293206748355757,-104.48874504710302,2
-3.643799307753736,13.457116718656222,-89.43151305699595,2
3.4057605855813566,4.74486252095691,-97.42581704829152,2
-13.42117960531952,21.164664488656733,-81.69890716113618,2
11.298823701870486,-8.977113308713397,-107.9344779657451,2
-42.75080372840458,-37.95999302797512,-78.1226253450094,2
12.09041809191158,-24.107934852381817,-45.198038699544504,2
-66.13935622081179,-17.003488426128147,-83.75946646846877,2
9.406474780808303,-17.337167039380564,-29.56175117538235,2
-33.2589240910751,-25.7801209060975,-103.35954881426068,2
16.717995286484385,-25.515353849141846,-60.009438739055355,2
-18.423385041835882,-24.858375353627814,-105.69467095367597,2
-53.33939647494168,-23.850651029534998,-97.86582493018365,2
13.842193228891043,-29.327455873474943,-99.71456331731707,2
19.45206046466763,-23.798554217017372,-114.6782100218875,2
-38.79593137447848,-0.4235943139022289,-43.31248002235142,2
-13.54591909607124,26.22006569477811,-17.703902049723766,2
-2.8297426237634844,27.075618834969507,-13.538714657556005,2
-20.870719422247266,29.160563749056852,-36.618269488206785,2
-28.523461756621963,21.941657849277966,-55.33490954372869,2
-13.301844968152338,24.358232746824758,-17.65298303663872,2
1.0236090535677491,18.835852236530595,-7.922683287692479,2
-5.4846870197211555,4.236496689772425,-12.781274935236006,2
-31.54839457562128,9.731372457937509,-45.34377718734933,2
-20.941611856739037,26.71397068276672,-25.604812799333477,2
-11.167164385865327,25.171241676512537,-11.336660957634148,2
0.508990568868895,19.170009119272514,-3.7555017656199237,2
-3.95031908591112,6.778481776500396,-8.645855369580405,2
-21.66918136994449,12.830355802682735,-20.976532539286566,2
-25.70479263666086,13.650646002361722,-36.97030196565458,2
-4.957355406145734,6.551512905158796,-20.41230350220253,2
-21.074614712464637,3.954592532399006,-28.469288203092173,2
-49.88913524750854,-4.551510061603426,-44.75705326280232,2
-25.847718879648923,1.7212151901296584,-4.565365236530819,2
-16.350834723832236,5.439698111148266,-11.999551458655185,2
-44.843689043397056,-11.210215199917677,-34.32273612554769,2
4.554587302009481,0.7688700676917671,-8.513783083336394,2
-21.403054799633107,2.159004241989492,-21.484788843141114,2
-22.293835285630564,25.170312695933358,-40.350339946908434,2
-25.503303286964147,20.970369017920156,-52.48998292954179,2
-29.100317134319496,8.707266807768995,-39.83099708700906,2
-25.65511709203922,-1.103613005837505,-30.16847550074134,2
6.1458656310132795,7.80746805175163,-15.424239264515577,2
-16.367609650801583,-1.8267282705946983,-23.854247319685392,2
1.9377185785494313,2.8526599054740323,-15.349383101218525,2
5.099117968165071,27.71208136096122,-13.151128195479986,2
10.631759711051123,17.974994971203987,-14.492839330623342,2
-22.272824228986632,34.24233431018066,-46.08479306583171,2
-28.988280220315822,29.40778326643125,-62.763467625082974,2
-24.62157258943066,32.96683945940585,-56.90418696947828,2
-27.234577521042233,29.6391100756981,-62.22753756571088,2
-36.42268237047616,31.41681466433165,-70.57054832380565,2
-19.70244159625843,41.48841953757589,-52.392851231856945,2
-26.59680865374905,31.337537199725865,-72.29561768807012,2
-18.94137420803562,36.715955988420056,-68.22345590879391,2
7.621133931351266,-9.78515305125518,-2.7051225982023634,2
13.10380827337893,32.757296442381175,-12.873816434401219,2
33.97859558377136,18.590169415438854,-14.214556190050383,2
23.680973412174954,3.24641076286172,-14.209283755939245,2
16.755544011399405,-6.676597022622736,-9.66130215380057,2
-12.309625453733577,46.80390098964102,-55.415523889653564,2
13.1869233987775,56.33501429222012,-45.11838165493507,2
16.670633473624253,53.25764627009809,-34.62858420157074,2
40.920246560535574,33.5879097754648,-22.13792010366039,2
39.52704790280056,51.09722886719522,-39.06947780874254,2
27.03291184774615,58.611140275828426,-55.86021737917249,2
-9.328994280643665,41.365555063595565,-75.6945341591583,2
-3.196012859090416,53.231384140078774,-55.47667808573443,2
21.314891359276775,44.319819656936794,-18.70498832063498,2
9.449210160930093,56.44309435622662,-68.24005898734667,2
-69.83339282303737,18.492772664160288,-73.38623472101833,2
-64.63976762834226,6.037749957780522,-81.96147189599051,2
-64.38130933829268,-19.761444276278603,-45.434435588944694,2
-65.81547937989468,-4.769652626794567,-52.698987417510224,2
-22.214668584941727,31.236107008324876,-78.41301868343722,2
-76.15378308328333,-13.20074523942801,-74.57286970460893,2
-74.89573394491094,3.8512159453508232,-61.479376754237684,2
-21.400709167006035,-16.484465147513312,-1.4598515868865012,2
-8.190251102096436,-27.65565316449614,-20.95904826617219,2
-30.555000820131948,-28.342855604346298,-30.303059920353682,2
-30.552237504411544,-6.640957325154189,0.23835363930801937,2
-7.0763428490023745,-17.183831992643054,0.8403975946861821,2
-37.89417001492521,-10.440115320877428,-18.66145352438889,2
-10.711090865057376,-1.2686653770910767,-18.560386815807217,2
-23.842198879977303,-3.749493886045737,-20.567152300883752,2
3.0951409740183062,-0.3735311622417136,-12.625077797678522,2
-13.490430101508752,-24.062769904704943,-10.05099765344204,2
14.605383959026673,-10.274574246524121,-5.60183549970157,2
-33.368383051169204,-25.74044021261144,-13.108462661381449,2
-47.62137287442787,-19.79393340726037,-18.225021954756098,2
-70.78412009557942,12.647117961832166,-76.37481913800028,2
-76.0872423009623,-8.14561100648089,-63.12990347275979,2
-64.34206223717281,-27.169447665067768,-56.45941450123211,2
-46.791939656745775,-27.815342003505386,-40.78317382278656,2
-39.47646393144528,-33.25747000294278,-54.23777736306045,2
-28.997219344690524,-36.61923185005055,-67.13967137027585,2
-17.881592488359875,-33.32191176583144,-77.17254483827034,2
17.495761869520322,-28.82258721883092,-86.04247389536413,2
-8.199643956189783,-30.05770760617887,-84.40720965405319,2
31.939735971794487,-30.538772347000595,-83.866232155226,2
29.090302511203266,-26.481942250129904,-98.23793661645685,2
18.57057417823586,-27.53836933140354,-71.63269088999309,2
-32.92888351593219,13.904752119814493,-88.39867702509333,2
-43.48168987519333,22.16872942164041,-85.45422266662483,2
-20.72518897457111,4.743072054444466,-93.63988816989529,2
-12.113735304009401,-4.773884383149992,-98.50180230755737,2
-3.0027494147173845,-14.787473130888587,-109.59393293044343,2
2.0204590116929126,-29.377047456541206,-99.02987059757959,2
-1.968184083398824,-26.489563977803083,-111.83795071572257,2
-57.969413223629665,30.11076798576426,-76.44032898027342,2
-52.97468330445967,27.565552085780247,-80.66577168512781,2
-4.6849611066059405,-29.558913782041344,-76.97927379286729,2
