x,y,z,Frame
32.326329839754735,-4.895058700169609,-89.85984683544855,12
-11.075013139316525,34.26893391141904,-54.92895911045228,12
-7.0473906775508315,38.43136281546408,-56.79864022591683,12
10.81560856320685,46.19830819159538,-51.365800815204096,12
19.001092497820036,43.94444814396581,-42.227208050729324,12
-9.67018168047634,17.452150760963942,-32.46573306573425,12
32.087620107589146,26.213093210657348,-34.71849435630394,12
28.52436793292508,36.35190556438169,-45.93570669224307,12
27.70060768327223,20.77426401939756,-80.82747210254371,12
39.75829731647244,-16.177251375811696,-69.89992647434222,12
28.465567574677486,-17.865518561679593,-89.5237591705646,12
37.75553754176902,-5.329173563473131,-46.99019616056498,12
43.76242098822019,-2.8102476254990214,-75.58960519819412,12
42.02328811809585,13.525089796237978,-62.52154797532514,12
24.08908876090531,-7.257576007231455,-92.65861591858715,12
12.539707056905964,11.428461647900267,-81.01240332093897,12
22.829471345386796,42.567165900351405,-57.2815821222196,12
26.832732286963783,-19.375273348186045,-82.5227458793246,12
38.027698744443896,-3.811774073185735,-84.67098968164294,12
32.06059991027793,17.679698767302064,-68.7579296101232,12
0.8036693283645383,19.03428101681775,-25.92889344407197,12
-16.137890761268345,22.61438377184943,-44.95872142389094,12
-8.83630110513154,15.487270156298578,-29.200167975671235,12
2.952342033174841,12.205412856399969,-20.76366323066057,12
-13.1863295938583,16.460170006031287,-30.044692830135094,12
-4.627558890469283,16.031661935047882,-20.41449651919405,12
2.156467738782721,11.287343811791333,-16.45443639230601,12
-0.16820110647619793,2.729169494018384,-18.248724278769036,12
-11.92210708552987,8.29595409006183,-28.263419656453458,12
-17.656657161052102,8.746863513937113,-46.20680117882898,12
-2.5352663604320798,2.1003671055759585,-28.144110277816583,12
-13.537749218671491,0.789255605633116,-38.92690437499775,12
13.430058833165745,27.15328128056618,-25.745270995762315,12
24.00015267173061,12.37421979732246,-31.413679522494242,12
-10.215862831494373,-1.4657610931189375,-29.35554134534326,12
36.64535065512512,26.98598621788552,-52.95928722271043,12
3.8610775888031768,20.848480584470238,-76.10684094676145,12
27.482573940304626,28.076331238848624,-61.27918713350779,12
36.83531831006848,0.3942111538929312,-28.15531250757726,12
25.657843212364245,2.0888594527216915,-80.95398364328483,12
39.836632377760296,-11.949236644107526,-58.53230921595547,12
42.1005503981709,5.23653786478166,-67.67779012489976,12
19.55262420265979,1.131821082896935,-86.33835199238402,12
34.900301777800045,4.230075338018097,-73.26984769403747,12
-2.8162216247681635,25.3014823529674,-68.91631673534376,12
-16.670671394992528,20.472719035395663,-49.29406360475098,12
-11.25760953792571,26.27868050272115,-67.1560855835061,12
15.999816022044223,3.521089391250186,-28.86666929097537,12
2.9835850686576175,3.113470108428195,-27.73681836270934,12
0.6549715402278273,43.69812965539846,-57.05940125584915,12
44.77749527548135,-9.680359127513613,-72.90819291719319,12
41.549042876327036,7.475605734910356,-53.00940224766147,12
18.360982650397325,33.463049050061656,-29.559431477662415,12
28.222987973974476,-14.952986041666994,-93.78809115846678,12
37.83532727500913,-14.48827680287364,-100.27256273657053,12
40.589458414621035,17.672995427636152,-43.972048282819344,12
44.98166232769937,-1.856800867717709,-62.576730800253465,12
28.503227577433154,-17.80278828724243,-72.33760733262079,12
27.077020936515506,-13.051865974227082,-46.301047111517924,12
20.073878145517295,-7.789032032336414,-34.361528730293955,12
27.91622726643354,-15.95486538161276,-59.39589816703125,12
6.791403914918284,22.00920808932648,-25.506676058351786,12
11.803477797123394,11.96801790649945,-29.886112240284465,12
-14.344299442925504,30.254598412856897,-52.539237642161396,12
-15.924659599087867,28.398830432204285,-58.60846103584431,12
18.442396375457328,28.29797645822313,-70.90324940186532,12
13.093722033812348,39.95745822365771,-63.25435680245844,12
37.61554809908786,-21.53430741229778,-82.7781940873865,12
36.018988237704285,-22.00619025881054,-91.64652538580346,12
44.4812926497258,-14.153514455019662,-87.4444793460909,12
-2.7270515937731235,19.560773474984938,-66.85138721826249,12
-11.90749756909449,15.80585954653818,-58.894379264985254,12
-8.924397435840213,19.62446537547287,-64.66264182394383,12
-14.388194267682477,18.27174894945791,-62.80832348773545,12
-11.167437945410104,7.197260562465249,-52.742722185851164,12
-1.8839841603040406,2.5954839882199097,-38.50063666801088,12
-7.843581143508095,1.8020361419450688,-45.953380652496534,12
9.535892184132035,-3.0905033635447308,-37.8777987992928,12
2.342345010709628,2.460935879678997,-39.59581901690667,12
-2.047894146944511,0.8453871373519376,-48.78351046719461,12
4.798523471050419,-0.36426866376011746,-51.856857376443514,12
-4.4412669770089055,7.917938574065871,-57.19276891105223,12
-0.23572080211648974,2.775569296615387,-59.70978423576098,12
-6.3464479538000775,12.790917498462704,-62.12121288118038,12
-0.5425657885851338,10.238502955057243,-64.53784333174686,12
20.86145050396551,-11.510262583115269,-80.04061525553585,12
18.092119135833215,-5.749582589970976,-87.74199619143985,12
22.499240877063478,-14.59577278248952,-76.90981408980444,12
24.12999105860067,-6.408344506844559,-83.82408131602142,12
22.64443180412533,-15.156564713818238,-71.37442631311913,12
14.825592086055702,-0.09532052586340115,-81.80988451117528,12
21.021046414488552,-12.304731690600383,-66.11895032919881,12
15.822926314729862,-11.80876987534424,-70.43400714224995,12
13.435393301471091,-8.993094487488968,-75.46762503750634,12
13.359886374859682,-5.992492495813322,-79.31135355391012,12
8.29787897154055,6.333283595701868,-78.26935456155837,12
7.317170328634899,-6.500967107029611,-71.23890216204043,12
9.607245958344386,-11.070693139074201,-64.51938738810436,12
16.51346343079922,-11.91590019702442,-53.17054759516974,12
7.036326807207514,-0.11912379819437728,-74.61836052817537,12
14.058266913259823,-5.14670127932482,-46.3113090058066,12
6.463630974209073,-7.28045420302621,-56.919522956158666,12
3.5580885157393283,-1.8066945770023342,-65.7803313592118,12
4.123563691161622,5.17365115699609,-69.23765227478552,12
3.7442435212032352,13.326086253896065,-70.113829103321,12
9.368640835949664,-23.497662128775847,-72.49939370260034,12
-26.00604149110339,-2.536252363064654,-54.16809558239766,12
-46.44517353936953,6.940565849528043,-77.90518125449873,12
-27.74879430373966,21.188121217274446,-73.79582561723235,12
-46.1504775119154,-2.16389632679922,-82.87428911814148,12
1.9112806665666742,-23.704735159654913,-51.52098255761812,12
-9.519155771532178,-21.011047238124803,-100.8785900824453,12
-20.903626633108495,22.792840601861133,-72.8000821345231,12
-12.423009873823712,-26.37507075891293,-59.6005198412355,12
-21.26632384568645,15.383817212080691,-62.74811034031728,12
-16.814041255671803,-13.958625616131396,-6.233261254341595,12
-1.3926016451596825,-11.1569454594138,-5.522813425493898,12
-5.301809578580346,-2.977858328273198,-10.129017395752465,12
-21.32764600654951,6.0903128662318045,-55.13083883388952,12
-34.047001642697346,-20.03150388851679,-29.171661857638803,12
-8.570776955130333,-21.691663317800415,-27.766204517614415,12
-45.05508565017599,-6.457246933404197,-66.61433005914792,12
7.146505826697543,-25.072560663008435,-82.98761051496686,12
-33.776044154891004,-7.082157247151563,-56.580595884867904,12
-18.688061416666116,-7.433449636738052,-9.762569709148627,12
-12.930937278879092,-2.7485576537430876,-11.662276297812694,12
-30.477410023285447,-15.319118924309924,-44.369036751565865,12
-23.617467313029504,-23.90785310196086,-35.133926525088086,12
-21.4853663299904,-11.341270623441066,-7.698279271582394,12
-9.774493254178177,-17.90624975538867,-3.702825324941472,12
-3.0735928569238307,-4.984561044602776,-8.215861905915116,12
-41.99973685925863,-6.785424979589322,-91.97068576630805,12
-2.34334808680344,-23.24271872980009,-38.99719475836854,12
-17.677105973099053,-26.915329253299436,-46.41059132823331,12
-37.05975212492521,-29.041738078802293,-70.02353152796552,12
4.7056809828733375,-21.630086009342254,-62.71739709763206,12
-4.672979024976224,-26.212869874066637,-69.32051192094322,12
-29.901046952423002,-13.723723505958374,-94.1308711067633,12
-4.548309020495717,-25.7731110038226,-89.29865413983818,12
-14.933964609794803,-32.573894720577975,-86.60071107634582,12
-17.756446789844095,-14.828713948500333,-99.82263277944485,12
-19.300970644221934,13.676004037783711,-59.02871779152973,12
0.15764079869697328,8.000358557363679,-89.27387714480555,12
9.053892116697487,-0.8386332947518069,-93.41910471381532,12
-5.798968799595429,12.97243660110559,-77.83803366170476,12
-15.156259251812344,19.84076414117658,-74.94081603264773,12
12.98553776723706,-11.866824873549767,-101.47600566318718,12
-28.548953591376765,-33.791877091095685,-78.06008140528935,12
-19.942067868925996,2.2992810940659907,-49.181663557763706,12
-16.975700373613467,-8.421169544602257,-40.39870693789373,12
18.18194616955588,-22.439414045178616,-74.10150193898784,12
-60.82759872816622,-15.273965520552606,-81.53738929308732,12
11.920293322354643,-21.21113646932082,-47.989456271518144,12
-48.78764988806281,-1.1703613600517084,-72.55605313096869,12
20.83926961000827,-22.376865884556246,-93.27703522598922,12
18.16874454936803,-24.121319225175135,-81.8295924349994,12
-50.5118641048729,-18.518317244963338,-87.13531549746378,12
10.733086007367184,-14.376689797847572,-35.99707970784354,12
-22.785312798221792,-23.543108504734157,-100.88434539857481,12
15.784031155707227,-20.260540733687577,-60.98976260796196,12
-9.039010770565703,-19.031121116020667,-100.4713695023479,12
-9.772316152982256,-9.853728772738553,-31.97988513715143,12
-36.41432366791896,-19.473463621733178,-91.6660223480899,12
22.932047876296924,-20.509290647738066,-105.75652842849836,12
-3.688798832101203,-3.4986551717524836,-20.022655238302377,12
8.875619237666102,-10.645586428629757,-20.53254610952934,12
-23.384825026749006,20.891359849682182,-68.21897856347809,12
-21.455113430984163,20.609241838027106,-66.63219803975407,12
-16.166515614283327,13.26515288104956,-71.6917120971413,12
-17.781028697593623,8.87008087800488,-63.292305021168005,12
-13.159306160317174,11.40971762891241,-75.9589911156636,12
-18.625876034044218,13.389026153756305,-68.25032027140375,12
-15.805104193095694,-0.22973572966389613,-55.22657524134521,12
-14.998582578995014,-10.05811148108963,-46.624203107201645,12
-11.435690074000442,-12.627822363757618,-37.16184055411709,12
-7.971257807543983,-14.247454300374981,-34.22015681344003,12
-0.6761580742123429,-14.850816370381198,-38.03243861714838,12
-9.34366241237458,-8.710983864629434,-50.749775064316935,12
-5.503610507017242,-11.504062130997934,-52.60532175576588,12
-12.945847911172114,-0.051987042868120795,-59.63508646521504,12
-8.924118630692563,-3.7318215886151354,-64.21206460215623,12
-13.742139900188612,5.075368746768804,-66.43451459205492,12
-9.834474050810154,3.051452043232118,-70.18072437207863,12
16.19569309126275,-7.091303616039147,-89.66823242185886,12
13.945325709420336,-21.710886947663226,-73.13887971269389,12
14.353872611366961,-14.91193771391893,-84.55786828572269,12
13.46578904193989,-20.25635157570705,-78.70399414636218,12
14.405912272579526,-12.896521809100898,-90.01150661297481,12
7.103738462008665,-5.046364474626393,-88.71699135842164,12
10.673120696508311,-19.6771588609073,-66.98613955224786,12
3.2635402040486396,-11.33520891964539,-87.13901606884446,12
4.906171853607826,-14.901496192347999,-79.97986086109846,12
7.33780813018823,-18.390665101430304,-73.16690179591087,12
-0.2949396468207045,0.17972648397125332,-85.27640223978351,12
-2.2194652994245203,-13.632280428774685,-74.63221378024132,12
1.380843700203965,-19.420960119141114,-66.12957946011855,12
8.06732576098508,-21.435203207552863,-54.972768822165754,12
-1.5004475479998278,-8.270664568587154,-80.68778038782209,12
4.547222629837354,-18.66113728129959,-46.71700510713145,12
-1.9677823754251758,-15.479407628631586,-58.37072449180282,12
-5.015632027577151,-7.821376803024582,-68.20041032131066,12
-5.872167142478248,-1.694582412531952,-75.68642189543321,12
-6.4912624065348545,6.7195127967878445,-79.17914254151486,12
-26.08282110460844,-15.912167219765346,-28.161650926298247,12
-9.163330055642682,-18.57931811095169,-17.215126428558857,12
3.349642999859834,-12.511259389740058,-13.506455493449234,12
-7.107090476024513,-8.205200559901142,-20.976415337279192,12
-23.96248495201206,-17.56817389930494,-21.196994262850517,12
-1.4382864229798134,-6.715451888025175,-15.968940995790666,12
-20.37728827809079,-34.26945168279179,-67.97073229659794,12
-11.410939246818682,-29.297056832477008,-77.23476544683659,12
-30.323467049184934,-27.25248572273389,-58.861643884881175,12
-2.157771671470712,-26.49868100223256,-82.79799558647721,12
-33.817070133847785,-19.712193409558473,-47.0808642880839,12
-46.59220099688353,-22.516789211354954,-63.1255258320563,12
-57.53474448987681,-9.998208662679724,-74.75808816394581,12
-50.11010221773023,3.1892646277293504,-80.18630792337753,12
-28.0633593120911,9.025826101090047,-80.79439366361592,12
-9.20456696487295,-2.232048648994127,-90.87263356617291,12
-19.04732871195,2.171147317788304,-79.94482732649007,12
-4.300601211364076,-11.917008345314132,-94.31114741015456,12
-39.49715377332959,18.055773536176407,-79.4674920267989,12
1.539908707176299,-13.463692933482042,-111.4782045999965,12
3.556346347732223,-26.33784489990708,-109.65874533583123,12
8.727312028198511,-25.923234365818537,-95.00492652960996,12
-36.589612852040695,13.66934823956823,-80.7321077615105,12
-46.98818302933803,-18.375025965173556,-57.42310353516285,12
0.28326738925725875,-25.95114481313016,-75.642503021007,12
-14.572090329897335,-14.51356960216499,-27.583428644877156,12
28.42765705799751,23.819996898021337,-89.02920151935105,12
43.439459685746584,-7.388924788975992,-37.96150916164019,12
53.420972978758435,19.98585376168479,-62.36600897951983,12
13.297798594488409,18.551375145635298,-89.25653793189386,12
42.37245724706431,28.648415980406252,-73.5683290851226,12
46.19643348676307,35.96082868356988,-47.529498067088085,12
7.061881833828757,26.7456398060614,-85.37492089411784,12
36.3155036069602,41.46628906825469,-68.27997419148117,12
44.42626444353471,-0.2094127061018746,-23.91319283742359,12
28.671985671831145,8.122355737766522,-89.75274093113384,12
47.434682207781066,-14.167316585878119,-50.420759746139765,12
53.534625565508435,11.021681304287657,-65.66233049947219,12
19.540164976969315,4.575534748761558,-91.01424628672444,12
43.41305181184224,15.585144959628442,-79.81759227331828,12
53.137379856596446,9.712613559434434,-48.477036409071026,12
49.142934482476036,20.02620452593842,-35.25617798958424,12
56.58302836540183,-1.4040409176764903,-59.078079399318625,12
21.544336667209198,35.68988774374889,-78.25323984591711,12
34.010736613295016,-1.2822708059573475,-95.71993596790497,12
49.34056351586928,-21.74720249493854,-68.71197836189778,12
54.25374610806669,1.382101401507535,-74.37730241355948,12
22.71690454462252,-4.87598044026009,-95.23261414806883,12
45.30544061187845,0.7563534201901333,-91.7213647751797,12
54.68639493329805,-10.252042404333203,-73.43128084497721,12
29.115885505275752,-19.048298248845143,-104.29158774427793,12
41.29836721484777,-16.68186968658108,-104.3990395004498,12
44.053999723792536,-24.415515675722435,-82.93264797828289,12
40.98966308225023,-25.76506964354773,-98.04423637724048,12
51.440662149625105,-14.29411932472173,-91.62402528453941,12
35.881199217218004,-25.4863883905803,-69.35778988274276,12
34.64019746588914,-17.473203788421166,-37.77369539730212,12
25.49777831441559,-9.655126133155918,-22.602306699687148,12
35.094009929310886,-25.421387336891524,-52.13223838161232,12
10.105404037564423,-25.56519079909408,-72.59470930860032,12
3.857156993912346,-25.776697481392244,-50.403225245857016,12
-10.538164442189997,-21.264363458359277,-101.19731474668126,12
-14.289105834111869,-30.27042606357182,-59.37879169742174,12
6.7747903434834,-27.794751863648234,-83.30512317218901,12
-46.04178278086593,-6.829554103322402,-95.40527348889977,12
-3.313902827406522,-27.321149152502336,-36.14151208259651,12
-19.716051640434625,-30.5294975705458,-45.30480983442493,12
-40.29016637226955,-33.18039000410731,-70.4107755702837,12
5.393076464004882,-24.038661763065736,-60.814254920295376,12
-6.3385388110627465,-29.317641761942692,-69.09435948941898,12
-33.21695085319289,-13.450394988877644,-96.54920533191094,12
-7.228813246433966,-29.845151650364574,-90.60287759148453,12
-17.364706065863707,-36.53557051354632,-87.60352558759777,12
-20.020774156920467,-14.101975278025126,-102.44594119137578,12
-1.1414777142209327,11.020924796744254,-91.33298397900249,12
5.417236018224714,0.9014024188305185,-98.49324825468089,12
-7.372151907551668,12.798011351091661,-78.64752683298607,12
11.62648836970243,-11.525194864218252,-104.87307311579734,12
-31.362303371563485,-37.48175522168901,-78.97033326046214,12
11.867767773743838,-22.788668109264727,-46.51457616727048,12
-54.43807231348012,-19.219382877816543,-89.47174679994716,12
11.86724177940681,-16.517999497783567,-34.24207746211073,12
-26.348314185056516,-24.4182447144063,-103.07617603318336,12
15.804961471849847,-22.851062400786788,-59.33658824211751,12
-12.108935959407132,-21.050322310285093,-103.76924874366068,12
-39.9559572808803,-20.036204569727083,-93.75726248786096,12
18.329353446456686,-25.908445186319305,-94.92136111193986,12
21.34871093433453,-25.499514078531764,-115.05436437875856,12
-26.262122845919112,-2.0522670584254477,-52.86963285371778,12
-7.851293062295057,19.04359571019591,-26.033435108680628,12
1.982207297121001,20.079992864620934,-21.241246293043346,12
-15.958148118655783,23.862338926324416,-43.09854274965729,12
-21.28378043131796,16.845702163041043,-60.95089244035582,12
-7.49232698522103,17.391928209139138,-25.80535825333519,12
4.501667919473687,11.948648073968402,-17.1192020434184,12
-5.209437273712142,-1.462554478949727,-10.606645025670886,12
-21.05444857957079,6.244786587827878,-53.03662055909713,12
-14.955844284536784,20.070758119850563,-32.0739361675311,12
-4.976147034809093,18.33091207420781,-19.974003762044084,12
4.404106987290452,11.302427774832456,-14.265993850323024,12
0.564228275358966,0.7620955224001993,-16.988835439671632,12
-13.524396042546417,6.3361325729485465,-29.867912057172322,12
-17.804099760071352,8.518057552517801,-44.256520413792934,12
-1.7033850354048783,1.340502954835551,-26.32609792598845,12
-12.686282226110377,-2.3167373095663053,-35.66001064408052,12
-34.2256593890455,-6.469276422192713,-54.974427384273966,12
-19.975648206352933,-6.8399071771080395,-11.217051597675308,12
-12.786990740521496,-1.6742508144530102,-11.691528961506517,12
-32.08807453968975,-14.711553615544998,-43.68213369191633,12
-1.5595077060591989,-4.994982700568948,-9.03612147526311,12
-12.040577620926337,-4.400950526272067,-30.014682739078218,12
-17.48346727821656,20.029824109832237,-46.03404303635068,12
-19.309692841085948,15.943573865479717,-57.840219294212176,12
-19.66355240171507,3.840071472311193,-47.22655128887765,12
-15.832428457242674,-7.417077241103015,-37.72129220558483,12
5.514402403738143,3.6792990118330886,-21.52542491071119,12
-9.873912421024349,-8.56433948740893,-29.394943364136765,12
-1.6909912766360835,-2.6790730590255603,-17.21969270944578,12
9.233763483546891,20.41736525774718,-21.679281033664477,12
12.312847584059197,11.72964754296192,-22.285427332512,12
-17.598799662496788,29.779956143392518,-52.444353390183394,12
-23.175809771449558,23.483906790384175,-67.41189485563079,12
-19.976694870994095,28.955924246750563,-62.372859578523595,12
-21.96953207171016,23.696054380133386,-66.56174207213087,12
-27.94253091771381,23.683472405355484,-74.15627171507433,12
-15.535618607392257,38.619413523197565,-58.91493272623059,12
-21.664443419045373,24.81298036679871,-74.23846023343685,12
-15.306555155732774,32.426223748839384,-70.6467328202728,12
0.9001259456947234,-11.615278579473605,-6.479978775990795,12
16.813023297972386,25.685001895627018,-19.36831166517118,12
31.962503349221066,13.471099309441556,-22.397914026055982,12
21.091266748512012,0.24065249496943408,-20.780670729655796,12
11.429667734874831,-10.536815251635186,-17.336326258819323,12
-6.62188859497951,41.49185771219986,-60.28425010053756,12
16.625195653852426,52.90436680008539,-49.60170823237916,12
21.304431040581306,50.11211069659566,-39.90648571321533,12
39.382845267227445,29.899188021126754,-28.472083851173856,12
35.65757629384596,45.055466357060226,-42.07801614907251,12
28.2850676346176,50.55356303696331,-57.442049545360405,12
-4.357592526777617,36.3932793939662,-76.99436728379037,12
1.2377051063922746,49.99369490353203,-60.59326945796336,12
24.983502884910653,38.26052657315611,-25.155772617619917,12
12.94567193652662,47.78613629244235,-69.17959244754145,12
-49.483144457457094,7.695719888922467,-79.46814572357303,12
-49.068860789998745,-1.5372451699578724,-85.13858721968687,12
-49.54576105969526,-18.510842282791735,-56.078027128517576,12
-46.580447943727656,-6.161901376668855,-64.96478172870235,12
-16.68279026195891,21.548235633996104,-76.72444841700849,12
-65.61803151095974,-16.461106608279042,-83.58725676622862,12
-51.1693095848427,-1.1594988448088626,-72.51666034827002,12
-17.04884864760723,-15.572553253837052,-5.2447663364862045,12
-8.81663416103835,-25.375493950247336,-26.272965248369726,12
-25.532658707886057,-27.595693182077692,-34.754235728485945,12
-24.239843752015894,-11.615237198369538,-7.779655052148153,12
-9.287541948808574,-19.705243206904303,-3.0483324772709737,12
-27.17353414170411,-15.256892441455925,-28.552282271103667,12
-7.685087739327133,-7.673952331428849,-22.494933025696128,12
-14.824780408931565,-12.538099218975244,-27.70447096121421,12
-1.1572938312293684,-5.261335058978373,-15.048462921936059,12
-9.578213513369679,-22.088656952898443,-15.509458240803122,12
6.321330831974365,-12.639882021404695,-12.677355046277837,12
-25.226103540019718,-18.69015783883311,-20.393209711706742,12
-37.01967926516928,-21.12894885232586,-29.41021595292783,12
-54.04814377700154,3.978325340596761,-82.05289297202144,12
-60.28354563621288,-9.867197393696232,-74.59849052991208,12
-50.99761429873582,-26.777304310064213,-63.35400567733781,12
-35.787811345417545,-22.37980385441848,-46.53565831157844,12
-32.14138996853248,-30.83809833029423,-58.59915252338297,12
-22.05266700799556,-38.2615378703582,-68.47959825455023,12
-12.680135039772908,-32.338222404284096,-77.31680164278626,12
19.76717929887361,-25.83018767521515,-83.76997393541674,12
-4.107515036593794,-29.543349019646424,-83.72688811890369,12
30.143046971427644,-29.72482311145961,-82.22276558690317,12
31.740832854975853,-22.132846913433543,-96.21983275857939,12
19.166380652526417,-24.297361639093907,-70.56380761678639,12
-20.314072778566327,5.187718763956354,-83.40259788705991,12
-30.833541900887916,11.863346517971912,-84.80908954484539,12
-10.45747574910521,-0.7203102101784061,-93.84915347193677,12
-5.9884904829843855,-11.50880437828042,-94.38464665450886,12
0.7880997673763279,-13.061341784222941,-114.88628125317031,12
6.993375373323768,-28.598169179318486,-97.13217513523449,12
0.6534788120870089,-27.64465502108148,-111.75984896945694,12
-40.80436551273992,19.59743750463847,-81.06162089122515,12
-37.67918852068706,15.97394540635758,-82.69282643582179,12
-0.9727085608221535,-29.70021634176148,-75.85257402430787,12
